0 0.221264 0 0 -0 -0 0 0 0 0 0 0 0 
0.1 0.221264 0 -0.000540876 0 3.54486e-05 -0 0 0 -0.0105572 0 -0.000658431 0 
0.2 0.221264 0 -0.00199931 0 0.000125504 -0 0 0 -0.0178951 0 -0.00112803 0 
0.3 0.221264 0 -0.00395147 0 0.000261104 -0 0 0 -0.020316 0 -0.00132503 0 
0.4 0.221264 0 -0.00589461 0 0.00039248 -0 0 0 -0.0178775 0 -0.00122971 0 
0.5 0.221264 0 -0.00740041 0 0.000496668 -0 0 0 -0.0118873 0 -0.000856623 0 
0.6 0.221264 0 -0.00821605 0 0.000549657 -0 0 0 -0.00437969 0 -0.000323795 0 
0.7 0.221264 0 -0.00829898 0 0.000549685 -0 0 0 0.00247966 0 0.00018431 0 
0.8 0.221264 0 -0.00779872 0 0.000508452 -0 0 0 0.00710566 0 0.000525269 0 
0.9 0.221264 0 -0.00698403 0 0.0004526 -0 0 0 0.00881991 0 0.000584683 0 
1 0.221264 0 -0.00613644 0 0.00040556 -0 0 0 0.00786515 0 0.000326405 0 
1.1 0.221264 0 -0.00547917 0 0.000400283 -0 0 0 0.00514457 0 -0.000176182 0 
1.2 0.221264 0 -0.00515061 0 0.000448305 -0 0 0 0.00149651 0 -0.000830517 0 
1.3 0.221264 0 -0.00516381 0 0.000575773 -0 0 0 -0.00160901 0 -0.00158943 0 
1.4 0.221264 0 -0.00542986 0 0.000782155 -0 0 0 -0.0034797 0 -0.0022587 0 
1.5 0.221264 0 -0.00580767 0 0.00101578 -0 0 0 -0.00383736 0 -0.00266506 0 
1.6 0.221264 0 -0.00615137 0 0.00130123 -0 0 0 -0.00285761 0 -0.00266109 0 
1.7 0.221264 0 -0.00635205 0 0.00153172 -0 0 0 -0.00109577 0 -0.00225501 0 
1.8 0.221264 0 -0.00637102 0 0.00173203 -0 0 0 0.000663866 0 -0.00158164 0 
1.9 0.221264 0 -0.00623849 0 0.00184162 -0 0 0 0.00189124 0 -0.000726138 0 
2 0.221264 0 -0.00601479 0 0.00186441 -0 0 0 0.00250118 0 0.000236938 0 
2.1 0.221264 0 -0.00575812 0 0.00178439 -0 0 0 0.00259038 0 0.00119696 0 
2.2 0.221264 0 -0.00550814 0 0.00159724 -0 0 0 0.00236115 0 0.00193013 0 
2.3 0.221264 0 -0.0052955 0 0.00139974 -0 0 0 0.00184853 0 0.00234829 0 
2.4 0.221264 0 -0.00514728 0 0.00116426 -0 0 0 0.0010802 0 0.0023995 0 
2.5 0.221264 0 -0.00508399 0 0.000929216 -0 0 0 0.00018531 0 0.00212624 0 
2.6 0.221264 0 -0.00510482 0 0.000755768 -0 0 0 -0.000551282 0 0.00164212 0 
2.7 0.221264 0 -0.00517986 0 0.000618414 -0 0 0 -0.000871094 0 0.00106908 0 
2.8 0.221264 0 -0.00526255 0 0.000538095 -0 0 0 -0.000721159 0 0.000502275 0 
2.9 0.221264 0 -0.00531366 0 0.000518372 -0 0 0 -0.000269932 0 1.07118e-05 0 
3 0.221264 0 -0.00531455 0 0.00053606 -0 0 0 0.000237762 0 -0.000336786 0 
3.1 0.221264 0 -0.00526907 0 0.000577713 -0 0 0 0.000584659 0 -0.000456083 0 
3.2 0.221264 0 -0.005213 0 0.000621692 -0 0 0 0.000461369 0 -0.000410228 0 
3.3 0.221264 0 -0.00518887 0 0.000655974 -0 0 0 -1.22504e-05 0 -0.000265576 0 
3.4 0.221264 0 -0.00521624 0 0.000676303 -0 0 0 -0.000513444 0 -0.000168806 0 
3.5 0.221264 0 -0.00528378 0 0.000694925 -0 0 0 -0.000797832 0 -0.000193382 0 
3.6 0.221264 0 -0.00536838 0 0.000718928 -0 0 0 -0.000871848 0 -0.000274798 0 
3.7 0.221264 0 -0.00545541 0 0.000750996 -0 0 0 -0.000863157 0 -0.000304543 0 
3.8 0.221264 0 -0.00553947 0 0.000776886 -0 0 0 -0.000805868 0 -0.000267553 0 
3.9 0.221264 0 -0.00561202 0 0.000803052 -0 0 0 -0.000618217 0 -0.000260674 0 
4 0.221264 0 -0.0056577 0 0.000830831 -0 0 0 -0.000280497 0 -0.000360042 0 
4.1 0.221264 0 -0.00566833 0 0.000875708 -0 0 0 4.1024e-05 0 -0.000511461 0 
4.2 0.221264 0 -0.00565576 0 0.000935632 -0 0 0 0.000172042 0 -0.000640378 0 
4.3 0.221264 0 -0.00564178 0 0.00100257 -0 0 0 7.8808e-05 0 -0.000627873 0 
4.4 0.221264 0 -0.00564309 0 0.00106076 -0 0 0 -0.000105373 0 -0.00051003 0 
4.5 0.221264 0 -0.00566063 0 0.00110012 -0 0 0 -0.000230359 0 -0.000353546 0 
4.6 0.221264 0 -0.005685 0 0.00112373 -0 0 0 -0.000240077 0 -0.000180661 0 
4.7 0.221264 0 -0.00570469 0 0.00113216 -0 0 0 -0.00013821 0 -8.83649e-06 0 
4.8 0.221264 0 -0.0057088 0 0.00112657 -0 0 0 7.05923e-05 0 0.000103831 0 
4.9 0.221264 0 -0.00568828 0 0.00111407 -0 0 0 0.000342039 0 0.000118258 0 
5 0.221264 0 -0.00564205 0 0.00110475 -0 0 0 0.000565064 0 7.1368e-05 0 
5.1 0.221264 0 -0.00558121 0 0.00110017 -0 0 0 0.000621598 0 4.13542e-05 0 
5.2 0.221264 0 -0.0055231 0 0.00109124 -0 0 0 0.000491469 0 0.000121894 0 
5.3 0.221264 0 -0.00548799 0 0.00107231 -0 0 0 0.000196214 0 0.000239713 0 
5.4 0.221264 0 -0.00548514 0 0.00103825 -0 0 0 -0.000135651 0 0.000388312 0 
5.5 0.221264 0 -0.00551258 0 0.000988301 -0 0 0 -0.000395339 0 0.00052864 0 
5.6 0.221264 0 -0.00555868 0 0.000937614 -0 0 0 -0.000499119 0 0.00061953 0 
5.7 0.221264 0 -0.0056054 0 0.000872469 -0 0 0 -0.000406349 0 0.000624172 0 
5.8 0.221264 0 -0.00563356 0 0.000806263 -0 0 0 -0.00013881 0 0.000523683 0 
5.9 0.221264 0 -0.00562964 0 0.000769395 -0 0 0 0.000219014 0 0.000329464 0 
6 0.221264 0 -0.00559058 0 0.000752303 -0 0 0 0.000548708 0 8.79797e-05 0 
6.1 0.221264 0 -0.00552494 0 0.000756043 -0 0 0 0.000738268 0 -0.000134942 0 
6.2 0.221264 0 -0.00544788 0 0.000776506 -0 0 0 0.000755896 0 -0.000264137 0 
6.3 0.221264 0 -0.00538065 0 0.000807428 -0 0 0 0.000558941 0 -0.000336327 0 
6.4 0.221264 0 -0.00534167 0 0.000848921 -0 0 0 0.000205988 0 -0.000307763 0 
6.5 0.221264 0 -0.00534146 0 0.000866509 -0 0 0 -0.000198471 0 -0.000205195 0 
6.6 0.221264 0 -0.00537876 0 0.000879204 -0 0 0 -0.000532087 0 -8.54527e-05 0 
6.7 0.221264 0 -0.00544145 0 0.000882958 -0 0 0 -0.000701532 0 -4.89329e-06 0 
6.8 0.221264 0 -0.0055118 0 0.000882333 -0 0 0 -0.000688738 0 1.15406e-05 0 
6.9 0.221264 0 -0.0055738 0 0.000883713 -0 0 0 -0.000537552 0 -3.04383e-05 0 
7 0.221264 0 -0.00561693 0 0.000891456 -0 0 0 -0.000321607 0 -0.00010851 0 
7.1 0.221264 0 -0.00563822 0 0.000905122 -0 0 0 -0.000108318 0 -0.000195864 0 
7.2 0.221264 0 -0.00563866 0 0.000928582 -0 0 0 6.55844e-05 0 -0.000251665 0 
7.3 0.221264 0 -0.00562751 0 0.000958538 -0 0 0 0.000147194 0 -0.000301658 0 
7.4 0.221264 0 -0.00561124 0 0.000985943 -0 0 0 0.000171314 0 -0.000297866 0 
7.5 0.221264 0 -0.00559437 0 0.00101325 -0 0 0 0.000163766 0 -0.000237294 0 
7.6 0.221264 0 -0.0055787 0 0.00103146 -0 0 0 0.000150309 0 -0.000127795 0 
7.7 0.221264 0 -0.00556379 0 0.00103592 -0 0 0 0.000150501 0 1.3238e-05 0 
7.8 0.221264 0 -0.00554757 0 0.00102442 -0 0 0 0.000177804 0 0.000157967 0 
7.9 0.221264 0 -0.00552702 0 0.00100163 -0 0 0 0.000236609 0 0.000272674 0 
8 0.221264 0 -0.00549945 0 0.000972435 -0 0 0 0.000316057 0 0.000329343 0 
8.1 0.221264 0 -0.00546393 0 0.000942355 -0 0 0 0.000390947 0 0.00031657 0 
8.2 0.221264 0 -0.00542066 0 0.00090887 -0 0 0 0.000447668 0 0.000276089 0 
8.3 0.221264 0 -0.0053771 0 0.000885917 -0 0 0 0.000411306 0 0.000165197 0 
8.4 0.221264 0 -0.00534136 0 0.000877918 -0 0 0 0.000292619 0 4.13286e-05 0 
8.5 0.221264 0 -0.00532081 0 0.000880599 -0 0 0 0.000111899 0 -7.13554e-05 0 
8.6 0.221264 0 -0.00531993 0 0.000893432 -0 0 0 -9.49252e-05 0 -0.000156362 0 
8.7 0.221264 0 -0.00533944 0 0.00091261 -0 0 0 -0.000291679 0 -0.000201713 0 
8.8 0.221264 0 -0.00537692 0 0.000931805 -0 0 0 -0.000451155 0 -0.000198939 0 
8.9 0.221264 0 -0.00542763 0 0.000948344 -0 0 0 -0.000557041 0 -0.000146867 0 
9 0.221264 0 -0.00548596 0 0.000958331 -0 0 0 -0.000600572 0 -5.4897e-05 0 
9.1 0.221264 0 -0.00554514 0 0.000957964 -0 0 0 -0.000577107 0 5.53467e-05 0 
9.2 0.221264 0 -0.00559639 0 0.000941578 -0 0 0 -0.000467347 0 0.000180183 0 
9.3 0.221264 0 -0.00563693 0 0.000915624 -0 0 0 -0.000337228 0 0.000239378 0 
9.4 0.221264 0 -0.00566267 0 0.000892674 -0 0 0 -0.000175602 0 0.000247663 0 
9.5 0.221264 0 -0.0056717 0 0.000874284 -0 0 0 -6.00217e-06 0 0.000203923 0 
9.6 0.221264 0 -0.00566455 0 0.000858834 -0 0 0 0.000145938 0 0.000118852 0 
9.7 0.221264 0 -0.00564414 0 0.000852927 -0 0 0 0.000258852 0 1.1585e-05 0 
9.8 0.221264 0 -0.00561486 0 0.000861538 -0 0 0 0.000322566 0 -9.7039e-05 0 
9.9 0.221264 0 -0.0055818 0 0.000874288 -0 0 0 0.000335967 0 -0.000187208 0 
10 0.221264 0 -0.00554949 0 0.000900591 -0 0 0 0.000308336 0 -0.000244327 0 
10.1 0.221264 0 -0.00552125 0 0.000918779 -0 0 0 0.000255577 0 -0.00026044 0 
10.2 0.221264 0 -0.00549738 0 0.000945042 -0 0 0 0.000210965 0 -0.000208089 0 
10.3 0.221264 0 -0.00547881 0 0.000961886 -0 0 0 0.000161006 0 -0.000162138 0 
10.4 0.221264 0 -0.00546445 0 0.000972928 -0 0 0 0.000128504 0 -9.65839e-05 0 
10.5 0.221264 0 -0.00545219 0 0.000978723 -0 0 0 0.000119276 0 -2.30708e-05 0 
10.6 0.221264 0 -0.00543974 0 0.000976392 -0 0 0 0.000131798 0 4.60131e-05 0 
10.7 0.221264 0 -0.00542528 0 0.000969245 -0 0 0 0.000158019 0 0.000100224 0 
10.8 0.221264 0 -0.00540805 0 0.000956213 -0 0 0 0.000185919 0 0.000132788 0 
10.9 0.221264 0 -0.00538856 0 0.00094303 -0 0 0 0.000201773 0 0.000141839 0 
11 0.221264 0 -0.0053686 0 0.000929544 -0 0 0 0.000193228 0 0.000130544 0 
11.1 0.221264 0 -0.00535113 0 0.000918592 -0 0 0 0.000153603 0 0.00010558 0 
11.2 0.221264 0 -0.00533767 0 0.000905622 -0 0 0 9.79321e-05 0 9.83995e-05 0 
11.3 0.221264 0 -0.00533308 0 0.000899096 -0 0 0 -6.95555e-06 0 6.07718e-05 0 
11.4 0.221264 0 -0.00533992 0 0.00089427 -0 0 0 -0.000129493 0 2.97609e-05 0 
11.5 0.221264 0 -0.00535932 0 0.000892584 -0 0 0 -0.000256946 0 1.08115e-05 0 
11.6 0.221264 0 -0.00539071 0 0.000891936 -0 0 0 -0.000367593 0 4.95711e-06 0 
11.7 0.221264 0 -0.00543147 0 0.000891215 -0 0 0 -0.000445512 0 9.13365e-06 0 
11.8 0.221264 0 -0.00547786 0 0.000889091 -0 0 0 -0.000480119 0 1.78054e-05 0 
11.9 0.221264 0 -0.00552528 0 0.000887178 -0 0 0 -0.000467041 0 2.39484e-05 0 
12 0.221264 0 -0.00556917 0 0.000885339 -0 0 0 -0.000408069 0 2.13979e-05 0 
12.1 0.221264 0 -0.00560525 0 0.000884078 -0 0 0 -0.000310726 0 5.84257e-06 0 
12.2 0.221264 0 -0.00562741 0 0.000882321 -0 0 0 -0.000161966 0 2.39734e-07 0 
12.3 0.221264 0 -0.00563702 0 0.000886488 -0 0 0 -3.1742e-05 0 -5.06429e-05 0 
12.4 0.221264 0 -0.00563393 0 0.000893797 -0 0 0 9.22349e-05 0 -0.000109038 0 
12.5 0.221264 0 -0.00561922 0 0.000911442 -0 0 0 0.000200474 0 -0.00016479 0 
12.6 0.221264 0 -0.00559481 0 0.000926975 -0 0 0 0.000285984 0 -0.000208101 0 
12.7 0.221264 0 -0.00556318 0 0.000953662 -0 0 0 0.00034453 0 -0.000230805 0 
12.8 0.221264 0 -0.0055272 0 0.00097193 -0 0 0 0.000373122 0 -0.000227771 0 
12.9 0.221264 0 -0.0054899 0 0.000993306 -0 0 0 0.000370636 0 -0.000197888 0 
13 0.221264 0 -0.00545437 0 0.00101102 -0 0 0 0.000337841 0 -0.000143766 0 
13.1 0.221264 0 -0.00542356 0 0.00101961 -0 0 0 0.000276715 0 -7.11885e-05 0 
13.2 0.221264 0 -0.00539886 0 0.00101966 -0 0 0 0.000203577 0 3.56461e-05 0 
13.3 0.221264 0 -0.00538363 0 0.00101017 -0 0 0 9.88236e-05 0 0.000100464 0 
13.4 0.221264 0 -0.00537933 0 0.000997337 -0 0 0 -1.88476e-05 0 0.000157604 0 
13.5 0.221264 0 -0.00538759 0 0.000979727 -0 0 0 -0.00014799 0 0.000216875 0 
13.6 0.221264 0 -0.00540813 0 0.000954822 -0 0 0 -0.000254045 0 0.000245175 0 
13.7 0.221264 0 -0.00543767 0 0.000932628 -0 0 0 -0.000330466 0 0.000240822 0 
13.8 0.221264 0 -0.00547366 0 0.000907684 -0 0 0 -0.000387089 0 0.000221917 0 
13.9 0.221264 0 -0.00551456 0 0.000888743 -0 0 0 -0.000428473 0 0.000199905 0 
14 0.221264 0 -0.00555877 0 0.00086839 -0 0 0 -0.000452448 0 0.000178182 0 
14.1 0.221264 0 -0.005604 0 0.000853526 -0 0 0 -0.000447962 0 0.000150377 0 
14.2 0.221264 0 -0.00564387 0 0.000836829 -0 0 0 -0.000379332 0 0.000135556 0 
14.3 0.221264 0 -0.00567845 0 0.000827432 -0 0 0 -0.000311792 0 7.5076e-05 0 
14.4 0.221264 0 -0.0057053 0 0.000823789 -0 0 0 -0.000223936 0 1.36719e-06 0 
14.5 0.221264 0 -0.00572273 0 0.00082886 -0 0 0 -0.00012492 0 -7.68055e-05 0 
14.6 0.221264 0 -0.00573011 0 0.000844196 -0 0 0 -2.31847e-05 0 -0.00015146 0 
14.7 0.221264 0 -0.00572765 0 0.000862709 -0 0 0 7.13159e-05 0 -0.000212541 0 
14.8 0.221264 0 -0.00571635 0 0.000882426 -0 0 0 0.000153111 0 -0.00025376 0 
14.9 0.221264 0 -0.00569763 0 0.000912743 -0 0 0 0.000219092 0 -0.000272114 0 
15 0.221264 0 -0.00567313 0 0.000936939 -0 0 0 0.000268946 0 -0.0002678 0 
15.1 0.221264 0 -0.00564444 0 0.000959997 -0 0 0 0.000302553 0 -0.000242862 0 
15.2 0.221264 0 -0.00561176 0 0.000979958 -0 0 0 0.00033277 0 -0.000174204 0 
15.3 0.221264 0 -0.00557835 0 0.000994915 -0 0 0 0.000333098 0 -0.00013453 0 
15.4 0.221264 0 -0.00554571 0 0.00100625 -0 0 0 0.000318166 0 -9.16483e-05 0 
15.5 0.221264 0 -0.00551526 0 0.00101304 -0 0 0 0.000289799 0 -4.69023e-05 0 
15.6 0.221264 0 -0.00548819 0 0.00101515 -0 0 0 0.000250737 0 -2.34893e-06 0 
15.7 0.221264 0 -0.00546546 0 0.00101244 -0 0 0 0.000203273 0 4.06512e-05 0 
15.8 0.221264 0 -0.00544774 0 0.00100667 -0 0 0 0.000150457 0 8.03595e-05 0 
15.9 0.221264 0 -0.0054355 0 0.000996661 -0 0 0 9.39791e-05 0 0.000115155 0 
16 0.221264 0 -0.00542897 0 0.000983935 -0 0 0 3.65447e-05 0 0.000143977 0 
16.1 0.221264 0 -0.00542818 0 0.000968897 -0 0 0 -2.04307e-05 0 0.000165733 0 
16.2 0.221264 0 -0.00543106 0 0.00094708 -0 0 0 -5.6182e-05 0 0.000201547 0 
16.3 0.221264 0 -0.00543955 0 0.000928253 -0 0 0 -0.000113295 0 0.000196533 0 
16.4 0.221264 0 -0.00545358 0 0.000906093 -0 0 0 -0.000165869 0 0.000180943 0 
16.5 0.221264 0 -0.0054726 0 0.000892108 -0 0 0 -0.000212025 0 0.000160282 0 
16.6 0.221264 0 -0.00549559 0 0.000876423 -0 0 0 -0.000246101 0 0.000132777 0 
16.7 0.221264 0 -0.0055213 0 0.000865877 -0 0 0 -0.000269082 0 0.000103412 0 
16.8 0.221264 0 -0.00554868 0 0.000856208 -0 0 0 -0.000270124 0 6.27755e-05 0 
16.9 0.221264 0 -0.0055735 0 0.000855852 -0 0 0 -0.000239416 0 -6.88212e-06 0 
17 0.221264 0 -0.0055991 0 0.00085604 -0 0 0 -0.000266679 0 7.02539e-07 0 
17.1 0.221264 0 -0.00562647 0 0.000855662 -0 0 0 -0.00027775 0 6.69075e-06 0 
17.2 0.221264 0 -0.00565158 0 0.000851468 -0 0 0 -0.000245279 0 3.41153e-05 0 
17.3 0.221264 0 -0.00567484 0 0.000849201 -0 0 0 -0.000217474 0 1.47194e-05 0 
17.4 0.221264 0 -0.00569442 0 0.00085 -0 0 0 -0.000172573 0 -1.96254e-05 0 
17.5 0.221264 0 -0.0057084 0 0.000854357 -0 0 0 -0.000115006 0 -6.38903e-05 0 
17.6 0.221264 0 -0.00571662 0 0.000864936 -0 0 0 -5.20051e-05 0 -0.000110086 0 
17.7 0.221264 0 -0.00571857 0 0.00087829 -0 0 0 1.28677e-05 0 -0.00015237 0 
17.8 0.221264 0 -0.00571406 0 0.000893197 -0 0 0 7.68341e-05 0 -0.000185069 0 
17.9 0.221264 0 -0.00570331 0 0.000915953 -0 0 0 0.000137735 0 -0.000203946 0 
18 0.221264 0 -0.00568666 0 0.000933811 -0 0 0 0.000195262 0 -0.00020724 0 
18.1 0.221264 0 -0.00566441 0 0.000953423 -0 0 0 0.000249371 0 -0.00019544 0 
18.2 0.221264 0 -0.00563536 0 0.000972069 -0 0 0 0.000312435 0 -0.000144495 0 
18.3 0.221264 0 -0.00560205 0 0.000984021 -0 0 0 0.000352244 0 -0.000121061 0 
18.4 0.221264 0 -0.00556539 0 0.000993008 -0 0 0 0.000380049 0 -9.25107e-05 0 
18.5 0.221264 0 -0.0055265 0 0.00100078 -0 0 0 0.000396392 0 -5.9793e-05 0 
18.6 0.221264 0 -0.00548663 0 0.00100529 -0 0 0 0.000399566 0 -2.43555e-05 0 
18.7 0.221264 0 -0.0054472 0 0.00100483 -0 0 0 0.000388393 0 1.24094e-05 0 
18.8 0.221264 0 -0.00540965 0 0.00100199 -0 0 0 0.000361494 0 4.87268e-05 0 
18.9 0.221264 0 -0.00537554 0 0.000994148 -0 0 0 0.000318707 0 8.23554e-05 0 
19 0.221264 0 -0.00534643 0 0.000985847 -0 0 0 0.0002612 0 0.000111131 0 
19.1 0.221264 0 -0.00532294 0 0.000968799 -0 0 0 0.00019908 0 0.000158875 0 
19.2 0.221264 0 -0.00530738 0 0.000954407 -0 0 0 0.000114608 0 0.000161834 0 
19.3 0.221264 0 -0.00530076 0 0.000936635 -0 0 0 2.13861e-05 0 0.000155549 0 
19.4 0.221264 0 -0.00530341 0 0.000920927 -0 0 0 -7.45237e-05 0 0.000142151 0 
19.5 0.221264 0 -0.00531546 0 0.000910618 -0 0 0 -0.000166333 0 0.000121162 0 
19.6 0.221264 0 -0.00533619 0 0.000898665 -0 0 0 -0.000246796 0 9.24248e-05 0 
19.7 0.221264 0 -0.00536389 0 0.000892551 -0 0 0 -0.000302514 0 4.62463e-05 0 
19.8 0.221264 0 -0.00539616 0 0.000890857 -0 0 0 -0.000358898 0 1.36516e-05 0 
19.9 0.221264 0 -0.00543606 0 0.000888018 -0 0 0 -0.000435686 0 2.84012e-05 0 
20 0.221264 0 -0.00548238 0 0.000885074 -0 0 0 -0.000486576 0 4.50303e-05 0 
20.1 0.221264 0 -0.00553005 0 0.00087712 -0 0 0 -0.000479456 0 8.14434e-05 0 
20.2 0.221264 0 -0.00557688 0 0.000869672 -0 0 0 -0.000453885 0 6.20909e-05 0 
20.3 0.221264 0 -0.0056198 0 0.000864802 -0 0 0 -0.000404622 0 2.95349e-05 0 
20.4 0.221264 0 -0.0056557 0 0.000866401 -0 0 0 -0.000310266 0 -4.53725e-05 0 
20.5 0.221264 0 -0.00568354 0 0.000872654 -0 0 0 -0.000248374 0 -7.90342e-05 0 
20.6 0.221264 0 -0.00570527 0 0.000882876 -0 0 0 -0.000185584 0 -0.000103909 0 
20.7 0.221264 0 -0.00572056 0 0.00089465 -0 0 0 -0.000119349 0 -0.000119038 0 
20.8 0.221264 0 -0.00572885 0 0.000906568 -0 0 0 -4.5131e-05 0 -0.000127727 0 
20.9 0.221264 0 -0.00572932 0 0.000919083 -0 0 0 3.63262e-05 0 -0.000130717 0 
21 0.221264 0 -0.0057215 0 0.000931068 -0 0 0 0.000119371 0 -0.000127371 0 
21.1 0.221264 0 -0.00570453 0 0.000941378 -0 0 0 0.000206009 0 -9.15538e-05 0 
21.2 0.221264 0 -0.00568069 0 0.000949434 -0 0 0 0.000267243 0 -8.83374e-05 0 
21.3 0.221264 0 -0.00565153 0 0.000958173 -0 0 0 0.000308424 0 -8.09883e-05 0 
21.4 0.221264 0 -0.00561948 0 0.000965364 -0 0 0 0.000329389 0 -6.84323e-05 0 
21.5 0.221264 0 -0.00558639 0 0.000971816 -0 0 0 0.00032945 0 -4.95022e-05 0 
21.6 0.221264 0 -0.00555419 0 0.000975126 -0 0 0 0.000312398 0 -2.48818e-05 0 
21.7 0.221264 0 -0.00552439 0 0.000975906 -0 0 0 0.000282519 0 3.48363e-06 0 
21.8 0.221264 0 -0.00549805 0 0.000973667 -0 0 0 0.000243801 0 3.32745e-05 0 
21.9 0.221264 0 -0.00547605 0 0.000968909 -0 0 0 0.000199321 0 6.15163e-05 0 
22 0.221264 0 -0.00545845 0 0.00096202 -0 0 0 0.000153316 0 8.50011e-05 0 
22.1 0.221264 0 -0.00544437 0 0.00094966 -0 0 0 0.00011853 0 0.000126905 0 
22.2 0.221264 0 -0.00543492 0 0.000936645 -0 0 0 7.00133e-05 0 0.000125616 0 
22.3 0.221264 0 -0.0054304 0 0.000924827 -0 0 0 2.17836e-05 0 0.000115373 0 
22.4 0.221264 0 -0.00543056 0 0.000913901 -0 0 0 -2.45329e-05 0 9.91667e-05 0 
22.5 0.221264 0 -0.00543506 0 0.000903913 -0 0 0 -6.48312e-05 0 7.93554e-05 0 
22.6 0.221264 0 -0.00544321 0 0.000898244 -0 0 0 -9.65481e-05 0 5.87787e-05 0 
22.7 0.221264 0 -0.00545397 0 0.00089304 -0 0 0 -0.000117118 0 3.92177e-05 0 
22.8 0.221264 0 -0.0054662 0 0.000890374 -0 0 0 -0.000125953 0 2.1462e-05 0 
22.9 0.221264 0 -0.00547876 0 0.000889031 -0 0 0 -0.000123821 0 5.8971e-06 0 
23 0.221264 0 -0.00549061 0 0.000889206 -0 0 0 -0.000111823 0 -7.72092e-06 0 
23.1 0.221264 0 -0.00549922 0 0.000887604 -0 0 0 -7.3304e-05 0 6.74859e-06 0 
23.2 0.221264 0 -0.00550531 0 0.000888148 -0 0 0 -4.81523e-05 0 -1.5742e-05 0 
23.3 0.221264 0 -0.00550896 0 0.000891185 -0 0 0 -2.55453e-05 0 -4.01656e-05 0 
23.4 0.221264 0 -0.00551059 0 0.000896438 -0 0 0 -7.67668e-06 0 -6.09234e-05 0 
23.5 0.221264 0 -0.00551064 0 0.000904024 -0 0 0 5.22805e-06 0 -7.46738e-05 0 
23.6 0.221264 0 -0.00550881 0 0.00091259 -0 0 0 3.31313e-05 0 -0.000100843 0 
23.7 0.221264 0 -0.00550271 0 0.000924929 -0 0 0 7.08785e-05 0 -0.000137852 0 
23.8 0.221264 0 -0.00549583 0 0.000939137 -0 0 0 6.16269e-05 0 -0.000117111 0 
23.9 0.221264 0 -0.00549078 0 0.000948092 -0 0 0 3.93445e-05 0 -7.39834e-05 0 
24 0.221264 0 -0.00548785 0 0.000952172 -0 0 0 2.08965e-05 0 -2.74612e-05 0 
24.1 0.221264 0 -0.00548509 0 0.000949879 -0 0 0 2.68226e-05 0 3.12764e-05 0 
24.2 0.221264 0 -0.00548232 0 0.000946506 -0 0 0 2.83169e-05 0 3.69205e-05 0 
24.3 0.221264 0 -0.00547903 0 0.000943423 -0 0 0 3.24991e-05 0 2.20942e-05 0 
24.4 0.221264 0 -0.00547645 0 0.000941966 -0 0 0 1.73299e-05 0 1.21213e-05 0 
24.5 0.221264 0 -0.00547618 0 0.000941544 -0 0 0 -1.36071e-05 0 1.20679e-06 0 
24.6 0.221264 0 -0.00547953 0 0.000942076 -0 0 0 -5.31804e-05 0 -1.01384e-05 0 
24.7 0.221264 0 -0.00548728 0 0.000943181 -0 0 0 -0.000104175 0 -1.16644e-05 0 
24.8 0.221264 0 -0.00550073 0 0.000943705 -0 0 0 -0.000160857 0 2.46563e-07 0 
24.9 0.221264 0 -0.00551976 0 0.000942744 -0 0 0 -0.000208864 0 1.7157e-05 0 
25 0.221264 0 -0.00554253 0 0.000940045 -0 0 0 -0.000243856 0 3.53381e-05 0 
25.1 0.221264 0 -0.00556635 0 0.000930818 -0 0 0 -0.000243976 0 7.68845e-05 0 
25.2 0.221264 0 -0.00559092 0 0.000924296 -0 0 0 -0.000246816 0 7.58104e-05 0 
25.3 0.221264 0 -0.00561516 0 0.000917018 -0 0 0 -0.000235728 0 6.41925e-05 0 
25.4 0.221264 0 -0.00563768 0 0.000911868 -0 0 0 -0.000212577 0 4.58276e-05 0 
25.5 0.221264 0 -0.00565754 0 0.000908413 -0 0 0 -0.000185305 0 2.87828e-05 0 
25.6 0.221264 0 -0.00567449 0 0.00090653 -0 0 0 -0.000151426 0 1.47117e-05 0 
25.7 0.221264 0 -0.00568792 0 0.000905311 -0 0 0 -0.000116951 0 1.45915e-05 0 
25.8 0.221264 0 -0.00569674 0 0.000904489 -0 0 0 -5.9948e-05 0 4.52963e-06 0 
25.9 0.221264 0 -0.00569967 0 0.000904219 -0 0 0 3.31448e-06 0 1.23494e-06 0 
26 0.221264 0 -0.00569562 0 0.000904438 -0 0 0 7.91056e-05 0 -6.12044e-06 0 
26.1 0.221264 0 -0.0056823 0 0.000902574 -0 0 0 0.000176165 0 9.78566e-06 0 
26.2 0.221264 0 -0.00566052 0 0.000902902 -0 0 0 0.000256513 0 -1.5425e-05 0 
26.3 0.221264 0 -0.00563139 0 0.000906289 -0 0 0 0.000323357 0 -4.29992e-05 0 
26.4 0.221264 0 -0.00559654 0 0.000911626 -0 0 0 0.000371086 0 -6.73865e-05 0 
26.5 0.221264 0 -0.00555795 0 0.000919755 -0 0 0 0.000398142 0 -8.44725e-05 0 
26.6 0.221264 0 -0.00551765 0 0.000928339 -0 0 0 0.000405603 0 -9.14281e-05 0 
26.7 0.221264 0 -0.00547744 0 0.00093779 -0 0 0 0.000396363 0 -8.7652e-05 0 
26.8 0.221264 0 -0.0054389 0 0.000946477 -0 0 0 0.000372696 0 -7.41227e-05 0 
26.9 0.221264 0 -0.00540346 0 0.000951806 -0 0 0 0.000336153 0 -5.28234e-05 0 
27 0.221264 0 -0.00537233 0 0.000955297 -0 0 0 0.000287523 0 -2.70709e-05 0 
27.1 0.221264 0 -0.00534585 0 0.000953428 -0 0 0 0.000234518 0 2.41939e-05 0 
27.2 0.221264 0 -0.00532595 0 0.000949925 -0 0 0 0.000161919 0 3.6469e-05 0 
27.3 0.221264 0 -0.00531387 0 0.000945667 -0 0 0 7.87223e-05 0 4.44201e-05 0 
27.4 0.221264 0 -0.0053105 0 0.000941164 -0 0 0 -1.1532e-05 0 4.94967e-05 0 
27.5 0.221264 0 -0.00531635 0 0.000936339 -0 0 0 -0.000104918 0 5.26985e-05 0 
27.6 0.221264 0 -0.00533136 0 0.000930992 -0 0 0 -0.00019458 0 5.4984e-05 0 
27.7 0.221264 0 -0.00535493 0 0.000925005 -0 0 0 -0.000275696 0 5.68487e-05 0 
27.8 0.221264 0 -0.00538597 0 0.000920044 -0 0 0 -0.000343268 0 5.79594e-05 0 
27.9 0.221264 0 -0.00542294 0 0.000912788 -0 0 0 -0.000394203 0 5.78942e-05 0 
