0 0.221264 0 0 -0 -0 0 0 0 0 0 0 0 
0.1 0.221264 -2.85215e-37 -0.000848967 3.49682e-40 6.02195e-05 2.25425e-36 0 0 -0.0166371 1.01607e-38 -0.00110359 6.45517e-43 
0.2 0.221264 -2.85215e-37 -0.00316906 1.6041e-39 0.000188715 2.25411e-36 0 0 -0.0287285 1.22722e-38 -0.00126302 2.40927e-42 
0.3 0.221264 -2.85215e-37 -0.00633446 2.21095e-39 0.000269428 2.25401e-36 0 0 -0.0333355 -2.12722e-39 -0.000175656 -4.17557e-43 
0.4 0.221264 -2.85215e-37 -0.00956592 2.62724e-40 0.000160138 2.25414e-36 0 0 -0.0302244 -2.7654e-38 0.00175199 -5.14866e-42 
0.5 0.221264 -2.85215e-37 -0.0121721 -3.73721e-39 -0.00011247 2.25445e-36 0 0 -0.0212183 -5.74717e-38 0.00400345 5.59779e-42 
0.6 0.221264 -2.85215e-37 -0.013705 -1.09978e-38 -0.000627031 2.25502e-36 0 0 -0.00930084 -8.35874e-38 0.00597501 4.99249e-41 
0.7 0.221264 -2.85215e-37 -0.0140567 -1.97675e-38 -0.00125692 2.25571e-36 0 0 0.00186293 -9.55872e-38 0.00688069 1.19071e-40 
0.8 0.221264 -2.85215e-37 -0.0134585 -3.06726e-38 -0.00204097 2.25656e-36 0 0 0.00941299 -8.98818e-38 0.00645029 1.72094e-40 
0.9 0.221264 -2.85215e-37 -0.0123472 -3.79781e-38 -0.0025607 2.25711e-36 0 0 0.0121881 -6.82216e-38 0.0048167 1.68516e-40 
1 0.221264 -2.85215e-37 -0.0111915 -4.24774e-38 -0.00286958 2.25744e-36 0 0 0.0103188 -3.4263e-38 0.00225611 9.58586e-41 
1.1 0.221264 -2.85215e-37 -0.0104057 -4.38016e-38 -0.00293867 2.25751e-36 0 0 0.00517304 3.68535e-39 -0.000605016 -1.19128e-41 
1.2 0.221264 -2.21421e-37 -0.010231 -4.14323e-38 -0.00272688 2.25729e-36 0 0 -0.00161795 4.19072e-38 -0.00348684 -1.15355e-40 
1.3 0.221264 -2.21421e-37 -0.0107061 -3.55281e-38 -0.00224863 2.25678e-36 0 0 -0.00761876 7.23621e-38 -0.00578344 -1.64187e-40 
1.4 0.221264 -2.21421e-37 -0.0116907 -2.66768e-38 -0.00154672 2.25602e-36 0 0 -0.0116777 9.19737e-38 -0.00726274 -1.47443e-40 
1.5 0.221264 -2.21421e-37 -0.0129496 -1.68077e-38 -0.000768822 2.25517e-36 0 0 -0.0130544 9.69249e-38 -0.00763631 -8.18967e-41 
1.6 0.221264 -2.21421e-37 -0.014204 -8.06524e-39 -7.84076e-05 2.2544e-36 0 0 -0.0116422 8.6049e-38 -0.00681528 -9.61354e-42 
1.7 0.221264 -2.21421e-37 -0.0152061 -7.35023e-40 0.000506521 2.25374e-36 0 0 -0.00817753 6.30311e-38 -0.0050771 3.11993e-41 
1.8 0.221264 -2.21421e-37 -0.0158168 3.96035e-39 0.000892488 2.2533e-36 0 0 -0.00404698 3.32853e-38 -0.00283034 3.03592e-41 
1.9 0.221264 -2.21421e-37 -0.01604 5.43369e-39 0.00104095 2.25313e-36 0 0 -0.000600454 -1.96979e-40 -0.000300999 1.11544e-42 
2 0.221264 -2.21421e-37 -0.0159956 3.91639e-39 0.000951238 2.25323e-36 0 0 0.00128092 -3.0672e-38 0.0020012 -2.7437e-41 
2.1 0.221264 -2.21421e-37 -0.0158238 -4.95763e-40 0.000651047 2.25358e-36 0 0 0.00190867 -4.86938e-38 0.00336253 -3.08983e-41 
2.2 0.221264 -2.21421e-37 -0.0156268 -5.47259e-39 0.000306504 2.25397e-36 0 0 0.00198146 -4.89094e-38 0.00337883 -1.43708e-41 
2.3 0.221264 -2.21421e-37 -0.0154451 -9.68057e-39 1.94807e-05 2.25429e-36 0 0 0.0015369 -3.65251e-38 0.00244367 2.29891e-43 
2.4 0.221264 -2.21421e-37 -0.0153456 -1.23863e-38 -0.00015354 2.25448e-36 0 0 0.000355333 -1.81889e-38 0.00105925 3.75567e-42 
2.5 0.221264 -2.21421e-37 -0.015395 -1.32318e-38 -0.000183856 2.25452e-36 0 0 -0.00142322 2.78219e-41 -0.000316088 1.01136e-42 
2.6 0.221264 -2.21421e-37 -0.0156435 -1.25701e-38 -0.000104255 2.25443e-36 0 0 -0.00357286 1.11301e-38 -0.0011543 -1.22131e-43 
2.7 0.221264 -2.21421e-37 -0.0160982 -1.12943e-38 2.39064e-05 2.25428e-36 0 0 -0.00538727 1.30316e-38 -0.00129787 1.35222e-42 
2.8 0.221264 -2.21421e-37 -0.0166717 -9.87834e-39 0.000166368 2.25412e-36 0 0 -0.00585866 1.2221e-38 -0.00123666 2.9566e-42 
2.9 0.221264 -2.21421e-37 -0.0172199 -8.88931e-39 0.000267365 2.25401e-36 0 0 -0.0049412 1.14518e-38 -0.00117858 4.30185e-42 
3 0.221264 -2.21421e-37 -0.0176314 -7.87558e-39 0.000374929 2.25389e-36 0 0 -0.00337393 8.7698e-39 -0.000976038 4.59154e-42 
3.1 0.221264 -2.21421e-37 -0.0178745 -7.23918e-39 0.000455806 2.2538e-36 0 0 -0.00174137 4.01721e-39 -0.000617116 3.16036e-42 
3.2 0.221264 -2.21421e-37 -0.0179839 -7.07606e-39 0.000502807 2.25374e-36 0 0 -0.000547548 7.18723e-41 -0.00031915 1.39823e-42 
3.3 0.221264 -2.21421e-37 -0.0179979 -7.2518e-39 0.000520946 2.25372e-36 0 0 0.000168083 -2.67071e-39 -0.000112018 -9.47018e-45 
3.4 0.221264 -2.21421e-37 -0.0179748 -7.70155e-39 0.000517836 2.25373e-36 0 0 0.000189155 -5.72884e-39 0.000118949 -1.59718e-42 
3.5 0.221264 -2.21421e-37 -0.0179784 -8.62308e-39 0.000483312 2.25377e-36 0 0 -0.000303555 -9.31954e-39 0.000390135 -3.23592e-42 
3.6 0.221264 -2.21421e-37 -0.0180412 -9.55581e-39 0.000439213 2.25382e-36 0 0 -0.000949629 -1.17826e-38 0.000576154 -3.90058e-42 
3.7 0.221264 -2.21421e-37 -0.0181625 -1.06727e-38 0.000383956 2.25388e-36 0 0 -0.00143791 -1.17039e-38 0.000570215 -3.2178e-42 
3.8 0.221264 -2.21421e-37 -0.0183141 -1.17545e-38 0.000338477 2.25393e-36 0 0 -0.00154118 -7.51504e-39 0.000253873 -1.30789e-42 
3.9 0.221264 -2.21421e-37 -0.0184596 -1.20337e-38 0.000345135 2.25392e-36 0 0 -0.00135098 -4.31063e-40 -0.000281097 1.13373e-42 
4 0.221264 -2.21421e-37 -0.018583 -1.17319e-38 0.000397385 2.25387e-36 0 0 -0.00112207 6.17921e-39 -0.0007803 3.78085e-42 
4.1 0.221264 -2.21421e-37 -0.0186759 -1.08396e-38 0.000497464 2.25375e-36 0 0 -0.0008552 1.08578e-38 -0.00113364 6.76727e-42 
4.2 0.221264 -2.21421e-37 -0.0187568 -9.54498e-39 0.000627311 2.25361e-36 0 0 -0.000782209 1.35265e-38 -0.00133519 9.86356e-42 
4.3 0.221264 -2.21421e-37 -0.0188343 -8.21755e-39 0.000758498 2.25346e-36 0 0 -0.000768167 1.30144e-38 -0.00129652 1.13454e-41 
4.4 0.221264 -2.21421e-37 -0.0189096 -6.99746e-39 0.000884268 2.25331e-36 0 0 -0.000730937 1.00121e-38 -0.00106973 1.0346e-41 
4.5 0.221264 -2.21421e-37 -0.0189774 -6.30415e-39 0.000966221 2.25322e-36 0 0 -0.000609654 5.4481e-39 -0.000724964 6.91624e-42 
4.6 0.221264 -2.21421e-37 -0.0190281 -6.04255e-39 0.00101654 2.25316e-36 0 0 -0.00039295 5.08448e-40 -0.000351807 2.22857e-42 
4.7 0.221264 -2.21421e-37 -0.0190521 -6.26536e-39 0.00103447 2.25314e-36 0 0 -8.07146e-05 -3.54327e-39 -4.57216e-05 -1.92817e-42 
4.8 0.221264 -2.21421e-37 -0.019043 -6.81692e-39 0.00102575 2.25315e-36 0 0 0.000258439 -5.94472e-39 0.000135695 -4.37975e-42 
4.9 0.221264 -2.21421e-37 -0.0190034 -7.56153e-39 0.00100518 2.25318e-36 0 0 0.000518898 -6.73161e-39 0.00019514 -5.08456e-42 
5 0.221264 -2.21421e-37 -0.0189452 -8.01819e-39 0.000992642 2.25319e-36 0 0 0.000632137 -6.22553e-39 0.000156909 -4.47379e-42 
5.1 0.221264 -2.21421e-37 -0.0188821 -8.52714e-39 0.000984198 2.2532e-36 0 0 0.000618148 -4.43058e-39 2.13132e-05 -2.65386e-42 
5.2 0.221264 -2.21421e-37 -0.0188218 -8.91619e-39 0.000987629 2.2532e-36 0 0 0.000513734 -2.18297e-39 -0.000148477 -4.45615e-43 
5.3 0.221264 -2.21421e-37 -0.0187815 -8.94226e-39 0.00101739 2.25317e-36 0 0 0.000287714 1.28783e-39 -0.000410674 3.03447e-42 
5.4 0.221264 -2.21421e-37 -0.0187646 -8.5831e-39 0.00107965 2.2531e-36 0 0 5.14086e-05 4.30492e-39 -0.0006386 6.35684e-42 
5.5 0.221264 -2.21421e-37 -0.0187702 -8.0851e-39 0.00114482 2.25302e-36 0 0 -0.000142201 6.25646e-39 -0.000786034 8.94232e-42 
5.6 0.221264 -2.21421e-37 -0.0187896 -7.29347e-39 0.00124096 2.25291e-36 0 0 -0.000212811 6.99837e-39 -0.000842085 1.04252e-41 
5.7 0.221264 -2.21421e-37 -0.018808 -6.61488e-39 0.0013226 2.25282e-36 0 0 -0.000133938 6.94722e-39 -0.000838221 1.09975e-41 
5.8 0.221264 -2.21421e-37 -0.0188116 -5.97595e-39 0.00140124 2.25273e-36 0 0 7.26503e-05 6.38329e-39 -0.000795611 1.08305e-41 
5.9 0.221264 -2.21421e-37 -0.0187921 -5.36792e-39 0.00148091 2.25264e-36 0 0 0.000313852 5.29976e-39 -0.00071374 9.77371e-42 
6 0.221264 -2.21421e-37 -0.0187512 -4.95869e-39 0.00154321 2.25257e-36 0 0 0.00049469 3.60872e-39 -0.00058596 7.56673e-42 
6.1 0.221264 -2.21421e-37 -0.018697 -4.78078e-39 0.00158056 2.25252e-36 0 0 0.000581441 1.56653e-39 -0.000431642 4.55306e-42 
6.2 0.221264 -2.21421e-37 -0.018632 -4.80964e-39 0.00161344 2.25249e-36 0 0 0.00063615 -9.49509e-40 -0.000241516 5.65317e-43 
6.3 0.221264 -2.21421e-37 -0.0185731 -4.96157e-39 0.00162999 2.25247e-36 0 0 0.000543584 -2.10646e-39 -0.000154088 -1.32904e-42 
6.4 0.221264 -2.21421e-37 -0.0185251 -5.2414e-39 0.00164377 2.25245e-36 0 0 0.000414893 -2.71458e-39 -0.000108134 -2.34701e-42 
6.5 0.221264 -2.21421e-37 -0.0184906 -5.52241e-39 0.00165408 2.25244e-36 0 0 0.000280631 -2.78506e-39 -0.000102807 -2.48464e-42 
6.6 0.221264 -2.21421e-37 -0.0184681 -5.75742e-39 0.00166448 2.25243e-36 0 0 0.000173758 -2.45492e-39 -0.000127756 -1.95994e-42 
6.7 0.221264 -2.21421e-37 -0.0184543 -6.01487e-39 0.00168328 2.25241e-36 0 0 0.000107499 -1.91023e-39 -0.000168917 -1.07265e-42 
6.8 0.221264 -2.21421e-37 -0.0184453 -6.13524e-39 0.00169875 2.25239e-36 0 0 7.76426e-05 -1.34734e-39 -0.000211455 -1.40549e-43 
6.9 0.221264 -2.21421e-37 -0.0184377 -6.27297e-39 0.00172866 2.25236e-36 0 0 7.5244e-05 -9.54819e-40 -0.000241118 5.18435e-43 
7 0.221264 -2.21421e-37 -0.0184297 -6.33192e-39 0.00174562 2.25234e-36 0 0 8.42139e-05 -8.51529e-40 -0.000248924 6.89328e-43 
7.1 0.221264 -2.21421e-37 -0.0184208 -6.42824e-39 0.00176932 2.25231e-36 0 0 9.26613e-05 -1.08448e-39 -0.000231319 2.6993e-43 
7.2 0.221264 -2.21421e-37 -0.0184042 -6.63324e-39 0.00178612 2.2523e-36 0 0 0.000161479 -2.16096e-39 -0.000149966 -1.66056e-42 
7.3 0.221264 -2.21421e-37 -0.0183901 -6.89359e-39 0.00179989 2.25228e-36 0 0 0.000120721 -2.64163e-39 -0.000113641 -2.54601e-42 
7.4 0.221264 -2.21421e-37 -0.0183816 -7.18508e-39 0.00180823 2.25227e-36 0 0 5.66397e-05 -3.21333e-39 -7.04345e-05 -3.59838e-42 
7.5 0.221264 -2.21421e-37 -0.018379 -7.5719e-39 0.00181301 2.25227e-36 0 0 -4.01415e-06 -3.77934e-39 -2.76588e-05 -4.6369e-42 
7.6 0.221264 -2.21421e-37 -0.0183822 -7.96076e-39 0.00181325 2.25227e-36 0 0 -5.80271e-05 -4.30291e-39 1.191e-05 -5.58852e-42 
7.7 0.221264 -2.21421e-37 -0.0183898 -8.47871e-39 0.00180953 2.25227e-36 0 0 -9.21481e-05 -4.70807e-39 4.25297e-05 -6.3117e-42 
7.8 0.221264 -2.21421e-37 -0.0184 -8.87847e-39 0.001805 2.25228e-36 0 0 -0.000107259 -4.94586e-39 6.05002e-05 -6.71925e-42 
7.9 0.221264 -2.21421e-37 -0.0184105 -9.37982e-39 0.00179859 2.25229e-36 0 0 -0.000105927 -5.00103e-39 6.46699e-05 -6.78988e-42 
8 0.221264 -2.21421e-37 -0.0184209 -9.91905e-39 0.00179178 2.2523e-36 0 0 -0.000103921 -4.95415e-39 6.1127e-05 -6.67716e-42 
8.1 0.221264 -2.21421e-37 -0.0184313 -1.03949e-38 0.00178642 2.2523e-36 0 0 -0.000103625 -4.83963e-39 5.24719e-05 -6.44809e-42 
8.2 0.221264 -2.21421e-37 -0.0184417 -1.08642e-38 0.00178199 2.25231e-36 0 0 -0.000105196 -4.69072e-39 4.12187e-05 -6.16341e-42 
8.3 0.221264 -2.21421e-37 -0.0184528 -1.13155e-38 0.00177855 2.25231e-36 0 0 -0.000115962 -4.56023e-39 3.13568e-05 -5.91648e-42 
8.4 0.221264 -2.21421e-37 -0.018465 -1.17501e-38 0.00177597 2.25232e-36 0 0 -0.000126668 -4.45817e-39 2.36439e-05 -5.72439e-42 
8.5 0.221264 -2.21421e-37 -0.0184781 -1.21791e-38 0.00177382 2.25232e-36 0 0 -0.00013596 -4.39923e-39 1.91901e-05 -5.61135e-42 
8.6 0.221264 -2.21421e-37 -0.0184922 -1.3031e-38 0.00176999 2.25233e-36 0 0 -0.000145789 -4.40951e-39 1.99668e-05 -5.62181e-42 
8.7 0.221264 -2.21421e-37 -0.0185068 -1.3425e-38 0.00176746 2.25233e-36 0 0 -0.000148962 -4.45383e-39 2.3316e-05 -5.69169e-42 
8.8 0.221264 -2.21421e-37 -0.0185214 -1.38192e-38 0.00176492 2.25234e-36 0 0 -0.000145532 -4.52405e-39 2.86231e-05 -5.80554e-42 
8.9 0.221264 -2.21421e-37 -0.0185355 -1.40954e-38 0.00176273 2.25234e-36 0 0 -0.000137274 -4.60597e-39 3.48137e-05 -5.93751e-42 
9 0.221264 -2.21421e-37 -0.0185486 -1.44369e-38 0.00175989 2.25234e-36 0 0 -0.000124666 -4.68398e-39 4.07093e-05 -6.05968e-42 
9.1 0.221264 -2.21421e-37 -0.0185603 -1.51302e-38 0.00175344 2.25235e-36 0 0 -0.00011103 -4.74125e-39 4.50369e-05 -6.14279e-42 
9.2 0.221264 -2.21421e-37 -0.0185708 -1.54798e-38 0.00174998 2.25236e-36 0 0 -9.82443e-05 -4.77134e-39 4.7311e-05 -6.17645e-42 
9.3 0.221264 -2.21421e-37 -0.0185801 -1.61785e-38 0.00174312 2.25236e-36 0 0 -8.78004e-05 -4.77118e-39 4.72987e-05 -6.15668e-42 
9.4 0.221264 -2.21421e-37 -0.0185885 -1.65256e-38 0.00173985 2.25237e-36 0 0 -8.02918e-05 -4.74378e-39 4.52287e-05 -6.09051e-42 
9.5 0.221264 -2.21421e-37 -0.0185964 -1.68703e-38 0.00173677 2.25237e-36 0 0 -7.55429e-05 -4.6954e-39 4.15726e-05 -5.98988e-42 
9.6 0.221264 -2.21421e-37 -0.0186038 -1.75505e-38 0.00173131 2.25238e-36 0 0 -7.28238e-05 -4.63737e-39 3.7187e-05 -5.87458e-42 
9.7 0.221264 -2.21421e-37 -0.018611 -1.7886e-38 0.00172892 2.25238e-36 0 0 -7.09519e-05 -4.57802e-39 3.27016e-05 -5.7595e-42 
9.8 0.221264 -2.21421e-37 -0.018618 -1.82187e-38 0.00172675 2.25239e-36 0 0 -6.87241e-05 -4.52548e-39 2.87311e-05 -5.6583e-42 
9.9 0.221264 -2.21421e-37 -0.0186246 -1.87427e-38 0.00172366 2.25239e-36 0 0 -6.44437e-05 -4.4816e-39 2.54152e-05 -5.57248e-42 
10 0.221264 -2.21421e-37 -0.0186308 -1.92634e-38 0.00172084 2.2524e-36 0 0 -5.92939e-05 -4.4545e-39 2.33673e-05 -5.51633e-42 
10.1 0.221264 -2.21421e-37 -0.0186362 -1.97291e-38 0.00171851 2.2524e-36 0 0 -5.12387e-05 -4.43467e-39 2.18689e-05 -5.47346e-42 
10.2 0.221264 -2.21421e-37 -0.0186408 -2.01925e-38 0.00171635 2.2524e-36 0 0 -4.18719e-05 -4.42191e-39 2.09045e-05 -5.44327e-42 
10.3 0.221264 -2.21421e-37 -0.0186444 -2.06559e-38 0.0017142 2.25241e-36 0 0 -3.12078e-05 -4.41058e-39 2.00486e-05 -5.41591e-42 
10.4 0.221264 -2.21421e-37 -0.018647 -2.11172e-38 0.00171221 2.25241e-36 0 0 -1.98293e-05 -4.39517e-39 1.8884e-05 -5.3821e-42 
10.5 0.221264 -2.21421e-37 -0.0186483 -2.15754e-38 0.00171045 2.25241e-36 0 0 -7.50286e-06 -4.36933e-39 1.6931e-05 -5.33114e-42 
10.6 0.221264 -2.21421e-37 -0.0186484 -2.2028e-38 0.00170911 2.25241e-36 0 0 5.53119e-06 -4.32732e-39 1.3756e-05 -5.25361e-42 
10.7 0.221264 -2.21421e-37 -0.0186471 -2.24746e-38 0.00170823 2.25242e-36 0 0 1.9128e-05 -4.27479e-39 9.78687e-06 -5.15987e-42 
10.8 0.221264 -2.21421e-37 -0.0186444 -2.29116e-38 0.00170807 2.25242e-36 0 0 3.3888e-05 -4.20088e-39 4.20103e-06 -5.03166e-42 
10.9 0.221264 -2.21421e-37 -0.0186402 -2.33398e-38 0.00170858 2.25242e-36 0 0 4.96706e-05 -4.11581e-39 -2.22735e-06 -4.88617e-42 
11 0.221264 -2.21421e-37 -0.0186343 -2.35858e-38 0.00170935 2.25242e-36 0 0 6.78238e-05 -4.02018e-39 -9.45409e-06 -4.72479e-42 
11.1 0.221264 -2.21421e-37 -0.0186264 -2.38294e-38 0.00171031 2.25242e-36 0 0 8.79445e-05 -3.91676e-39 -1.727e-05 -4.55225e-42 
11.2 0.221264 -2.21421e-37 -0.0186166 -2.45363e-38 0.00171501 2.25241e-36 0 0 0.000108993 -3.8133e-39 -2.50886e-05 -4.38183e-42 
11.3 0.221264 -2.21421e-37 -0.0186044 -2.49881e-38 0.0017196 2.25241e-36 0 0 0.000132868 -3.71189e-39 -3.2752e-05 -4.2169e-42 
11.4 0.221264 -2.21421e-37 -0.0185898 -2.49881e-38 0.0017196 2.25241e-36 0 0 0.000158072 -3.618e-39 -3.98477e-05 -4.06261e-42 
11.5 0.221264 -2.21421e-37 -0.0185726 -2.5427e-38 0.00172518 2.2524e-36 0 0 0.000184421 -3.53384e-39 -4.62078e-05 -3.92773e-42 
11.6 0.221264 -2.21421e-37 -0.0185528 -2.5855e-38 0.00173157 2.2524e-36 0 0 0.000211531 -3.46131e-39 -5.16888e-05 -3.81516e-42 
11.7 0.221264 -2.21421e-37 -0.0185302 -2.62745e-38 0.00173861 2.25239e-36 0 0 0.000238917 -3.40176e-39 -5.61892e-05 -3.72429e-42 
11.8 0.221264 -2.21421e-37 -0.018505 -2.66311e-38 0.00174482 2.25238e-36 0 0 0.000265977 -3.35639e-39 -5.9618e-05 -3.6574e-42 
11.9 0.221264 -2.21421e-37 -0.0184771 -2.69811e-38 0.00175152 2.25238e-36 0 0 0.000291925 -3.32552e-39 -6.19508e-05 -3.61889e-42 
12 0.221264 -2.21421e-37 -0.0184466 -2.69811e-38 0.00175152 2.25238e-36 0 0 0.000317215 -3.30386e-39 -6.35879e-05 -3.59774e-42 
12.1 0.221264 -2.21421e-37 -0.018414 -2.76832e-38 0.00176477 2.25236e-36 0 0 0.000339976 -3.2948e-39 -6.42723e-05 -3.59877e-42 
12.2 0.221264 -2.21421e-37 -0.0183792 -2.76832e-38 0.00176477 2.25236e-36 0 0 0.000360215 -3.29834e-39 -6.40046e-05 -3.62196e-42 
12.3 0.221264 -2.21421e-37 -0.0183427 -2.82576e-38 0.0017752 2.25235e-36 0 0 0.000377332 -3.32259e-39 -6.21723e-05 -3.68168e-42 
12.4 0.221264 -2.21421e-37 -0.0183044 -2.88408e-38 0.00178496 2.25234e-36 0 0 0.00039149 -3.36394e-39 -5.90472e-05 -3.77153e-42 
12.5 0.221264 -2.21421e-37 -0.018265 -2.88408e-38 0.00178496 2.25234e-36 0 0 0.000403454 -3.39983e-39 -5.63349e-05 -3.85135e-42 
12.6 0.221264 -2.21421e-37 -0.0182245 -2.93844e-38 0.00179233 2.25234e-36 0 0 0.000411661 -3.45627e-39 -5.20696e-05 -3.96728e-42 
12.7 0.221264 -2.21421e-37 -0.0181835 -2.93844e-38 0.00179233 2.25234e-36 0 0 0.000413618 -3.56913e-39 -4.35403e-05 -4.1829e-42 
12.8 0.221264 -2.21421e-37 -0.0181424 -2.98973e-38 0.00179717 2.25233e-36 0 0 0.000412842 -3.68322e-39 -3.49182e-05 -4.39914e-42 
12.9 0.221264 -2.21421e-37 -0.0181015 -3.03767e-38 0.00180018 2.25233e-36 0 0 0.000409058 -3.80383e-39 -2.58032e-05 -4.62521e-42 
13 0.221264 -2.21421e-37 -0.0180611 -3.04993e-38 0.00180074 2.25233e-36 0 0 0.000401666 -3.93583e-39 -1.58274e-05 -4.86936e-42 
13.1 0.221264 -2.21421e-37 -0.0180209 -3.09278e-38 0.00180269 2.25233e-36 0 0 0.000398502 -3.96733e-39 -1.34472e-05 -4.93144e-42 
13.2 0.221264 -2.21421e-37 -0.0179816 -3.13305e-38 0.0018036 2.25233e-36 0 0 0.000386879 -4.00561e-39 -1.0554e-05 -5.00456e-42 
13.3 0.221264 -2.21421e-37 -0.017944 -3.16777e-38 0.00180409 2.25233e-36 0 0 0.000367515 -4.11374e-39 -2.38195e-06 -5.20168e-42 
13.4 0.221264 -2.21421e-37 -0.0179086 -3.2213e-38 0.00180352 2.25233e-36 0 0 0.000341187 -4.2449e-39 7.52989e-06 -5.43719e-42 
13.5 0.221264 -2.21421e-37 -0.0178758 -3.25593e-38 0.00180232 2.25233e-36 0 0 0.000314954 -4.38023e-39 1.77573e-05 -5.67654e-42 
13.6 0.221264 -2.21421e-37 -0.0178458 -3.32072e-38 0.00179841 2.25234e-36 0 0 0.000283895 -4.53434e-39 2.94041e-05 -5.94503e-42 
13.7 0.221264 -2.21421e-37 -0.017819 -3.35879e-38 0.00179515 2.25234e-36 0 0 0.000253151 -4.68413e-39 4.07243e-05 -6.20032e-42 
13.8 0.221264 -2.21421e-37 -0.0177953 -3.41762e-38 0.00178896 2.25235e-36 0 0 0.000220732 -4.82591e-39 5.14393e-05 -6.43555e-42 
13.9 0.221264 -2.21421e-37 -0.0177749 -3.45793e-38 0.001784 2.25236e-36 0 0 0.000187828 -4.94938e-39 6.07704e-05 -6.63246e-42 
14 0.221264 -2.21421e-37 -0.0177578 -3.49941e-38 0.00177852 2.25236e-36 0 0 0.000154395 -5.05226e-39 6.85451e-05 -6.78742e-42 
14.1 0.221264 -2.21421e-37 -0.0177442 -3.54156e-38 0.00177253 2.25237e-36 0 0 0.00011772 -5.13616e-39 7.48859e-05 -6.90421e-42 
14.2 0.221264 -2.21421e-37 -0.0177347 -3.62729e-38 0.00175946 2.25239e-36 0 0 8.05798e-05 -5.19429e-39 7.92787e-05 -6.97159e-42 
14.3 0.221264 -2.21421e-37 -0.0177301 -3.64815e-38 0.00175616 2.25239e-36 0 0 3.76718e-05 -5.24211e-39 8.28923e-05 -7.01762e-42 
14.4 0.221264 -2.21421e-37 -0.0177285 -3.70648e-38 0.00174681 2.2524e-36 0 0 -1.16115e-06 -5.2696e-39 8.49703e-05 -7.02655e-42 
14.5 0.221264 -2.21421e-37 -0.0177308 -3.75335e-38 0.00173917 2.25241e-36 0 0 -4.14667e-05 -5.29274e-39 8.6719e-05 -7.02667e-42 
14.6 0.221264 -2.21421e-37 -0.0177379 -3.84752e-38 0.00172357 2.25243e-36 0 0 -8.29015e-05 -5.30887e-39 8.79375e-05 -7.01306e-42 
14.7 0.221264 -2.21421e-37 -0.0177501 -3.88986e-38 0.00171657 2.25244e-36 0 0 -0.000122943 -5.31004e-39 8.80262e-05 -6.97365e-42 
14.8 0.221264 -2.21421e-37 -0.0177658 -3.93222e-38 0.00170957 2.25245e-36 0 0 -0.000160173 -5.30116e-39 8.73554e-05 -6.91748e-42 
14.9 0.221264 -2.21421e-37 -0.0177849 -3.97203e-38 0.0017031 2.25246e-36 0 0 -0.000195733 -5.28928e-39 8.6457e-05 -6.85676e-42 
15 0.221264 -2.21421e-37 -0.0178075 -4.05162e-38 0.0016902 2.25247e-36 0 0 -0.000231911 -5.27706e-39 8.55335e-05 -6.79111e-42 
15.1 0.221264 -2.21421e-37 -0.0178334 -4.13033e-38 0.00167796 2.25249e-36 0 0 -0.000264158 -5.25111e-39 8.35726e-05 -6.69977e-42 
15.2 0.221264 -2.21421e-37 -0.0178617 -4.13033e-38 0.00167796 2.25249e-36 0 0 -0.000295423 -5.2212e-39 8.1312e-05 -6.60933e-42 
15.3 0.221264 -2.21421e-37 -0.0178927 -4.19886e-38 0.00166755 2.2525e-36 0 0 -0.000325257 -5.18264e-39 7.83978e-05 -6.50853e-42 
15.4 0.221264 -2.21421e-37 -0.0179265 -4.27599e-38 0.00165654 2.25252e-36 0 0 -0.000352637 -5.13369e-39 7.46993e-05 -6.3923e-42 
15.5 0.221264 -2.21421e-37 -0.0179627 -4.27599e-38 0.00165654 2.25252e-36 0 0 -0.000376359 -5.07177e-39 7.00198e-05 -6.25725e-42 
15.6 0.221264 -2.21421e-37 -0.0180013 -4.35181e-38 0.00164654 2.25253e-36 0 0 -0.000397917 -4.99677e-39 6.43523e-05 -6.1025e-42 
15.7 0.221264 -2.21421e-37 -0.0180418 -4.42541e-38 0.0016382 2.25254e-36 0 0 -0.000416886 -4.91044e-39 5.78284e-05 -5.9318e-42 
15.8 0.221264 -2.21421e-37 -0.0180842 -4.42541e-38 0.0016382 2.25254e-36 0 0 -0.000432786 -4.81611e-39 5.07001e-05 -5.75211e-42 
15.9 0.221264 -2.21421e-37 -0.0181278 -4.49671e-38 0.0016316 2.25255e-36 0 0 -0.000445495 -4.7151e-39 4.30664e-05 -5.56703e-42 
16 0.221264 -2.21421e-37 -0.0181726 -4.56558e-38 0.00162685 2.25255e-36 0 0 -0.000454966 -4.60803e-39 3.49759e-05 -5.37687e-42 
16.1 0.221264 -2.21421e-37 -0.0182183 -4.56558e-38 0.00162685 2.25255e-36 0 0 -0.000461073 -4.49658e-39 2.65542e-05 -5.18313e-42 
16.2 0.221264 -2.21421e-37 -0.0182642 -4.6319e-38 0.00162402 2.25256e-36 0 0 -0.000463915 -4.38696e-39 1.82706e-05 -4.99604e-42 
16.3 0.221264 -2.21421e-37 -0.0183104 -4.69588e-38 0.00162295 2.25256e-36 0 0 -0.00046329 -4.2771e-39 9.96839e-06 -4.81214e-42 
16.4 0.221264 -2.21421e-37 -0.0183563 -4.69588e-38 0.00162295 2.25256e-36 0 0 -0.000458741 -4.16267e-39 1.32109e-06 -4.62419e-42 
16.5 0.221264 -2.21421e-37 -0.0184015 -4.75717e-38 0.00162392 2.25256e-36 0 0 -0.00045107 -4.05428e-39 -6.86903e-06 -4.44894e-42 
16.6 0.221264 -2.21421e-37 -0.0184458 -4.81627e-38 0.00162654 2.25256e-36 0 0 -0.000440153 -3.94933e-39 -1.48e-05 -4.282e-42 
16.7 0.221264 -2.21421e-37 -0.0184889 -4.81627e-38 0.00162654 2.25256e-36 0 0 -0.000425659 -3.84092e-39 -2.2992e-05 -4.11187e-42 
16.8 0.221264 -2.21421e-37 -0.0185304 -4.86726e-38 0.00163056 2.25256e-36 0 0 -0.000407955 -3.73216e-39 -3.12109e-05 -3.94329e-42 
16.9 0.221264 -2.21421e-37 -0.0185701 -4.89458e-38 0.00163336 2.25255e-36 0 0 -0.000387993 -3.63437e-39 -3.86007e-05 -3.79453e-42 
17 0.221264 -2.21421e-37 -0.0186077 -4.92322e-38 0.00163686 2.25255e-36 0 0 -0.000364283 -3.52771e-39 -4.66606e-05 -3.63284e-42 
17.1 0.221264 -2.21421e-37 -0.0186428 -4.96488e-38 0.0016431 2.25254e-36 0 0 -0.000338136 -3.42138e-39 -5.46958e-05 -3.47305e-42 
17.2 0.221264 -2.21421e-37 -0.0186751 -4.99157e-38 0.00164808 2.25254e-36 0 0 -0.000306811 -3.27361e-39 -6.58623e-05 -3.24634e-42 
17.3 0.221264 -2.21421e-37 -0.0187032 -5.04363e-38 0.00165903 2.25253e-36 0 0 -0.000278715 -3.22749e-39 -6.93477e-05 -3.18823e-42 
17.4 0.221264 -2.21421e-37 -0.0187282 -5.06859e-38 0.00166531 2.25252e-36 0 0 -0.000247892 -3.16037e-39 -7.44197e-05 -3.09563e-42 
17.5 0.221264 -2.21421e-37 -0.0187508 -5.09332e-38 0.00167177 2.25252e-36 0 0 -0.000216464 -3.11874e-39 -7.75655e-05 -3.04562e-42 
17.6 0.221264 -2.21421e-37 -0.0187705 -5.11822e-38 0.0016781 2.25251e-36 0 0 -0.000180557 -3.04205e-39 -8.33607e-05 -2.93629e-42 
17.7 0.221264 -2.21421e-37 -0.0187871 -5.16172e-38 0.00168966 2.2525e-36 0 0 -0.000151398 -3.0818e-39 -8.03568e-05 -3.02265e-42 
17.8 0.221264 -2.21421e-37 -0.0188006 -5.18027e-38 0.00169564 2.25249e-36 0 0 -0.000117778 -3.10475e-39 -7.86228e-05 -3.08164e-42 
17.9 0.221264 -2.21421e-37 -0.0188113 -5.21756e-38 0.00170245 2.25248e-36 0 0 -8.17017e-05 -3.16371e-39 -7.41675e-05 -3.20065e-42 
18 0.221264 -2.21421e-37 -0.018817 -5.24509e-38 0.00170915 2.25248e-36 0 0 -3.84142e-05 -3.08865e-39 -7.98392e-05 -3.09153e-42 
18.1 0.221264 -2.21421e-37 -0.0188182 -5.27371e-38 0.00171751 2.25247e-36 0 0 5.14848e-06 -2.96341e-39 -8.93035e-05 -2.89757e-42 
18.2 0.221264 -2.21421e-37 -0.0188156 -5.31044e-38 0.00172975 2.25246e-36 0 0 4.55405e-05 -2.85144e-39 -9.77652e-05 -2.72626e-42 
18.3 0.221264 -2.21421e-37 -0.0188094 -5.34599e-38 0.00174287 2.25244e-36 0 0 7.91014e-05 -2.77831e-39 -0.000103292 -2.62159e-42 
18.4 0.221264 -2.21421e-37 -0.0188001 -5.36376e-38 0.00174944 2.25244e-36 0 0 0.000107476 -2.7653e-39 -0.000104275 -2.62159e-42 
18.5 0.221264 -2.21421e-37 -0.0187878 -5.39859e-38 0.00176311 2.25242e-36 0 0 0.00013865 -2.72405e-39 -0.000107392 -2.57157e-42 
18.6 0.221264 -2.21421e-37 -0.0187725 -5.41689e-38 0.00176928 2.25241e-36 0 0 0.000171885 -2.66132e-39 -0.000112133 -2.48349e-42 
18.7 0.221264 -2.21421e-37 -0.0187533 -5.43973e-38 0.00178101 2.2524e-36 0 0 0.000206281 -2.56307e-39 -0.000119558 -2.3346e-42 
18.8 0.221264 -2.21421e-37 -0.0187324 -5.4776e-38 0.00179289 2.25239e-36 0 0 0.000210345 -2.94992e-39 -9.03224e-05 -3.04778e-42 
18.9 0.221264 -2.21421e-37 -0.0187105 -5.5116e-38 0.00179959 2.25238e-36 0 0 0.00022212 -3.32064e-39 -6.23063e-05 -3.73136e-42 
19 0.221264 -2.21421e-37 -0.018687 -5.54405e-38 0.00180247 2.25238e-36 0 0 0.00024055 -3.6412e-39 -3.80804e-05 -4.32134e-42 
19.1 0.221264 -2.21421e-37 -0.0186607 -5.57856e-38 0.00180381 2.25238e-36 0 0 0.000265224 -3.8506e-39 -2.22551e-05 -4.70646e-42 
19.2 0.221264 -2.21421e-37 -0.0186324 -5.62129e-38 0.00180516 2.25238e-36 0 0 0.000288084 -3.98038e-39 -1.24475e-05 -4.94534e-42 
19.3 0.221264 -2.21421e-37 -0.0186018 -5.66434e-38 0.00180608 2.25238e-36 0 0 0.000309343 -4.02998e-39 -8.69856e-06 -5.03809e-42 
19.4 0.221264 -2.21421e-37 -0.0185696 -5.71604e-38 0.00180716 2.25238e-36 0 0 0.000324993 -4.03244e-39 -8.51275e-06 -5.04541e-42 
19.5 0.221264 -2.21421e-37 -0.0185363 -5.74168e-38 0.00180786 2.25238e-36 0 0 0.00033417 -4.01048e-39 -1.01721e-05 -5.00904e-42 
19.6 0.221264 -2.21421e-37 -0.0185028 -5.79293e-38 0.00180927 2.25238e-36 0 0 0.000336797 -4.00106e-39 -1.08845e-05 -4.99551e-42 
19.7 0.221264 -2.21421e-37 -0.0184693 -5.84426e-38 0.00181063 2.25238e-36 0 0 0.00033513 -4.01086e-39 -1.01434e-05 -5.01667e-42 
19.8 0.221264 -2.21421e-37 -0.0184361 -5.89633e-38 0.00181143 2.25238e-36 0 0 0.000330205 -4.04614e-39 -7.47761e-06 -5.08332e-42 
19.9 0.221264 -2.21421e-37 -0.0184036 -5.89633e-38 0.00181143 2.25238e-36 0 0 0.000323209 -4.11639e-39 -2.1682e-06 -5.21188e-42 
20 0.221264 -2.21421e-37 -0.0183718 -5.95021e-38 0.00181086 2.25238e-36 0 0 0.000314752 -4.22197e-39 5.8107e-06 -5.40185e-42 
20.1 0.221264 -2.21421e-37 -0.0183408 -6.00637e-38 0.00180857 2.25238e-36 0 0 0.000305443 -4.35691e-39 1.60087e-05 -5.6415e-42 
20.2 0.221264 -2.21421e-37 -0.0183108 -6.06514e-38 0.0018043 2.25239e-36 0 0 0.000295675 -4.51106e-39 2.76582e-05 -5.91136e-42 
20.3 0.221264 -2.21421e-37 -0.0182818 -6.12642e-38 0.00179814 2.2524e-36 0 0 0.000285013 -4.67092e-39 3.97397e-05 -6.18609e-42 
20.4 0.221264 -2.21421e-37 -0.0182539 -6.12642e-38 0.00179814 2.2524e-36 0 0 0.000273578 -4.82232e-39 5.11815e-05 -6.4396e-42 
20.5 0.221264 -2.21421e-37 -0.0182276 -6.19083e-38 0.00179029 2.25241e-36 0 0 0.000259575 -4.95494e-39 6.12039e-05 -6.65188e-42 
20.6 0.221264 -2.21421e-37 -0.0182029 -6.22103e-38 0.00178584 2.25241e-36 0 0 0.000242964 -5.05845e-39 6.90263e-05 -6.80672e-42 
20.7 0.221264 -2.21421e-37 -0.01818 -6.27821e-38 0.00177754 2.25242e-36 0 0 0.000225456 -5.1328e-39 7.46455e-05 -6.9058e-42 
20.8 0.221264 -2.21421e-37 -0.0181592 -6.32747e-38 0.00177008 2.25243e-36 0 0 0.000202079 -5.18902e-39 7.88938e-05 -6.96989e-42 
20.9 0.221264 -2.21421e-37 -0.0181412 -6.37707e-38 0.00176236 2.25244e-36 0 0 0.000179333 -5.2197e-39 8.12127e-05 -6.98666e-42 
21 0.221264 -2.21421e-37 -0.0181257 -6.42671e-38 0.00175461 2.25245e-36 0 0 0.000153895 -5.23021e-39 8.20066e-05 -6.96706e-42 
21.1 0.221264 -2.21421e-37 -0.0181125 -6.49881e-38 0.00174324 2.25247e-36 0 0 0.000128854 -5.23033e-39 8.20161e-05 -6.92774e-42 
21.2 0.221264 -2.21421e-37 -0.0181015 -6.58392e-38 0.00172994 2.25248e-36 0 0 0.000103388 -5.22591e-39 8.16819e-05 -6.88057e-42 
21.3 0.221264 -2.21421e-37 -0.0180936 -6.58392e-38 0.00172994 2.25248e-36 0 0 8.0139e-05 -5.22819e-39 8.18541e-05 -6.84665e-42 
21.4 0.221264 -2.21421e-37 -0.0180874 -6.63433e-38 0.0017221 2.25249e-36 0 0 5.58151e-05 -5.20789e-39 8.03198e-05 -6.77411e-42 
21.5 0.221264 -2.21421e-37 -0.018084 -6.73467e-38 0.00170679 2.25251e-36 0 0 3.36318e-05 -5.19537e-39 7.93739e-05 -6.71615e-42 
21.6 0.221264 -2.21421e-37 -0.0180828 -6.77106e-38 0.00170152 2.25252e-36 0 0 1.15194e-05 -5.17419e-39 7.77729e-05 -6.6407e-42 
21.7 0.221264 -2.21421e-37 -0.0180835 -6.80764e-38 0.0016961 2.25252e-36 0 0 -8.94127e-06 -5.14546e-39 7.56016e-05 -6.55685e-42 
21.8 0.221264 -2.21421e-37 -0.0180868 -6.8795e-38 0.00168624 2.25254e-36 0 0 -2.82701e-05 -5.10854e-39 7.2812e-05 -6.46146e-42 
21.9 0.221264 -2.21421e-37 -0.0180916 -6.95155e-38 0.00167625 2.25255e-36 0 0 -4.6525e-05 -5.0647e-39 6.94986e-05 -6.35098e-42 
22 0.221264 -2.21421e-37 -0.0180982 -6.95155e-38 0.00167625 2.25255e-36 0 0 -6.26908e-05 -5.00776e-39 6.51944e-05 -6.19781e-42 
22.1 0.221264 -2.21421e-37 -0.0181061 -7.00117e-38 0.00167092 2.25256e-36 0 0 -7.82519e-05 -4.94878e-39 6.07373e-05 -6.06634e-42 
22.2 0.221264 -2.21421e-37 -0.0181153 -7.05172e-38 0.00166491 2.25256e-36 0 0 -9.12307e-05 -4.87093e-39 5.48538e-05 -5.91327e-42 
22.3 0.221264 -2.21421e-37 -0.0181257 -7.10125e-38 0.00165966 2.25257e-36 0 0 -0.000102998 -4.78597e-39 4.8434e-05 -5.75193e-42 
22.4 0.221264 -2.21421e-37 -0.0181372 -7.14927e-38 0.00165556 2.25258e-36 0 0 -0.000113492 -4.7005e-39 4.19751e-05 -5.59315e-42 
22.5 0.221264 -2.21421e-37 -0.0181494 -7.19635e-38 0.00165216 2.25258e-36 0 0 -0.000122021 -4.61486e-39 3.55037e-05 -5.4372e-42 
22.6 0.221264 -2.21421e-37 -0.0181623 -7.24245e-38 0.0016495 2.25258e-36 0 0 -0.000128505 -4.52872e-39 2.89942e-05 -5.28366e-42 
22.7 0.221264 -2.21421e-37 -0.0181756 -7.27623e-38 0.00164845 2.25259e-36 0 0 -0.000133537 -4.44217e-39 2.24535e-05 -5.132e-42 
22.8 0.221264 -2.21421e-37 -0.0181892 -7.34436e-38 0.00164592 2.25259e-36 0 0 -0.000136252 -4.35422e-39 1.58077e-05 -4.98075e-42 
22.9 0.221264 -2.21421e-37 -0.0182028 -7.40867e-38 0.00164627 2.25259e-36 0 0 -0.00013633 -4.26535e-39 9.09201e-06 -4.83147e-42 
23 0.221264 -2.21421e-37 -0.0182162 -7.40867e-38 0.00164627 2.25259e-36 0 0 -0.000134511 -4.17669e-39 2.39215e-06 -4.68535e-42 
23.1 0.221264 -2.21421e-37 -0.0182291 -7.46363e-38 0.00164747 2.25259e-36 0 0 -0.000129963 -4.08905e-39 -4.23095e-06 -4.54301e-42 
23.2 0.221264 -2.21421e-37 -0.0182413 -7.51871e-38 0.00164858 2.25259e-36 0 0 -0.000123751 -4.00276e-39 -1.07513e-05 -4.40478e-42 
23.3 0.221264 -2.21421e-37 -0.0182529 -7.51871e-38 0.00164858 2.25259e-36 0 0 -0.000116514 -3.91827e-39 -1.71358e-05 -4.27145e-42 
23.4 0.221264 -2.21421e-37 -0.0182639 -7.57308e-38 0.0016533 2.25259e-36 0 0 -0.000107816 -3.83228e-39 -2.36342e-05 -4.13663e-42 
23.5 0.221264 -2.21421e-37 -0.0182739 -7.59848e-38 0.0016553 2.25258e-36 0 0 -9.86078e-05 -3.75349e-39 -2.95882e-05 -4.01518e-42 
23.6 0.221264 -2.21421e-37 -0.0182829 -7.64708e-38 0.0016598 2.25258e-36 0 0 -8.71193e-05 -3.67887e-39 -3.5227e-05 -3.90195e-42 
23.7 0.221264 -2.21421e-37 -0.0182904 -7.67156e-38 0.00166291 2.25258e-36 0 0 -7.39084e-05 -3.60624e-39 -4.07157e-05 -3.79297e-42 
23.8 0.221264 -2.21421e-37 -0.0182966 -7.72032e-38 0.00166927 2.25257e-36 0 0 -5.97411e-05 -3.54665e-39 -4.52187e-05 -3.70568e-42 
23.9 0.221264 -2.21421e-37 -0.0183014 -7.7447e-38 0.00167246 2.25257e-36 0 0 -4.53742e-05 -3.49403e-39 -4.91952e-05 -3.62993e-42 
24 0.221264 -2.21421e-37 -0.0183049 -7.79172e-38 0.00168014 2.25256e-36 0 0 -2.94546e-05 -3.43272e-39 -5.38281e-05 -3.53981e-42 
24.1 0.221264 -2.21421e-37 -0.0183069 -7.83837e-38 0.0016881 2.25255e-36 0 0 -1.35281e-05 -3.38548e-39 -5.7398e-05 -3.47588e-42 
24.2 0.221264 -2.21421e-37 -0.0183072 -7.8839e-38 0.00169691 2.25254e-36 0 0 4.08228e-06 -3.34524e-39 -6.04391e-05 -3.42363e-42 
24.3 0.221264 -2.21421e-37 -0.0183059 -7.8839e-38 0.00169691 2.25254e-36 0 0 2.04823e-05 -3.31972e-39 -6.23672e-05 -3.39649e-42 
24.4 0.221264 -2.21421e-37 -0.0183029 -7.93339e-38 0.00170612 2.25254e-36 0 0 3.67456e-05 -3.30401e-39 -6.35545e-05 -3.38635e-42 
24.5 0.221264 -2.21421e-37 -0.0182984 -7.98228e-38 0.00171578 2.25253e-36 0 0 5.34799e-05 -3.2944e-39 -6.42808e-05 -3.3871e-42 
24.6 0.221264 -2.21421e-37 -0.0182922 -7.98228e-38 0.00171578 2.25253e-36 0 0 7.05078e-05 -3.29021e-39 -6.45979e-05 -3.39751e-42 
24.7 0.221264 -2.21421e-37 -0.0182843 -8.08118e-38 0.00173425 2.25251e-36 0 0 8.70468e-05 -3.29249e-39 -6.44254e-05 -3.41904e-42 
24.8 0.221264 -2.21421e-37 -0.018275 -8.08118e-38 0.00173425 2.25251e-36 0 0 0.000102533 -3.30171e-39 -6.37286e-05 -3.45222e-42 
24.9 0.221264 -2.21421e-37 -0.0182642 -8.08118e-38 0.00173425 2.25251e-36 0 0 0.000117189 -3.31768e-39 -6.25214e-05 -3.49683e-42 
25 0.221264 -2.21421e-37 -0.018252 -8.17143e-38 0.00174994 2.25249e-36 0 0 0.000130874 -3.33909e-39 -6.09032e-05 -3.55071e-42 
25.1 0.221264 -2.21421e-37 -0.0182385 -8.17143e-38 0.00174994 2.25249e-36 0 0 0.000143563 -3.36573e-39 -5.88905e-05 -3.61349e-42 
25.2 0.221264 -2.21421e-37 -0.0182236 -8.17143e-38 0.00174994 2.25249e-36 0 0 0.000155308 -3.39805e-39 -5.64482e-05 -3.68594e-42 
25.3 0.221264 -2.21421e-37 -0.0182078 -8.23062e-38 0.00175901 2.25248e-36 0 0 0.000165187 -3.44134e-39 -5.31764e-05 -3.77716e-42 
25.4 0.221264 -2.21421e-37 -0.018191 -8.2908e-38 0.00176733 2.25248e-36 0 0 0.000173684 -3.49136e-39 -4.93963e-05 -3.87973e-42 
25.5 0.221264 -2.21421e-37 -0.0181734 -8.2908e-38 0.00176733 2.25248e-36 0 0 0.000181078 -3.54082e-39 -4.56589e-05 -3.98067e-42 
25.6 0.221264 -2.21421e-37 -0.0181551 -8.35305e-38 0.00177408 2.25247e-36 0 0 0.000186842 -3.59666e-39 -4.14383e-05 -4.09225e-42 
25.7 0.221264 -2.21421e-37 -0.0181364 -8.35305e-38 0.00177408 2.25247e-36 0 0 0.000190535 -3.66347e-39 -3.63898e-05 -4.22246e-42 
25.8 0.221264 -2.21421e-37 -0.0181174 -8.40703e-38 0.00177839 2.25247e-36 0 0 0.000192761 -3.72957e-39 -3.13943e-05 -4.35029e-42 
25.9 0.221264 -2.21421e-37 -0.0180981 -8.43399e-38 0.00178026 2.25247e-36 0 0 0.000193219 -3.79902e-39 -2.61458e-05 -4.48288e-42 
26 0.221264 -2.21421e-37 -0.0180789 -8.46131e-38 0.00178186 2.25246e-36 0 0 0.000191356 -3.88107e-39 -1.99449e-05 -4.63643e-42 
26.1 0.221264 -2.21421e-37 -0.0180599 -8.54586e-38 0.00178469 2.25246e-36 0 0 0.000188741 -3.95126e-39 -1.46409e-05 -4.76723e-42 
26.2 0.221264 -2.21421e-37 -0.0180415 -8.54586e-38 0.00178469 2.25246e-36 0 0 0.000182346 -4.05452e-39 -6.8371e-06 -4.95478e-42 
26.3 0.221264 -2.21421e-37 -0.0180237 -8.60436e-38 0.00178496 2.25246e-36 0 0 0.000175343 -4.13209e-39 -9.74604e-07 -5.09468e-42 
26.4 0.221264 -2.21421e-37 -0.0180066 -8.66418e-38 0.00178424 2.25247e-36 0 0 0.000167787 -4.1897e-39 3.37918e-06 -5.19715e-42 
26.5 0.221264 -2.21421e-37 -0.0179904 -8.72536e-38 0.00178249 2.25247e-36 0 0 0.000158628 -4.26062e-39 8.7387e-06 -5.32139e-42 
26.6 0.221264 -2.21421e-37 -0.0179752 -8.72536e-38 0.00178249 2.25247e-36 0 0 0.000147654 -4.30858e-39 1.23629e-05 -5.40328e-42 
26.7 0.221264 -2.21421e-37 -0.0179614 -8.76448e-38 0.00178247 2.25247e-36 0 0 0.000130665 -4.40203e-39 1.94255e-05 -5.56425e-42 
26.8 0.221264 -2.21421e-37 -0.0179503 -8.81182e-38 0.00177624 2.25248e-36 0 0 9.59951e-05 -4.78315e-39 4.82272e-05 -6.22701e-42 
26.9 0.221264 -2.21421e-37 -0.0179415 -8.86055e-38 0.00177114 2.25248e-36 0 0 9.35102e-05 -4.76571e-39 4.69091e-05 -6.17287e-42 
27 0.221264 -2.21421e-37 -0.017933 -8.91791e-38 0.00176587 2.25249e-36 0 0 8.2014e-05 -4.72646e-39 4.39429e-05 -6.08545e-42 
27.1 0.221264 -2.21421e-37 -0.0179262 -8.95613e-38 0.00176236 2.2525e-36 0 0 6.73284e-05 -4.68418e-39 4.07481e-05 -5.99404e-42 
27.2 0.221264 -2.21421e-37 -0.017921 -8.99349e-38 0.00175952 2.2525e-36 0 0 4.97334e-05 -4.63668e-39 3.71584e-05 -5.89514e-42 
27.3 0.221264 -2.21421e-37 -0.0179178 -9.04855e-38 0.00175547 2.2525e-36 0 0 2.88646e-05 -4.61346e-39 3.54036e-05 -5.84006e-42 
27.4 0.221264 -2.21421e-37 -0.0179165 -9.08442e-38 0.00175273 2.25251e-36 0 0 6.6741e-06 -4.61076e-39 3.51992e-05 -5.82118e-42 
27.5 0.221264 -2.21421e-37 -0.0179172 -9.15651e-38 0.00174699 2.25252e-36 0 0 -1.86178e-05 -4.63341e-39 3.69112e-05 -5.84629e-42 
27.6 0.221264 -2.21421e-37 -0.0179201 -9.19281e-38 0.00174393 2.25252e-36 0 0 -4.05836e-05 -4.66571e-39 3.93522e-05 -5.88727e-42 
27.7 0.221264 -2.21421e-37 -0.0179252 -9.22938e-38 0.00174067 2.25252e-36 0 0 -6.07332e-05 -4.70817e-39 4.25609e-05 -5.94449e-42 
27.8 0.221264 -2.21421e-37 -0.0179323 -9.26631e-38 0.00173713 2.25253e-36 0 0 -8.04746e-05 -4.75568e-39 4.61511e-05 -6.00862e-42 
27.9 0.221264 -2.21421e-37 -0.0179412 -9.34073e-38 0.00172962 2.25254e-36 0 0 -9.92694e-05 -4.79467e-39 4.90978e-05 -6.05647e-42 
28 0.221264 -2.21421e-37 -0.017952 -9.41606e-38 0.00172144 2.25255e-36 0 0 -0.000117761 -4.8248e-39 5.13744e-05 -6.08768e-42 
28.1 0.221264 -2.21421e-37 -0.0179647 -9.41606e-38 0.00172144 2.25255e-36 0 0 -0.000135622 -4.84282e-39 5.27365e-05 -6.09703e-42 
28.2 0.221264 -2.21421e-37 -0.0179791 -9.49148e-38 0.00171318 2.25256e-36 0 0 -0.000152987 -4.84214e-39 5.26854e-05 -6.07412e-42 
28.3 0.221264 -2.21421e-37 -0.0179952 -9.56612e-38 0.00170551 2.25257e-36 0 0 -0.000169992 -4.82504e-39 5.13926e-05 -6.02295e-42 
28.4 0.221264 -2.21421e-37 -0.018013 -9.56612e-38 0.00170551 2.25257e-36 0 0 -0.00018708 -4.79997e-39 4.94986e-05 -5.95825e-42 
28.5 0.221264 -2.21421e-37 -0.018033 -9.63042e-38 0.00169974 2.25258e-36 0 0 -0.00020274 -4.74991e-39 4.57155e-05 -5.85335e-42 
28.6 0.221264 -2.21421e-37 -0.0180545 -9.65943e-38 0.00169708 2.25258e-36 0 0 -0.00021763 -4.69681e-39 4.17029e-05 -5.74508e-42 
28.7 0.221264 -2.21421e-37 -0.0180775 -9.74422e-38 0.00169079 2.25259e-36 0 0 -0.000230929 -4.64215e-39 3.75717e-05 -5.6366e-42 
28.8 0.221264 -2.21421e-37 -0.0181017 -9.74422e-38 0.00169079 2.25259e-36 0 0 -0.000241948 -4.58771e-39 3.3458e-05 -5.53134e-42 
28.9 0.221264 -2.21421e-37 -0.018127 -9.80061e-38 0.00168671 2.25259e-36 0 0 -0.000250414 -4.53407e-39 2.94047e-05 -5.42892e-42 
29 0.221264 -2.21421e-37 -0.0181528 -9.85537e-38 0.00168386 2.2526e-36 0 0 -0.000256951 -4.48313e-39 2.55552e-05 -5.33351e-42 
29.1 0.221264 -2.21421e-37 -0.0181789 -9.90899e-38 0.00168186 2.2526e-36 0 0 -0.000262409 -4.43558e-39 2.19621e-05 -5.24506e-42 
29.2 0.221264 -2.21421e-37 -0.0182054 -9.95622e-38 0.00167996 2.25261e-36 0 0 -0.000266203 -4.39299e-39 1.87429e-05 -5.16586e-42 
29.3 0.221264 -2.21421e-37 -0.0182319 -1.0003e-37 0.00167843 2.25261e-36 0 0 -0.000265539 -4.34505e-39 1.51206e-05 -5.07903e-42 
29.4 0.221264 -2.21421e-37 -0.0182584 -1.0049e-37 0.00167745 2.25261e-36 0 0 -0.000264949 -4.29381e-39 1.12485e-05 -4.98816e-42 
29.5 0.221264 -2.21421e-37 -0.0182847 -1.01396e-37 0.00167654 2.25261e-36 0 0 -0.000262328 -4.24179e-39 7.31722e-06 -4.89745e-42 
29.6 0.221264 -2.21421e-37 -0.0183106 -1.01396e-37 0.00167654 2.25261e-36 0 0 -0.000258698 -4.19684e-39 3.92017e-06 -4.8198e-42 
29.7 0.221264 -2.21421e-37 -0.0183361 -1.01396e-37 0.00167654 2.25261e-36 0 0 -0.00025402 -4.1586e-39 1.03075e-06 -4.7546e-42 
29.8 0.221264 -2.21421e-37 -0.0183608 -1.02276e-37 0.00167766 2.25261e-36 0 0 -0.000246666 -4.10511e-39 -3.01155e-06 -4.66541e-42 
29.9 0.221264 -2.21421e-37 -0.0183848 -1.02276e-37 0.00167766 2.25261e-36 0 0 -0.00023682 -4.03881e-39 -8.02183e-06 -4.55628e-42 
30 0.221264 -2.21421e-37 -0.0184077 -1.0313e-37 0.00168074 2.25261e-36 0 0 -0.00022603 -3.98919e-39 -1.17714e-05 -4.47612e-42 
30.1 0.221264 -2.21421e-37 -0.0184296 -1.0313e-37 0.00168074 2.25261e-36 0 0 -0.000214686 -3.96397e-39 -1.36774e-05 -4.43773e-42 
30.2 0.221264 -2.21421e-37 -0.0184502 -1.03519e-37 0.0016819 2.25261e-36 0 0 -0.000198126 -3.89507e-39 -1.88841e-05 -4.32715e-42 
30.3 0.221264 -2.21421e-37 -0.018469 -1.0385e-37 0.00168417 2.25261e-36 0 0 -0.000177513 -3.78399e-39 -2.72781e-05 -4.14775e-42 
30.4 0.221264 -2.21421e-37 -0.018486 -1.04177e-37 0.00168683 2.25261e-36 0 0 -0.000161318 -3.73187e-39 -3.12164e-05 -4.06931e-42 
30.5 0.221264 -2.21421e-37 -0.0185012 -1.04591e-37 0.0016906 2.2526e-36 0 0 -0.000143015 -3.67038e-39 -3.58629e-05 -3.97558e-42 
30.6 0.221264 -2.21421e-37 -0.0185143 -1.04859e-37 0.00169377 2.2526e-36 0 0 -0.000119078 -3.53416e-39 -4.61569e-05 -3.75765e-42 
30.7 0.221264 -2.21421e-37 -0.0185259 -1.05396e-37 0.00169998 2.2526e-36 0 0 -0.000112819 -3.69897e-39 -3.37028e-05 -4.05024e-42 
30.8 0.221264 -2.21421e-37 -0.0185351 -1.05643e-37 0.00170192 2.25259e-36 0 0 -8.98704e-05 -3.66129e-39 -3.65498e-05 -3.99793e-42 
30.9 0.221264 -2.21421e-37 -0.0185423 -1.06128e-37 0.00170644 2.25259e-36 0 0 -6.75129e-05 -3.67629e-39 -3.54162e-05 -4.03442e-42 
31 0.221264 -2.21421e-37 -0.0185475 -1.06335e-37 0.00170852 2.25259e-36 0 0 -4.56851e-05 -3.68274e-39 -3.4929e-05 -4.05648e-42 
31.1 0.221264 -2.21421e-37 -0.0185508 -1.06683e-37 0.0017116 2.25259e-36 0 0 -2.58989e-05 -3.72692e-39 -3.15901e-05 -4.14227e-42 
31.2 0.221264 -2.21421e-37 -0.0185514 -1.0707e-37 0.00171482 2.25258e-36 0 0 1.88367e-06 -3.73686e-39 -3.08394e-05 -4.16907e-42 
31.3 0.221264 -2.21421e-37 -0.01855 -1.07458e-37 0.00171799 2.25258e-36 0 0 2.41003e-05 -3.7406e-39 -3.05567e-05 -4.18507e-42 
31.4 0.221264 -2.21421e-37 -0.0185464 -1.0788e-37 0.00172152 2.25258e-36 0 0 4.7627e-05 -3.72643e-39 -3.16278e-05 -4.17042e-42 
31.5 0.221264 -2.21421e-37 -0.0185405 -1.08299e-37 0.00172526 2.25257e-36 0 0 6.9734e-05 -3.70402e-39 -3.33206e-05 -4.14195e-42 
31.6 0.221264 -2.21421e-37 -0.0185326 -1.08577e-37 0.00172781 2.25257e-36 0 0 9.04056e-05 -3.68461e-39 -3.47878e-05 -4.11878e-42 
31.7 0.221264 -2.21421e-37 -0.0185225 -1.09102e-37 0.00173301 2.25257e-36 0 0 0.000111023 -3.66076e-39 -3.65904e-05 -4.08844e-42 
31.8 0.221264 -2.21421e-37 -0.0185106 -1.0935e-37 0.00173554 2.25257e-36 0 0 0.000128283 -3.65532e-39 -3.70015e-05 -4.09024e-42 
31.9 0.221264 -2.21421e-37 -0.0184968 -1.09895e-37 0.00174079 2.25256e-36 0 0 0.000145246 -3.66566e-39 -3.62198e-05 -4.1194e-42 
32 0.221264 -2.21421e-37 -0.0184808 -1.10165e-37 0.00174314 2.25256e-36 0 0 0.000161021 -3.7007e-39 -3.3572e-05 -4.19088e-42 
32.1 0.221264 -2.21421e-37 -0.0184637 -1.10492e-37 0.00174571 2.25256e-36 0 0 0.000175829 -3.74656e-39 -3.01058e-05 -4.28061e-42 
32.2 0.221264 -2.21421e-37 -0.0184451 -1.10822e-37 0.00174808 2.25255e-36 0 0 0.000189603 -3.798e-39 -2.62189e-05 -4.37908e-42 
32.3 0.221264 -2.21421e-37 -0.0184253 -1.11157e-37 0.00175006 2.25255e-36 0 0 0.000204329 -3.85075e-39 -2.22322e-05 -4.47899e-42 
32.4 0.221264 -2.21421e-37 -0.0184043 -1.12183e-37 0.00175432 2.25255e-36 0 0 0.000216018 -3.91082e-39 -1.7693e-05 -4.59065e-42 
32.5 0.221264 -2.21421e-37 -0.0183823 -1.12183e-37 0.00175432 2.25255e-36 0 0 0.000226008 -3.96671e-39 -1.34693e-05 -4.69378e-42 
32.6 0.221264 -2.21421e-37 -0.0183594 -1.12806e-37 0.00175556 2.25255e-36 0 0 0.000234342 -4.01911e-39 -9.50957e-06 -4.78955e-42 
32.7 0.221264 -2.21421e-37 -0.0183358 -1.12806e-37 0.00175556 2.25255e-36 0 0 0.00024095 -4.0708e-39 -5.60323e-06 -4.88285e-42 
32.8 0.221264 -2.21421e-37 -0.0183115 -1.13359e-37 0.00175593 2.25255e-36 0 0 0.000245943 -4.11633e-39 -2.16222e-06 -4.96417e-42 
32.9 0.221264 -2.21421e-37 -0.0182868 -1.1392e-37 0.0017557 2.25255e-36 0 0 0.000249029 -4.15647e-39 8.71148e-07 -5.03492e-42 
33 0.221264 -2.21421e-37 -0.018262 -1.14487e-37 0.00175502 2.25255e-36 0 0 0.000249633 -4.19497e-39 3.78067e-06 -5.10171e-42 
33.1 0.221264 -2.21421e-37 -0.0182372 -1.14487e-37 0.00175502 2.25255e-36 0 0 0.000248293 -4.23115e-39 6.51464e-06 -5.16342e-42 
33.2 0.221264 -2.21421e-37 -0.0182126 -1.1506e-37 0.00175387 2.25256e-36 0 0 0.000244799 -4.26934e-39 9.40104e-06 -5.22753e-42 
33.3 0.221264 -2.21421e-37 -0.0181886 -1.16231e-37 0.00174975 2.25256e-36 0 0 0.000239523 -4.30994e-39 1.2469e-05 -5.29465e-42 
33.4 0.221264 -2.21421e-37 -0.0181652 -1.16231e-37 0.00174975 2.25256e-36 0 0 0.000233469 -4.34922e-39 1.54372e-05 -5.35822e-42 
33.5 0.221264 -2.21421e-37 -0.0181424 -1.16231e-37 0.00174975 2.25256e-36 0 0 0.00022638 -4.38796e-39 1.83654e-05 -5.41964e-42 
33.6 0.221264 -2.21421e-37 -0.0181204 -1.17429e-37 0.00174353 2.25257e-36 0 0 0.000218398 -4.41841e-39 2.06666e-05 -5.46579e-42 
33.7 0.221264 -2.21421e-37 -0.0180993 -1.17429e-37 0.00174353 2.25257e-36 0 0 0.000209532 -4.44006e-39 2.23024e-05 -5.49582e-42 
33.8 0.221264 -2.21421e-37 -0.018079 -1.18454e-37 0.00173818 2.25258e-36 0 0 0.000199705 -4.45543e-39 2.3464e-05 -5.51401e-42 
33.9 0.221264 -2.21421e-37 -0.0180601 -1.18454e-37 0.00173818 2.25258e-36 0 0 0.0001875 -4.48202e-39 2.54737e-05 -5.55075e-42 
34 0.221264 -2.21421e-37 -0.0180423 -1.18454e-37 0.00173818 2.25258e-36 0 0 0.000173579 -4.51167e-39 2.77139e-05 -5.59183e-42 
34.1 0.221264 -2.21421e-37 -0.0180258 -1.1902e-37 0.00173458 2.25259e-36 0 0 0.00015898 -4.53396e-39 2.93985e-05 -5.6194e-42 
34.2 0.221264 -2.21421e-37 -0.0180107 -1.19591e-37 0.00173068 2.25259e-36 0 0 0.000143667 -4.54969e-39 3.05871e-05 -5.6349e-42 
34.3 0.221264 -2.21421e-37 -0.0179972 -1.1974e-37 0.0017297 2.25259e-36 0 0 0.000127893 -4.56613e-39 3.18296e-05 -5.651e-42 
34.4 0.221264 -2.21421e-37 -0.0179857 -1.20177e-37 0.00172661 2.2526e-36 0 0 0.000109596 -4.57449e-39 3.2461e-05 -5.65261e-42 
34.5 0.221264 -2.21421e-37 -0.0179765 -1.20614e-37 0.0017235 2.2526e-36 0 0 9.14227e-05 -4.57284e-39 3.23368e-05 -5.63693e-42 
34.6 0.221264 -2.21421e-37 -0.017969 -1.21487e-37 0.00171733 2.25261e-36 0 0 7.47161e-05 -4.57309e-39 3.23552e-05 -5.624e-42 
34.7 0.221264 -2.21421e-37 -0.0179631 -1.22354e-37 0.0017117 2.25262e-36 0 0 5.73174e-05 -4.56182e-39 3.15038e-05 -5.59081e-42 
34.8 0.221264 -2.21421e-37 -0.0179587 -1.22354e-37 0.0017117 2.25262e-36 0 0 3.99524e-05 -4.54538e-39 3.02615e-05 -5.55005e-42 
