0 2.56871 -5.52565e-13 5250.76 0 0 0 25.1144 0 0 2.14491e-07 -7.49281e-21 2.44335e-06 -3.74553e-14 -40.6675 1.09872e-12 4.8121 3.27857 -8.76386e-13 5253.52 3.27857 -1.07977e-12 5253.52 
0.1 1.92665 2.4268e-06 5452.11 0 0 0 25.1144 0 0 2.21211e-07 -8.04249e-15 2.38315e-06 -7.19531e-08 -15.8057 4.83234e-06 4.83476 3.09814 2.07599e-06 5454.67 3.09814 2.07599e-06 5454.67 
0.2 7.2745 1.7403e-06 5485.76 0 0 0 25.1144 0 0 2.24747e-07 -9.28483e-16 2.27569e-06 -6.19902e-07 5.53687 4.25641e-06 4.88462 8.91865 1.75776e-06 5489.21 8.91865 1.75776e-06 5489.21 
0.3 12.1777 9.29487e-07 5534.67 0 0 0 25.1144 0 0 2.3846e-07 -1.02977e-16 2.2879e-06 -2.69171e-07 25.5855 2.24761e-06 4.92729 14.2301 9.30694e-07 5538.85 14.2301 9.30694e-07 5538.85 
0.4 15.5157 1.09103e-07 5575.74 0 0 0 25.1144 0 0 2.35991e-07 6.282e-19 2.19813e-06 -8.98552e-08 34.0133 4.29978e-07 4.94743 17.5215 1.44656e-07 5579.48 17.5215 1.44657e-07 5579.48 
0.5 18.6281 -1.47828e-07 5595.45 0 0 0 25.1144 0 0 2.41902e-07 -4.18714e-18 2.20036e-06 2.82843e-08 37.6231 -3.49237e-07 4.95848 20.2986 -1.44766e-07 5598.08 20.2986 -1.44766e-07 5598.08 
0.6 20.2133 -1.28349e-08 5598.39 0 0 0 25.1144 0 0 2.39692e-07 -1.00886e-17 2.17118e-06 1.50095e-09 24.7879 -6.62002e-08 4.95371 21.4022 -1.46756e-08 5600.03 21.4022 -1.46763e-08 5600.03 
0.7 20.5563 -3.3755e-07 5583.79 0 0 0 25.1144 0 0 2.40746e-07 -1.97567e-17 2.1906e-06 7.88033e-08 1.92364 -7.98194e-07 4.93514 21.2083 -3.39995e-07 5584.98 21.2083 -3.39995e-07 5584.98 
0.8 20.5691 -4.54644e-07 5559.97 0 0 0 25.1144 0 0 2.41313e-07 -2.15736e-17 2.22904e-06 1.25218e-07 -20.4312 -1.10043e-06 4.91658 20.8236 -4.6437e-07 5561.5 20.8236 -4.6437e-07 5561.5 
0.9 19.9353 -1.78244e-07 5524.9 0 0 0 25.1144 0 0 2.3996e-07 -6.31238e-18 2.18375e-06 7.18656e-08 -44.3275 -4.44276e-07 4.89715 20.0365 -1.82202e-07 5527.41 20.0365 -1.82202e-07 5527.41 
1 19.2209 -6.85376e-08 5506.48 0 0 0 25.1144 0 0 2.41285e-07 -5.83798e-21 2.27408e-06 2.83204e-08 -54.7731 -1.57704e-07 4.88792 19.3783 -7.09145e-08 5510.24 19.3783 -7.09147e-08 5510.24 
1.1 18.826 0.00424986 5495.74 0 0 0 25.1144 0 0 2.44307e-07 -2.99254e-18 2.23356e-06 -0.00145668 -70.937 0.0134317 4.88641 19.7002 0.00438043 5500.94 19.7002 0.00438043 5500.94 
1.2 18.8052 -0.000229404 5494.84 0 0 0 25.1144 0 0 2.4332e-07 -2.98772e-14 2.2184e-06 -1.89204e-05 -53.2331 2.08961e-05 4.89527 19.9894 -6.80806e-05 5500.8 19.9894 -6.80806e-05 5500.8 
1.3 17.5841 -0.000417808 5502.35 0 0 0 25.1144 0 0 2.44054e-07 -5.35591e-14 2.1904e-06 3.34156e-05 -38.3428 -0.000465977 4.90624 19.0612 -0.000295914 5509.55 19.0612 -0.000295914 5509.55 
1.4 16.3132 -0.00178346 5514.06 0 0 0 25.1144 0 0 2.44585e-07 -1.09116e-13 2.19304e-06 0.000365317 -20.7833 -0.00344794 4.91728 18.0075 -0.00167591 5522.19 18.0075 -0.00167591 5522.19 
1.5 14.8365 -0.00283386 5528.71 0 0 0 25.1144 0 0 2.43365e-07 -7.58168e-14 2.20226e-06 0.000662208 3.72479 -0.00549528 4.92751 16.5712 -0.00274384 5537.06 16.5712 -0.00274384 5537.06 
1.6 13.6158 -0.00399885 5541.85 0 0 0 25.1144 0 0 2.41346e-07 -3.01499e-14 2.20681e-06 0.000954589 27.5784 -0.00756206 4.94151 15.2825 -0.00389632 5549.84 15.2825 -0.00389632 5549.84 
1.7 11.7791 -0.00534125 5549.52 0 0 0 25.1144 0 0 2.40874e-07 -3.56044e-14 2.22732e-06 0.00127052 44.5044 -0.00996374 4.94686 13.2768 -0.00523659 5556.7 13.2768 -0.00523659 5556.7 
1.8 10.0767 -0.00658458 5548.86 0 0 0 25.1144 0 0 2.39231e-07 -5.0604e-14 2.23064e-06 0.00154264 51.4095 -0.0119739 4.94036 11.3528 -0.00645798 5554.87 11.3528 -0.00645798 5554.87 
1.9 8.58273 -0.00769193 5543.5 0 0 0 25.1144 0 0 2.37827e-07 -4.76794e-14 2.28009e-06 0.00179165 51.0726 -0.0136796 4.92782 9.68198 -0.00757442 5548.24 9.68198 -0.00757442 5548.24 
2 6.43522 0.01379 5536.04 0 0 0 25.1144 0 0 2.39199e-07 -1.75279e-13 2.25575e-06 -0.00547179 37.4555 0.0475329 4.91553 7.55446 0.0134435 5539.66 7.55446 0.0134435 5539.66 
2.1 4.87598 -0.0100818 5532.64 0 0 0 25.1144 0 0 2.40354e-07 -1.50181e-13 2.24138e-06 0.00245909 19.7778 -0.0172962 4.9139 5.9716 -0.00989942 5535.31 5.9716 -0.00989942 5535.31 
2.2 3.53048 -0.0105339 5530.81 0 0 0 25.1144 0 0 2.40993e-07 -1.46432e-13 2.22034e-06 0.00246689 -0.283062 -0.0173705 4.9215 4.61886 -0.0103135 5533.25 4.61886 -0.0103135 5533.25 
2.3 2.98179 -0.0107529 5527.79 0 0 0 25.1144 0 0 2.40984e-07 -1.73806e-13 2.2181e-06 0.00247628 -12.7478 -0.0174791 4.92338 4.08872 -0.0105501 5530.42 4.08872 -0.0105501 5530.42 
2.4 2.96745 -0.0111371 5522.53 0 0 0 25.1144 0 0 2.39418e-07 -1.5259e-13 2.22608e-06 0.00254894 -16.7141 -0.0179976 4.91497 4.1296 -0.0109323 5525.5 4.1296 -0.0109323 5525.5 
2.5 3.15744 -0.0112858 5519.01 0 0 0 25.1144 0 0 2.3841e-07 -1.40319e-13 2.25274e-06 0.00253805 -14.3312 -0.017755 4.90691 4.41346 -0.0110707 5522.28 4.41346 -0.0110707 5522.28 
2.6 3.21385 -0.0110353 5520.01 0 0 0 25.1144 0 0 2.38323e-07 -1.64991e-13 2.24015e-06 0.00238522 -10.5241 -0.0165962 4.9086 4.56963 -0.0108157 5523.5 4.56963 -0.0108157 5523.5 
2.7 3.26316 -0.0103349 5524.89 0 0 0 25.1144 0 0 2.38306e-07 -1.62413e-13 2.23101e-06 0.002122 -6.43407 -0.0146373 4.91533 4.68898 -0.0101018 5528.52 4.68898 -0.0101018 5528.52 
2.8 3.32441 -0.00990578 5531.01 0 0 0 25.1144 0 0 2.3762e-07 -1.22069e-13 2.24309e-06 0.00196689 -0.56572 -0.0133215 4.92103 4.77669 -0.00962776 5534.72 4.77669 -0.00962776 5534.72 
2.9 3.25126 -0.00988828 5535.29 0 0 0 25.1144 0 0 2.37187e-07 -1.10501e-13 2.24261e-06 0.00192721 3.55384 -0.0129038 4.92145 4.68325 -0.00956239 5538.98 4.68325 -0.00956239 5538.98 
3 2.90668 0.0203322 5538.31 0 0 0 25.1144 0 0 2.36477e-07 -1.92644e-13 2.24069e-06 -0.00897337 5.41122 0.0704378 4.92171 4.21672 0.0202516 5542.04 4.21672 0.0202516 5542.04 
3.1 2.734 -0.0118609 5537.58 0 0 0 25.1144 0 0 2.36565e-07 -1.96068e-13 2.23395e-06 0.0024419 6.3526 -0.0169895 4.92249 3.97434 -0.0117657 5541.12 3.97434 -0.0117657 5541.12 
3.2 2.43926 -0.012028 5535.28 0 0 0 25.1144 0 0 2.36355e-07 -1.96879e-13 2.23522e-06 0.00253706 7.29095 -0.0175043 4.92117 3.62153 -0.0119592 5538.71 3.62153 -0.0119592 5538.71 
3.3 2.51711 -0.011139 5530.53 0 0 0 25.1144 0 0 2.35429e-07 -1.86643e-13 2.25376e-06 0.00233475 11.7256 -0.0156071 4.91617 3.68062 -0.0110598 5533.72 3.68062 -0.0110598 5533.72 
3.4 2.94851 -0.00991249 5525.59 0 0 0 25.1144 0 0 2.34133e-07 -1.63743e-13 2.27069e-06 0.00207241 17.1288 -0.0133839 4.90828 4.13931 -0.00984397 5528.33 4.13931 -0.00984397 5528.33 
3.5 3.41916 -0.00903988 5523.75 0 0 0 25.1144 0 0 2.33277e-07 -1.84435e-13 2.29515e-06 0.00185257 17.6914 -0.0116212 4.90452 4.66853 -0.00897477 5525.95 4.66853 -0.00897477 5525.95 
3.6 3.76493 -0.00941088 5525.71 0 0 0 25.1144 0 0 2.34291e-07 -1.73791e-13 2.26729e-06 0.00190039 10.3624 -0.0121133 4.90731 5.07484 -0.00933156 5527.47 5.07484 -0.00933156 5527.47 
3.7 4.25729 -0.0101458 5528.95 0 0 0 25.1144 0 0 2.35188e-07 -1.61765e-13 2.26275e-06 0.00205245 0.538515 -0.0134722 4.91103 5.60504 -0.0100791 5530.54 5.60504 -0.0100791 5530.54 
3.8 5.02295 -0.0110888 5531.4 0 0 0 25.1144 0 0 2.35891e-07 -1.69797e-13 2.24476e-06 0.00225471 -7.00821 -0.0153026 4.91251 6.38358 -0.01104 5533.07 6.38358 -0.01104 5533.07 
3.9 5.86806 -0.0120676 5532.75 0 0 0 25.1144 0 0 2.36625e-07 -1.82213e-13 2.22504e-06 0.00247997 -11.7537 -0.0171414 4.91358 7.22541 -0.0120432 5534.67 7.22541 -0.0120432 5534.67 
4 6.60016 0.0130773 5532.75 0 0 0 25.1144 0 0 2.36301e-07 -2.3819e-14 2.23235e-06 -0.00666378 -11.8706 0.0533065 4.91417 7.92489 0.0130367 5534.97 7.92489 0.0130367 5534.97 
4.1 7.61881 -0.0139819 5531.52 0 0 0 25.1144 0 0 2.36299e-07 -1.42208e-14 2.23809e-06 0.00292693 -10.4567 -0.0199839 4.91261 8.91547 -0.0139084 5534.06 8.91547 -0.0139084 5534.06 
4.2 8.46027 -0.0152324 5529.65 0 0 0 25.1144 0 0 2.36362e-07 -7.87881e-15 2.22874e-06 0.00317835 -5.84149 -0.0218391 4.90988 9.75949 -0.0151298 5532.39 9.75949 -0.0151298 5532.39 
4.3 9.13505 -0.0159878 5528.75 0 0 0 25.1144 0 0 2.35378e-07 7.48014e-15 2.28099e-06 0.00329017 -2.53493 -0.0229602 4.90933 10.4486 -0.015862 5531.57 10.4486 -0.015862 5531.57 
4.4 9.68531 -0.0169383 5528.67 0 0 0 25.1144 0 0 2.36133e-07 2.88519e-14 2.25264e-06 0.00348977 -0.033862 -0.0245104 4.91032 11.0171 -0.0168141 5531.48 11.0171 -0.0168141 5531.48 
4.5 10.1995 -0.0166317 5529.7 0 0 0 25.1144 0 0 2.36408e-07 -2.88052e-14 2.25287e-06 0.00336694 0.409759 -0.0235824 4.91129 11.5454 -0.0165294 5532.49 11.5454 -0.0165294 5532.49 
4.6 10.6683 -0.0158184 5530.12 0 0 0 25.1144 0 0 2.37e-07 -3.78275e-14 2.23838e-06 0.00308005 1.23729 -0.0216766 4.91205 12.0243 -0.015707 5532.87 12.0243 -0.015707 5532.87 
4.7 11.112 -0.0148925 5530.81 0 0 0 25.1144 0 0 2.36948e-07 -4.75142e-14 2.25352e-06 0.00276994 0.685964 -0.0192487 4.91264 12.4716 -0.0147735 5533.53 12.4716 -0.0147735 5533.53 
4.8 11.5245 -0.0139655 5531.58 0 0 0 25.1144 0 0 2.37715e-07 -6.31464e-14 2.23594e-06 0.00243822 -0.989531 -0.0166804 4.91314 12.8822 -0.0138367 5534.3 12.8822 -0.0138367 5534.3 
4.9 11.8865 -0.0131658 5531.18 0 0 0 25.1144 0 0 2.38172e-07 -7.23147e-14 2.22945e-06 0.00214387 -2.03174 -0.0146489 4.91368 13.2386 -0.0130431 5533.95 13.2386 -0.0130431 5533.95 
5 12.2252 -0.0129058 5531.48 0 0 0 25.1144 0 0 2.38089e-07 -7.60817e-14 2.26314e-06 0.00200094 -4.15699 -0.0136003 4.91375 13.5711 -0.0127916 5534.33 13.5711 -0.0127916 5534.33 
5.1 12.3659 0.0103228 5529.54 0 0 0 25.1144 0 0 2.38775e-07 -3.57546e-13 2.22781e-06 -0.00588415 -4.35674 0.0500036 4.91335 13.7344 0.0097942 5532.53 13.7344 0.0097942 5532.53 
5.2 12.7386 -0.0114845 5529.92 0 0 0 25.1144 0 0 2.39042e-07 -3.58617e-13 2.22766e-06 0.00159177 -5.15615 -0.0105918 4.91304 14.092 -0.0113194 5533.01 14.092 -0.0113194 5533.01 
5.3 12.8804 -0.00976141 5530.13 0 0 0 25.1144 0 0 2.39296e-07 -3.47431e-13 2.22661e-06 0.00122547 -5.71404 -0.00755566 4.91341 14.2397 -0.00952584 5533.36 14.2397 -0.00952584 5533.36 
5.4 12.9161 -0.00645687 5529.9 0 0 0 25.1144 0 0 2.39513e-07 -3.33758e-13 2.22493e-06 0.000516658 -5.99381 -0.00182781 4.91409 14.2804 -0.00620785 5533.28 14.2804 -0.00620785 5533.28 
5.5 12.8365 -0.00288694 5530.49 0 0 0 25.1144 0 0 2.39785e-07 -3.18622e-13 2.22012e-06 -0.000241517 -6.21054 0.003947 4.91508 14.2014 -0.00261427 5534.04 14.2014 -0.00261427 5534.04 
5.6 12.6539 0.000869473 5531.01 0 0 0 25.1144 0 0 2.39605e-07 -3.23125e-13 2.23666e-06 -0.000969503 -5.91844 0.00965317 4.91598 14.0137 0.00111789 5534.75 14.0137 0.00111789 5534.75 
5.7 12.3652 0.00468397 5531.95 0 0 0 25.1144 0 0 2.40039e-07 -2.94e-13 2.21604e-06 -0.00170516 -4.00767 0.0155921 4.91678 13.7146 0.00492533 5535.86 13.7146 0.00492533 5535.86 
5.8 11.9416 0.00781081 5531.28 0 0 0 25.1144 0 0 2.39989e-07 -2.87338e-13 2.2203e-06 -0.00233211 -4.75117 0.0201111 4.91728 13.2768 0.00802736 5535.35 13.2768 0.00802736 5535.35 
5.9 11.4219 0.00987743 5531.52 0 0 0 25.1144 0 0 2.39947e-07 -2.70087e-13 2.22024e-06 -0.00262901 -1.917 0.0224781 4.91791 12.7402 0.0100566 5535.74 12.7402 0.0100566 5535.74 
6 10.8149 0.0109937 5531.13 0 0 0 25.1144 0 0 2.39836e-07 -2.71481e-13 2.22085e-06 -0.00271386 0.0742623 0.022949 4.91822 12.116 0.0111258 5535.44 12.116 0.0111258 5535.44 
6.1 9.9469 0.0329872 5529.95 0 0 0 25.1144 0 0 2.40036e-07 4.12295e-14 2.22171e-06 -0.00989565 -2.25251 0.0801585 4.9182 11.2563 0.0322729 5534.46 11.2563 0.0322729 5534.46 
6.2 9.43708 0.0112427 5529.92 0 0 0 25.1144 0 0 2.39831e-07 2.25086e-14 2.22256e-06 -0.00283027 2.26082 0.0201496 4.91841 10.7351 0.0113024 5534.29 10.7351 0.0113024 5534.29 
6.3 8.70227 0.0105002 5529.75 0 0 0 25.1144 0 0 2.3964e-07 2.33837e-15 2.22383e-06 -0.00248469 1.69637 0.0173362 4.91852 9.9943 0.0105037 5534.09 9.9943 0.0105037 5534.09 
6.4 8.04507 0.00960497 5529.45 0 0 0 25.1144 0 0 2.39351e-07 -1.77428e-14 2.22441e-06 -0.00216227 4.87339 0.0145045 4.9187 9.33578 0.00957084 5533.71 9.33578 0.00957084 5533.71 
6.5 7.39047 0.0086198 5529.57 0 0 0 25.1144 0 0 2.39047e-07 -2.82963e-14 2.22879e-06 -0.00183382 5.83324 0.0117492 4.91874 8.68122 0.00856066 5533.7 8.68122 0.00856066 5533.7 
6.6 6.79643 0.00756524 5529.92 0 0 0 25.1144 0 0 2.38837e-07 -3.40446e-14 2.23008e-06 -0.00151768 6.35319 0.00909251 4.91883 8.08731 0.00749147 5533.89 8.08731 0.00749147 5533.89 
6.7 6.26681 0.00649211 5530.05 0 0 0 25.1144 0 0 2.3853e-07 -3.66512e-14 2.23353e-06 -0.00123013 7.24131 0.00661982 4.91875 7.55651 0.00641063 5533.84 7.55651 0.00641063 5533.84 
6.8 5.81122 0.00546309 5530 0 0 0 25.1144 0 0 2.3827e-07 -3.58342e-14 2.2363e-06 -0.000975987 7.29324 0.00443587 4.91846 7.09774 0.00537963 5533.62 7.09774 0.00537963 5533.62 
6.9 5.43493 0.00446037 5530.76 0 0 0 25.1144 0 0 2.38101e-07 -3.43088e-14 2.23783e-06 -0.000726334 5.39811 0.00246994 4.91815 6.71714 0.00438002 5534.23 6.71714 0.00438002 5534.23 
7 5.14551 0.00350542 5530.81 0 0 0 25.1144 0 0 2.37863e-07 -3.17238e-14 2.24099e-06 -0.000516206 4.20764 0.000741768 4.91757 6.42317 0.00342949 5534.15 6.42317 0.00342949 5534.15 
7.1 4.78201 0.0280337 5530.59 0 0 0 25.1144 0 0 2.37787e-07 5.19478e-14 2.24218e-06 -0.00881961 2.83637 0.0680905 4.91693 6.06065 0.0272324 5533.87 6.06065 0.0272324 5533.87 
7.2 4.79344 0.000969824 5530.85 0 0 0 25.1144 0 0 2.37562e-07 5.40354e-14 2.24417e-06 0.00017057 1.55037 -0.00313149 4.91621 6.06271 0.000891289 5533.98 6.06271 0.000891289 5533.98 
7.3 4.71947 -0.00047322 5530.07 0 0 0 25.1144 0 0 2.3733e-07 5.56507e-14 2.24631e-06 0.000422287 0.333997 -0.00495283 4.9155 5.98708 -0.000543324 5533.18 5.98708 -0.000543324 5533.18 
7.4 4.71764 -0.00203085 5530.13 0 0 0 25.1144 0 0 2.37123e-07 5.64748e-14 2.24763e-06 0.000685823 -0.109904 -0.006818 4.91502 5.98612 -0.00208367 5533.23 5.98612 -0.00208367 5533.23 
7.5 4.76459 -0.00313248 5529.69 0 0 0 25.1144 0 0 2.36911e-07 5.80619e-14 2.2501e-06 0.00084281 -0.239759 -0.00798802 4.91449 6.03534 -0.00316865 5532.79 6.03534 -0.00316865 5532.79 
7.6 4.86157 -0.00396387 5529.66 0 0 0 25.1144 0 0 2.36717e-07 5.82431e-14 2.2516e-06 0.0009442 0.160018 -0.00858329 4.91417 6.13565 -0.00398224 5532.75 6.13565 -0.00398224 5532.75 
7.7 4.99889 -0.004432 5529.99 0 0 0 25.1144 0 0 2.36546e-07 5.69834e-14 2.25312e-06 0.00096059 0.888334 -0.00847768 4.91392 6.27653 -0.00443448 5533.06 6.27653 -0.00443448 5533.06 
7.8 5.178 -0.0046108 5530.3 0 0 0 25.1144 0 0 2.36397e-07 5.46447e-14 2.25423e-06 0.000908409 1.73186 -0.00781461 4.91367 6.45882 -0.00459948 5533.33 6.45882 -0.00459948 5533.33 
7.9 5.39978 -0.00450036 5529.96 0 0 0 25.1144 0 0 2.36254e-07 4.98487e-14 2.25532e-06 0.000791846 2.03146 -0.00661054 4.91335 6.68352 -0.00447544 5532.93 6.68352 -0.00447544 5532.93 
8 5.66486 -0.00420752 5530.01 0 0 0 25.1144 0 0 2.36172e-07 4.473e-14 2.25634e-06 0.000636918 2.29439 -0.00511392 4.91305 6.9512 -0.00417146 5532.92 6.9512 -0.00417146 5532.92 
8.1 5.84496 0.0224806 5530.32 0 0 0 25.1144 0 0 2.35902e-07 -1.54273e-14 2.2558e-06 -0.00863757 3.79076 0.067944 4.91295 7.12278 0.0218936 5533.17 7.12278 0.0218936 5533.17 
8.2 6.33991 -0.00394895 5530.53 0 0 0 25.1144 0 0 2.35962e-07 -1.8926e-14 2.25547e-06 0.000492292 3.02759 -0.00307555 4.91259 7.60794 -0.00389253 5533.26 7.60794 -0.00389253 5533.26 
8.3 6.72275 -0.00355331 5530.12 0 0 0 25.1144 0 0 2.36009e-07 -1.73016e-14 2.25517e-06 0.000392666 1.58134 -0.00197323 4.91203 7.99456 -0.00350799 5532.78 7.99456 -0.00350799 5532.78 
8.4 7.1741 -0.00273331 5529.91 0 0 0 25.1144 0 0 2.36152e-07 -1.80645e-14 2.25317e-06 0.000216444 0.271648 -0.000399183 4.91168 8.4514 -0.00268996 5532.52 8.4514 -0.00268996 5532.52 
8.5 7.6752 -0.00221656 5529.85 0 0 0 25.1144 0 0 2.36337e-07 -1.57772e-14 2.25215e-06 0.000125149 0.251294 0.000558624 4.91151 8.95956 -0.00217999 5532.45 8.95956 -0.00217999 5532.45 
8.6 8.21884 -0.00171678 5529.68 0 0 0 25.1144 0 0 2.36516e-07 -1.43053e-14 2.24981e-06 5.20906e-05 -1.26497 0.00142838 4.9114 9.512 -0.00168698 5532.27 9.512 -0.00168698 5532.27 
8.7 8.73077 -0.0015504 5529.74 0 0 0 25.1144 0 0 2.36743e-07 -1.24256e-14 2.2485e-06 4.77778e-05 -3.67861 0.0017082 4.91137 10.0335 -0.00152643 5532.36 10.0335 -0.00152643 5532.36 
8.8 9.26393 -0.00170833 5529.81 0 0 0 25.1144 0 0 2.36971e-07 -1.10135e-14 2.24597e-06 0.000113018 -3.63241 0.0013828 4.91146 10.5765 -0.00169087 5532.47 10.5765 -0.00169087 5532.47 
8.9 9.78446 -0.00222031 5530.46 0 0 0 25.1144 0 0 2.3725e-07 -1.04263e-14 2.2449e-06 0.00024569 -5.59715 0.000470829 4.91172 11.1065 -0.00220985 5533.18 11.1065 -0.00220985 5533.18 
9 10.2779 -0.00303468 5530.07 0 0 0 25.1144 0 0 2.37458e-07 -1.07627e-14 2.242e-06 0.00045592 -3.85927 -0.000909845 4.91191 11.6084 -0.00302818 5532.85 11.6084 -0.00302818 5532.85 
9.1 10.5836 0.0185321 5529.42 0 0 0 25.1144 0 0 2.37498e-07 7.89701e-15 2.24036e-06 -0.00664788 -2.85138 0.0578428 4.91226 11.9282 0.0176647 5532.3 11.9282 0.0176647 5532.3 
9.2 11.129 -0.00532244 5530.25 0 0 0 25.1144 0 0 2.37795e-07 4.26146e-15 2.23824e-06 0.00098079 -3.76123 -0.00463862 4.91254 12.46 -0.00533411 5533.2 12.46 -0.00533411 5533.2 
9.3 11.4659 -0.00660005 5529.97 0 0 0 25.1144 0 0 2.38035e-07 6.84036e-17 2.237e-06 0.00126693 -3.4529 -0.00657102 4.91269 12.8027 -0.00660385 5532.99 12.8027 -0.00660385 5532.99 
9.4 11.7512 -0.00781528 5530.42 0 0 0 25.1144 0 0 2.38318e-07 -6.00134e-15 2.23447e-06 0.00151126 -3.71147 -0.00829513 4.91306 13.0929 -0.00781579 5533.52 13.0929 -0.00781579 5533.52 
9.5 11.9659 -0.00893517 5529.97 0 0 0 25.1144 0 0 2.38528e-07 -1.04915e-14 2.23296e-06 0.00173468 -3.33679 -0.00975642 4.91343 13.3116 -0.00892852 5533.16 13.3116 -0.00892852 5533.16 
9.6 12.1154 -0.00992101 5532.06 0 0 0 25.1144 0 0 2.38847e-07 -1.74857e-14 2.23048e-06 0.00189529 -3.69436 -0.0109035 4.91404 13.4639 -0.00990744 5535.33 13.4639 -0.00990744 5535.33 
9.7 12.1757 -0.0107629 5530.14 0 0 0 25.1144 0 0 2.38986e-07 -1.98741e-14 2.22894e-06 0.00204802 -3.29387 -0.0117186 4.91431 13.5253 -0.0107396 5533.51 13.5253 -0.0107396 5533.51 
9.8 12.169 -0.0114204 5532.15 0 0 0 25.1144 0 0 2.39207e-07 -2.39881e-14 2.22756e-06 0.00213653 -2.79238 -0.0122225 4.91492 13.5182 -0.0113873 5535.61 13.5182 -0.0113873 5535.61 
9.9 12.0793 -0.0119271 5530.71 0 0 0 25.1144 0 0 2.39294e-07 -2.50262e-14 2.22714e-06 0.00220512 -3.01928 -0.0124493 4.91521 13.4264 -0.0118834 5534.26 13.4264 -0.0118834 5534.26 
10 11.9188 -0.0122648 5530.75 0 0 0 25.1144 0 0 2.39393e-07 -2.54393e-14 2.22658e-06 0.002231 -2.81134 -0.0124204 4.91562 13.2625 -0.0122104 5534.39 13.2625 -0.0122104 5534.39 
10.1 11.4973 0.00829582 5529.83 0 0 0 25.1144 0 0 2.39668e-07 -5.55028e-14 2.22531e-06 -0.00410884 -4.04739 0.0432181 4.91585 12.8626 0.00746716 5533.62 12.8626 0.00746716 5533.62 
10.2 11.3837 -0.0124833 5530.52 0 0 0 25.1144 0 0 2.39697e-07 -5.30681e-14 2.22482e-06 0.00233284 -3.07596 -0.0118036 4.91613 12.7337 -0.0124224 5534.32 12.7337 -0.0124224 5534.32 
10.3 11.0278 -0.0123262 5530.96 0 0 0 25.1144 0 0 2.39706e-07 -5.08861e-14 2.22499e-06 0.00227926 -1.59014 -0.0112115 4.91651 12.3717 -0.0122488 5534.84 12.3717 -0.0122488 5534.84 
10.4 10.6176 -0.0119955 5530.55 0 0 0 25.1144 0 0 2.39635e-07 -4.72928e-14 2.2251e-06 0.00218938 -1.81925 -0.0104509 4.91684 11.9564 -0.011908 5534.5 11.9564 -0.011908 5534.5 
10.5 10.1537 -0.011559 5530.79 0 0 0 25.1144 0 0 2.39542e-07 -4.3436e-14 2.22602e-06 0.00209058 -0.386826 -0.00964543 4.91717 11.4854 -0.0114632 5534.79 11.4854 -0.0114632 5534.79 
10.6 9.65881 -0.0110245 5530.96 0 0 0 25.1144 0 0 2.39355e-07 -3.91832e-14 2.22591e-06 0.0019824 1.17258 -0.00880266 4.91752 10.9822 -0.0109227 5534.99 10.9822 -0.0109227 5534.99 
10.7 9.13414 -0.0104053 5531 0 0 0 25.1144 0 0 2.39177e-07 -3.57958e-14 2.22878e-06 0.00186293 2.67766 -0.00793645 4.91774 10.4474 -0.0102987 5535.03 10.4474 -0.0102987 5535.03 
10.8 8.59175 -0.00973803 5530.89 0 0 0 25.1144 0 0 2.39015e-07 -3.32701e-14 2.22899e-06 0.00174215 3.97349 -0.00712509 4.91785 9.89396 -0.00962859 5534.91 9.89396 -0.00962859 5534.91 
10.9 8.05271 -0.0090371 5530.41 0 0 0 25.1144 0 0 2.38795e-07 -3.01014e-14 2.22884e-06 0.00162313 5.88566 -0.00636253 4.91784 9.34333 -0.00892572 5534.39 9.34333 -0.00892572 5534.39 
11 7.51974 -0.00831291 5530.85 0 0 0 25.1144 0 0 2.3867e-07 -2.84918e-14 2.22895e-06 0.0014925 3.22593 -0.00568841 4.91775 8.79965 -0.00820194 5534.77 8.79965 -0.00820194 5534.77 
11.1 6.84839 0.0153084 5530.42 0 0 0 25.1144 0 0 2.38621e-07 -3.49605e-14 2.23332e-06 -0.00619314 2.04726 0.0566391 4.91744 8.13182 0.0146749 5534.37 8.13182 0.0146749 5534.37 
11.2 6.56048 -0.00678041 5530.13 0 0 0 25.1144 0 0 2.38348e-07 -3.35833e-14 2.2353e-06 0.00116304 3.63672 -0.00442389 4.91706 7.83454 -0.00665179 5533.88 7.83454 -0.00665179 5533.88 
11.3 6.14989 -0.00614823 5530.26 0 0 0 25.1144 0 0 2.38809e-07 -3.22254e-14 2.24118e-06 0.00109681 3.06235 -0.00425498 4.91683 7.41782 -0.00604291 5533.93 7.41782 -0.00604291 5533.93 
11.4 5.81905 -0.00550427 5529.76 0 0 0 25.1144 0 0 2.37389e-07 -2.97234e-14 2.23278e-06 0.00101282 3.54774 -0.0040375 4.91666 7.08428 -0.00540131 5533.37 7.08428 -0.00540131 5533.37 
11.5 5.53879 -0.00493747 5529.27 0 0 0 25.1144 0 0 2.36452e-07 -2.78252e-14 2.23794e-06 0.000943932 3.87137 -0.00394547 4.91627 6.80174 -0.00484106 5532.79 6.80174 -0.00484106 5532.79 
11.6 5.33367 -0.00446336 5530.32 0 0 0 25.1144 0 0 2.37496e-07 -2.76167e-14 2.24319e-06 0.000890491 3.26408 -0.00400993 4.91609 6.59691 -0.00437291 5533.76 6.59691 -0.00437291 5533.76 
11.7 5.20189 -0.00410181 5529.93 0 0 0 25.1144 0 0 2.37201e-07 -2.65732e-14 2.24373e-06 0.000861006 3.59033 -0.00421139 4.91583 6.46576 -0.00401661 5533.28 6.46576 -0.00401661 5533.28 
11.8 5.13679 -0.00385629 5529.56 0 0 0 25.1144 0 0 2.37078e-07 -2.55775e-14 2.24451e-06 0.000848831 3.59264 -0.00450814 4.91547 6.40229 -0.00377647 5532.81 6.40229 -0.00377647 5532.81 
11.9 5.14764 -0.00373443 5528.11 0 0 0 25.1144 0 0 2.36776e-07 -2.41077e-14 2.24738e-06 0.000854177 2.84556 -0.00488847 4.91496 6.41563 -0.00365954 5531.25 6.41563 -0.00365954 5531.25 
12 5.23329 -0.00369422 5529.87 0 0 0 25.1144 0 0 2.36709e-07 -2.36686e-14 2.24775e-06 0.000872068 3.20126 -0.00531919 4.91474 6.50476 -0.00362365 5532.92 6.50476 -0.00362365 5532.92 
12.1 5.38762 -0.00376389 5529.61 0 0 0 25.1144 0 0 2.36521e-07 -2.28734e-14 2.25086e-06 0.000902435 2.58123 -0.00577055 4.91427 6.66398 -0.00369721 5532.57 6.66398 -0.00369721 5532.57 
12.2 5.61072 -0.00391171 5529.43 0 0 0 25.1144 0 0 2.36551e-07 -2.23393e-14 2.25123e-06 0.000940292 1.71809 -0.0062078 4.91388 6.89299 -0.00384823 5532.31 6.89299 -0.00384823 5532.31 
12.3 5.89583 -0.00411497 5529.33 0 0 0 25.1144 0 0 2.36525e-07 -2.20068e-14 2.24971e-06 0.000981607 0.669487 -0.00659946 4.91351 7.1849 -0.00405402 5532.13 7.1849 -0.00405402 5532.13 
12.4 6.23469 -0.00435058 5529.32 0 0 0 25.1144 0 0 2.36538e-07 -2.19052e-14 2.24843e-06 0.00102322 -0.506888 -0.00692587 4.91316 7.53145 -0.00429162 5532.07 7.53145 -0.00429162 5532.07 
12.5 6.62044 -0.00459591 5529.53 0 0 0 25.1144 0 0 2.36655e-07 -2.20903e-14 2.24941e-06 0.00106274 -1.08374 -0.00716972 4.91289 7.92549 -0.00453835 5532.23 7.92549 -0.00453835 5532.23 
12.6 7.04251 -0.00482522 5529.73 0 0 0 25.1144 0 0 2.36738e-07 -2.24485e-14 2.249e-06 0.00109606 -0.940996 -0.0073153 4.91271 8.35591 -0.0047686 5532.42 8.35591 -0.0047686 5532.42 
12.7 7.47894 -0.00502683 5529.97 0 0 0 25.1144 0 0 2.36957e-07 -2.35931e-14 2.24522e-06 0.0011194 -5.52807 -0.0073841 4.9125 8.80084 -0.00497079 5532.65 8.80084 -0.00497079 5532.65 
12.8 7.93339 -0.00518401 5530.23 0 0 0 25.1144 0 0 2.37089e-07 -2.42553e-14 2.24438e-06 0.00113783 -4.58881 -0.00736438 4.91246 9.26299 -0.00512821 5532.93 9.26299 -0.00512821 5532.93 
12.9 8.38648 -0.00529085 5530.27 0 0 0 25.1144 0 0 2.3717e-07 -2.50409e-14 2.24655e-06 0.00114777 -3.49287 -0.00727602 4.91243 9.72316 -0.00523518 5532.99 9.72316 -0.00523518 5532.99 
13 8.8295 -0.0053403 5530.18 0 0 0 25.1144 0 0 2.37406e-07 -2.5943e-14 2.24068e-06 0.00114865 -2.52191 -0.00713278 4.91245 10.1723 -0.00528471 5532.94 10.1723 -0.00528471 5532.94 
13.1 9.2407 -0.00532275 5531.38 0 0 0 25.1144 0 0 2.37725e-07 -2.79065e-14 2.23932e-06 0.00114261 -5.8921 -0.00696635 4.91254 10.5889 -0.00526796 5534.2 10.5889 -0.00526796 5534.2 
13.2 9.62533 -0.00525985 5531.13 0 0 0 25.1144 0 0 2.37623e-07 -2.8779e-14 2.24666e-06 0.00113008 -4.7141 -0.00677928 4.91263 10.9777 -0.00520504 5534 10.9777 -0.00520504 5534 
13.3 9.97166 -0.00515872 5530.74 0 0 0 25.1144 0 0 2.38037e-07 -2.99814e-14 2.23744e-06 0.00111406 -3.65752 -0.00660516 4.91275 11.3272 -0.00510344 5533.68 11.3272 -0.00510344 5533.68 
13.4 10.2703 -0.0050313 5530.26 0 0 0 25.1144 0 0 2.38046e-07 -3.11092e-14 2.24148e-06 0.00109765 -2.82095 -0.00647141 4.91289 11.628 -0.00497668 5533.27 11.628 -0.00497668 5533.27 
13.5 10.5126 -0.00490016 5531.43 0 0 0 25.1144 0 0 2.38271e-07 -3.31498e-14 2.24012e-06 0.00108701 -3.91317 -0.00642261 4.91319 11.8716 -0.00484614 5534.51 11.8716 -0.00484614 5534.51 
13.6 10.7029 -0.00477603 5530.43 0 0 0 25.1144 0 0 2.38395e-07 -3.41044e-14 2.23775e-06 0.00107758 -2.92387 -0.00642797 4.91335 12.0621 -0.00472247 5533.59 12.0621 -0.00472247 5533.59 
13.7 10.8343 -0.00469343 5530.93 0 0 0 25.1144 0 0 2.3846e-07 -3.58912e-14 2.24099e-06 0.0010799 -2.97194 -0.00655492 4.91366 12.1928 -0.00464052 5534.17 12.1928 -0.00464052 5534.17 
13.8 10.902 -0.00467481 5531.12 0 0 0 25.1144 0 0 2.38716e-07 -3.74932e-14 2.2348e-06 0.00109419 -2.75977 -0.0067969 4.91397 12.2589 -0.00462232 5534.44 12.2589 -0.00462232 5534.44 
13.9 10.9214 -0.00471881 5531 0 0 0 25.1144 0 0 2.39148e-07 -3.88129e-14 2.22051e-06 0.00111859 -2.34832 -0.00712122 4.91426 12.276 -0.00466648 5534.39 12.276 -0.00466648 5534.39 
14 10.8787 -0.00485911 5530.94 0 0 0 25.1144 0 0 2.3912e-07 -4.02794e-14 2.22749e-06 0.00115909 -2.03211 -0.00755852 4.91456 12.2301 -0.00480655 5534.4 12.2301 -0.00480655 5534.4 
14.1 10.7878 -0.00511048 5532 0 0 0 25.1144 0 0 2.4055e-07 -4.20045e-14 2.16933e-06 0.00120764 -0.180996 -0.00808278 4.91502 12.1353 -0.00505733 5535.52 12.1353 -0.00505733 5535.52 
14.2 10.6402 -0.005466 5531.44 0 0 0 25.1144 0 0 2.40068e-07 -4.31659e-14 2.18976e-06 0.00127825 -0.139425 -0.00867041 4.91524 11.9833 -0.00541131 5535.02 11.9833 -0.00541131 5535.02 
14.3 10.4474 -0.00593589 5530.98 0 0 0 25.1144 0 0 2.36612e-07 -4.35342e-14 2.33083e-06 0.00136368 -0.325516 -0.00930135 4.91546 11.7858 -0.00587898 5534.61 11.7858 -0.00587898 5534.61 
14.4 10.2148 -0.00651473 5530.63 0 0 0 25.1144 0 0 2.40391e-07 -4.41788e-14 2.17656e-06 0.00146159 -0.712847 -0.00994371 4.91566 11.5479 -0.00645482 5534.31 11.5479 -0.00645482 5534.31 
14.5 9.95167 -0.00720889 5530.96 0 0 0 25.1144 0 0 2.39486e-07 -4.44334e-14 2.21465e-06 0.00155297 2.30262 -0.0105363 4.91602 11.2793 -0.00714515 5534.67 11.2793 -0.00714515 5534.67 
14.6 9.655 -0.00796896 5530.67 0 0 0 25.1144 0 0 2.38753e-07 -4.43174e-14 2.23764e-06 0.0016642 1.78923 -0.0110741 4.91617 10.9772 -0.00790058 5534.4 10.9772 -0.00790058 5534.4 
14.7 9.33731 -0.00877758 5530.5 0 0 0 25.1144 0 0 2.39056e-07 -4.40286e-14 2.22707e-06 0.00177748 0.710667 -0.01151 4.91629 10.6541 -0.00870388 5534.24 10.6541 -0.00870388 5534.24 
14.8 9.01 -0.00958692 5530.29 0 0 0 25.1144 0 0 2.38685e-07 -4.30558e-14 2.23861e-06 0.00186723 2.80883 -0.0117524 4.91646 10.3214 -0.00950726 5534.04 10.3214 -0.00950726 5534.04 
14.9 8.6713 -0.0103792 5530.38 0 0 0 25.1144 0 0 2.38685e-07 -4.22915e-14 2.2404e-06 0.00196065 1.32714 -0.01185 4.91652 9.97775 -0.0102935 5534.11 9.97775 -0.0102935 5534.11 
15 8.33883 -0.011071 5530.03 0 0 0 25.1144 0 0 2.38231e-07 -4.06326e-14 2.25193e-06 0.00201972 2.94328 -0.0116849 4.91659 9.6406 -0.0109788 5533.75 9.6406 -0.0109788 5533.75 
15.1 8.00994 -0.0116714 5530.2 0 0 0 25.1144 0 0 2.3846e-07 -3.92969e-14 2.23754e-06 0.0020663 1.91828 -0.011334 4.9166 9.30757 -0.0115734 5533.9 9.30757 -0.0115734 5533.9 
15.2 7.70006 -0.0120958 5530.25 0 0 0 25.1144 0 0 2.38489e-07 -3.78272e-14 2.23301e-06 0.00207791 1.96798 -0.0107312 4.91658 8.99426 -0.0119924 5533.91 8.99426 -0.0119924 5533.91 
15.3 7.41183 -0.0123387 5530.31 0 0 0 25.1144 0 0 2.38306e-07 -3.6259e-14 2.23578e-06 0.00206036 1.96467 -0.00993353 4.91653 8.70316 -0.0122309 5533.92 8.70316 -0.0122309 5533.92 
15.4 7.15602 -0.0123335 5528.82 0 0 0 25.1144 0 0 2.38181e-07 -3.34227e-14 2.23418e-06 0.00201537 4.44042 -0.00893553 4.91635 8.44503 -0.0122218 5532.39 8.44503 -0.0122218 5532.39 
15.5 6.92891 -0.0121737 5529.01 0 0 0 25.1144 0 0 2.38148e-07 -3.19909e-14 2.23036e-06 0.00194292 3.78756 -0.00785522 4.91623 8.21665 -0.0120602 5532.52 8.21665 -0.0120602 5532.52 
15.6 6.73869 -0.0118176 5529.24 0 0 0 25.1144 0 0 2.37926e-07 -3.11977e-14 2.23868e-06 0.00184543 3.21558 -0.00670317 4.91608 8.0258 -0.011704 5532.69 8.0258 -0.011704 5532.69 
15.7 6.58894 -0.0112765 5529.5 0 0 0 25.1144 0 0 2.37791e-07 -3.02107e-14 2.24007e-06 0.00172695 2.74706 -0.0055326 4.91592 7.87622 -0.0111643 5532.89 7.87622 -0.0111643 5532.89 
15.8 6.48136 -0.0105769 5529.78 0 0 0 25.1144 0 0 2.37949e-07 -2.89857e-14 2.2275e-06 0.00159312 2.3917 -0.00439665 4.91574 7.76954 -0.0104677 5533.11 7.76954 -0.0104677 5533.11 
15.9 6.41811 -0.00974368 5530.05 0 0 0 25.1144 0 0 2.3784e-07 -2.83275e-14 2.23396e-06 0.00144939 2.16055 -0.00334395 4.91554 7.70796 -0.00963885 5533.32 7.70796 -0.00963885 5533.32 
16 6.40151 -0.00880377 5529.05 0 0 0 25.1144 0 0 2.37555e-07 -2.72158e-14 2.23848e-06 0.00132283 1.61826 -0.00246199 4.91518 7.69355 -0.00870489 5532.26 7.69355 -0.00870489 5532.26 
16.1 6.42952 -0.00782515 5529.51 0 0 0 25.1144 0 0 2.36992e-07 -2.68662e-14 2.25647e-06 0.0011779 1.4097 -0.00173017 4.91499 7.7244 -0.00773295 5532.66 7.7244 -0.00773295 5532.66 
16.2 6.49925 -0.00683479 5529.92 0 0 0 25.1144 0 0 2.37695e-07 -2.63423e-14 2.23054e-06 0.00104232 1.4037 -0.00119573 4.9148 7.79738 -0.00674994 5533.01 7.79738 -0.00674994 5533.01 
16.3 6.60861 -0.00589073 5529.33 0 0 0 25.1144 0 0 2.37206e-07 -2.5683e-14 2.24734e-06 0.000942808 -0.332001 -0.000930614 4.91443 7.91048 -0.00581431 5532.38 7.91048 -0.00581431 5532.38 
16.4 6.759 -0.00500863 5529.7 0 0 0 25.1144 0 0 2.37276e-07 -2.53508e-14 2.24316e-06 0.000842369 -0.215485 -0.000867125 4.91426 8.0648 -0.00494002 5532.71 8.0648 -0.00494002 5532.71 
16.5 6.94219 -0.00422477 5529.99 0 0 0 25.1144 0 0 2.37188e-07 -2.51398e-14 2.24649e-06 0.000764241 0.0717722 -0.00102321 4.91409 8.25215 -0.00416372 5532.96 8.25215 -0.00416372 5532.96 
16.6 7.15376 -0.00357532 5530.07 0 0 0 25.1144 0 0 2.37205e-07 -2.49152e-14 2.24646e-06 0.000714636 -0.450472 -0.00140276 4.91388 8.46793 -0.00352164 5533.01 8.46793 -0.00352164 5533.01 
16.7 7.3874 -0.00310921 5530.18 0 0 0 25.1144 0 0 2.37163e-07 -2.48742e-14 2.25037e-06 0.000695278 -3.0727 -0.00200112 4.91362 8.70587 -0.00306274 5533.1 8.70587 -0.00306274 5533.1 
16.8 7.64417 -0.00279516 5530.35 0 0 0 25.1144 0 0 2.37458e-07 -2.49932e-14 2.2403e-06 0.000695793 -2.78276 -0.00274016 4.91351 8.96671 -0.00275407 5533.26 8.96671 -0.00275407 5533.26 
16.9 7.9119 -0.00263279 5530.49 0 0 0 25.1144 0 0 2.37355e-07 -2.51237e-14 2.24358e-06 0.000717802 -2.4874 -0.00359137 4.91341 9.23847 -0.00259604 5533.39 9.23847 -0.00259604 5533.39 
17 8.18729 -0.00262947 5530.5 0 0 0 25.1144 0 0 2.36872e-07 -2.55886e-14 2.27347e-06 0.000761806 -2.0507 -0.00452658 4.91334 9.51751 -0.00259595 5533.41 9.51751 -0.00259595 5533.41 
17.1 8.46349 -0.0027729 5530.46 0 0 0 25.1144 0 0 2.38507e-07 -2.61871e-14 2.19607e-06 0.000823585 -1.59825 -0.00550538 4.91329 9.79708 -0.00274144 5533.38 9.79708 -0.00274144 5533.38 
17.2 8.73513 -0.0030493 5530.33 0 0 0 25.1144 0 0 2.37271e-07 -2.6576e-14 2.26574e-06 0.00090001 -1.14251 -0.00648691 4.91326 10.0717 -0.00301869 5533.27 10.0717 -0.00301869 5533.27 
17.3 8.99231 -0.00345949 5531.26 0 0 0 25.1144 0 0 2.37929e-07 -2.80642e-14 2.23773e-06 0.000974111 -3.74177 -0.00742057 4.91327 10.3315 -0.00342886 5534.22 10.3315 -0.00342886 5534.22 
17.4 9.23754 -0.00391381 5530.95 0 0 0 25.1144 0 0 2.37861e-07 -2.87975e-14 2.24148e-06 0.00106511 -2.81077 -0.00827888 4.9133 10.5789 -0.00388299 5533.95 10.5789 -0.00388299 5533.95 
17.5 9.46238 -0.00441747 5530.38 0 0 0 25.1144 0 0 2.37883e-07 -2.94295e-14 2.24313e-06 0.00115826 -1.64254 -0.00903963 4.91334 10.8054 -0.00438301 5533.42 10.8054 -0.00438301 5533.42 
17.6 9.66112 -0.00493758 5530.98 0 0 0 25.1144 0 0 2.38044e-07 -3.09339e-14 2.24194e-06 0.00123233 -2.57694 -0.00964067 4.91346 11.0053 -0.00489957 5534.06 11.0053 -0.00489957 5534.06 
17.7 9.83218 -0.00544362 5530.44 0 0 0 25.1144 0 0 2.38029e-07 -3.16546e-14 2.24392e-06 0.00131032 -1.82282 -0.0101155 4.91354 11.177 -0.00540199 5533.56 11.177 -0.00540199 5533.56 
17.8 9.96933 -0.0058926 5531.05 0 0 0 25.1144 0 0 2.38335e-07 -3.29892e-14 2.23951e-06 0.00136425 -2.34266 -0.0104017 4.91372 11.3144 -0.00584632 5534.23 11.3144 -0.00584632 5534.23 
17.9 10.0733 -0.00628348 5530.48 0 0 0 25.1144 0 0 2.38154e-07 -3.36651e-14 2.24719e-06 0.00141282 -1.85529 -0.0105427 4.91383 11.4179 -0.0062326 5533.7 11.4179 -0.0062326 5533.7 
18 10.1368 -0.00655983 5531.06 0 0 0 25.1144 0 0 2.38472e-07 -3.47254e-14 2.23687e-06 0.00143573 -1.97335 -0.0105031 4.91406 11.4806 -0.0065039 5534.33 11.4806 -0.0065039 5534.33 
18.1 10.17 -0.0067699 5531.25 0 0 0 25.1144 0 0 2.38566e-07 -3.55554e-14 2.23639e-06 0.00145076 -1.63867 -0.010364 4.91428 11.5124 -0.00670909 5534.57 11.5124 -0.00670909 5534.57 
18.2 10.1659 -0.00688601 5531.44 0 0 0 25.1144 0 0 2.38627e-07 -3.63233e-14 2.23682e-06 0.00145215 -1.12904 -0.0101099 4.91451 11.5065 -0.00682043 5534.8 11.5065 -0.00682043 5534.8 
18.3 10.1264 -0.00692316 5531.32 0 0 0 25.1144 0 0 2.3864e-07 -3.66948e-14 2.23685e-06 0.00144191 -0.662113 -0.00977677 4.9147 11.4647 -0.00685333 5534.74 11.4647 -0.00685333 5534.74 
18.4 10.0537 -0.00688779 5531.11 0 0 0 25.1144 0 0 2.38726e-07 -3.70592e-14 2.23386e-06 0.00142169 -0.329012 -0.00938719 4.91488 11.3893 -0.00681412 5534.56 11.3893 -0.00681412 5534.56 
18.5 9.94686 -0.00679056 5530.68 0 0 0 25.1144 0 0 2.38746e-07 -3.72571e-14 2.23377e-06 0.00139187 -0.663805 -0.00896558 4.915 11.2795 -0.00671398 5534.17 11.2795 -0.00671398 5534.17 
18.6 9.81145 -0.00664286 5530.78 0 0 0 25.1144 0 0 2.38763e-07 -3.75384e-14 2.23331e-06 0.00136136 0.279634 -0.00853945 4.91523 11.1408 -0.00656348 5534.31 11.1408 -0.00656348 5534.31 
18.7 9.64557 -0.00647526 5530.48 0 0 0 25.1144 0 0 2.38759e-07 -3.75562e-14 2.23392e-06 0.00132572 -0.544799 -0.00813895 4.91532 10.9714 -0.00639396 5534.04 10.9714 -0.00639396 5534.04 
18.8 9.45955 -0.00632468 5530.6 0 0 0 25.1144 0 0 2.38735e-07 -3.78219e-14 2.23293e-06 0.00130409 2.1548 -0.0078125 4.91561 10.7815 -0.00624166 5534.18 10.7815 -0.00624166 5534.18 
18.9 9.25238 -0.00620823 5530.37 0 0 0 25.1144 0 0 2.38577e-07 -3.77259e-14 2.23691e-06 0.00128564 3.22152 -0.00755692 4.91576 10.5704 -0.00612425 5533.96 10.5704 -0.00612425 5533.96 
19 9.02812 -0.00610562 5530.45 0 0 0 25.1144 0 0 2.38577e-07 -3.77259e-14 2.23691e-06 0.0012663 0.00914371 -0.00734365 4.91576 10.3424 -0.00602111 5534.06 10.3424 -0.00602111 5534.06 
19.1 8.79504 -0.00608719 5530.41 0 0 0 25.1144 0 0 2.38648e-07 -3.77994e-14 2.23369e-06 0.00126577 0.354762 -0.00724224 4.91586 10.1054 -0.00600244 5534.03 10.1054 -0.00600244 5534.03 
19.2 8.55621 -0.0061429 5530.36 0 0 0 25.1144 0 0 2.38565e-07 -3.74061e-14 2.2336e-06 0.00127736 0.741722 -0.00722239 4.91594 9.86281 -0.00605809 5533.97 9.86281 -0.00605809 5533.97 
19.3 8.3177 -0.00629551 5530.28 0 0 0 25.1144 0 0 2.38489e-07 -3.70466e-14 2.23393e-06 0.00130321 1.10857 -0.00728743 4.91599 9.62072 -0.00621069 5533.89 9.62072 -0.00621069 5533.89 
19.4 8.0834 -0.00650952 5530.16 0 0 0 25.1144 0 0 2.38416e-07 -3.65776e-14 2.23331e-06 0.00133624 1.50501 -0.00739638 4.91601 9.38316 -0.00642468 5533.75 9.38316 -0.00642468 5533.75 
19.5 7.85855 -0.00680152 5530.04 0 0 0 25.1144 0 0 2.38265e-07 -3.57395e-14 2.2384e-06 0.00137928 1.82831 -0.00755179 4.91601 9.15535 -0.00671655 5533.6 9.15535 -0.00671655 5533.6 
19.6 7.64542 -0.00714556 5530.18 0 0 0 25.1144 0 0 2.38202e-07 -3.51942e-14 2.23629e-06 0.00142993 1.52321 -0.00772797 4.91598 8.93974 -0.00706027 5533.71 8.93974 -0.00706027 5533.71 
19.7 7.45069 -0.00754027 5530.31 0 0 0 25.1144 0 0 2.38339e-07 -3.45287e-14 2.22822e-06 0.00148461 1.37959 -0.00790827 4.91593 8.74298 -0.00745452 5533.82 8.74298 -0.00745452 5533.82 
19.8 7.27977 -0.00795171 5529.13 0 0 0 25.1144 0 0 2.37883e-07 -3.28408e-14 2.24114e-06 0.00153073 2.81055 -0.00805319 4.9158 8.57053 -0.00786541 5532.6 8.57053 -0.00786541 5532.6 
19.9 7.13225 -0.0083697 5529.47 0 0 0 25.1144 0 0 2.37849e-07 -3.20024e-14 2.24092e-06 0.00158419 2.30238 -0.0081747 4.91571 8.42214 -0.00828259 5532.9 8.42214 -0.00828259 5532.9 
20 7.01244 -0.00877056 5529.83 0 0 0 25.1144 0 0 2.37926e-07 -3.13149e-14 2.23401e-06 0.00163198 1.9074 -0.00824362 4.91561 8.30208 -0.00868258 5533.21 8.30208 -0.00868258 5533.21 
20.1 6.92332 -0.00913215 5530.2 0 0 0 25.1144 0 0 2.37848e-07 -3.04629e-14 2.23563e-06 0.00167065 1.64171 -0.00824682 4.91551 8.21339 -0.00904335 5533.54 8.21339 -0.00904335 5533.54 
20.2 6.8686 -0.00940254 5529.02 0 0 0 25.1144 0 0 2.37666e-07 -2.89404e-14 2.23871e-06 0.00168857 1.82144 -0.00815217 4.91526 8.15971 -0.00931309 5532.32 8.15971 -0.00931309 5532.32 
20.3 6.84712 -0.00961725 5529.41 0 0 0 25.1144 0 0 2.37596e-07 -2.83478e-14 2.24055e-06 0.00170168 1.54547 -0.00800214 4.91513 8.13994 -0.00952737 5532.66 8.13994 -0.00952737 5532.66 
20.4 6.85842 -0.00974906 5529.77 0 0 0 25.1144 0 0 2.37389e-07 -2.78022e-14 2.24722e-06 0.00170116 1.40039 -0.00778304 4.91499 8.15358 -0.00965912 5532.98 8.15358 -0.00965912 5532.98 
20.5 6.90386 -0.00977849 5530.08 0 0 0 25.1144 0 0 2.3747e-07 -2.73246e-14 2.24176e-06 0.00168445 1.4183 -0.00749521 4.91485 8.202 -0.00968896 5533.24 8.202 -0.00968896 5533.24 
20.6 6.98162 -0.00968064 5529.35 0 0 0 25.1144 0 0 2.37326e-07 -2.67014e-14 2.2453e-06 0.0016544 0.263497 -0.0071492 4.91458 8.2833 -0.00959208 5532.47 8.2833 -0.00959208 5532.47 
20.7 7.09108 -0.00950973 5529.67 0 0 0 25.1144 0 0 2.37372e-07 -2.65243e-14 2.24536e-06 0.00161098 0.279608 -0.00677133 4.91444 8.39665 -0.00942274 5532.75 8.39665 -0.00942274 5532.75 
20.8 7.22871 -0.00924652 5529.89 0 0 0 25.1144 0 0 2.37483e-07 -2.63793e-14 2.23999e-06 0.00155561 0.440885 -0.00636945 4.91432 8.53865 -0.00916166 5532.94 8.53865 -0.00916166 5532.94 
20.9 7.39081 -0.00890535 5530.04 0 0 0 25.1144 0 0 2.3727e-07 -2.64335e-14 2.24915e-06 0.00149118 0.703155 -0.00596347 4.9142 8.70542 -0.00882322 5533.06 8.70542 -0.00882322 5533.06 
21 7.57477 -0.00848063 5530.08 0 0 0 25.1144 0 0 2.37495e-07 -2.65949e-14 2.24108e-06 0.00142962 -1.41005 -0.0055876 4.91399 8.89437 -0.0084019 5533.07 8.89437 -0.0084019 5533.07 
21.1 7.77716 -0.00801662 5530.2 0 0 0 25.1144 0 0 2.37369e-07 -2.68338e-14 2.24818e-06 0.00135485 -1.09975 -0.00522913 4.9139 9.10145 -0.00794162 5533.18 9.10145 -0.00794162 5533.18 
21.2 7.99271 -0.00751605 5530.19 0 0 0 25.1144 0 0 2.37554e-07 -2.7098e-14 2.24017e-06 0.00127879 -0.698131 -0.00491526 4.91382 9.32198 -0.00744503 5533.16 9.32198 -0.00744503 5533.16 
21.3 8.21654 -0.00699857 5530.1 0 0 0 25.1144 0 0 2.37617e-07 -2.72647e-14 2.24262e-06 0.00120403 -0.236604 -0.00465653 4.91376 9.55067 -0.00693186 5533.06 9.55067 -0.00693186 5533.06 
21.4 8.4425 -0.00649432 5530.73 0 0 0 25.1144 0 0 2.37637e-07 -2.80079e-14 2.24461e-06 0.00114482 -2.04294 -0.00449478 4.91369 9.78125 -0.00643209 5533.7 9.78125 -0.00643209 5533.7 
21.5 8.66794 -0.00599854 5530.42 0 0 0 25.1144 0 0 2.37715e-07 -2.82797e-14 2.24297e-06 0.00108059 -1.26558 -0.00438418 4.91366 10.0101 -0.00594068 5533.4 10.0101 -0.00594068 5533.4 
21.6 8.88589 -0.00555408 5531.37 0 0 0 25.1144 0 0 2.37821e-07 -2.89832e-14 2.24431e-06 0.00103509 -2.89292 -0.00437303 4.91366 10.2318 -0.0055006 5534.37 10.2318 -0.0055006 5534.37 
21.7 9.08875 -0.00517158 5532.47 0 0 0 25.1144 0 0 2.38002e-07 -2.98405e-14 2.24078e-06 0.000999298 -4.1642 -0.00444754 4.9137 10.4389 -0.00512186 5535.49 10.4389 -0.00512186 5535.49 
21.8 9.27464 -0.00480403 5530.34 0 0 0 25.1144 0 0 2.38002e-07 -2.98405e-14 2.24078e-06 0.000958633 -1.43492 -0.0045566 4.9137 10.6257 -0.00475742 5533.4 10.6257 -0.00475742 5533.4 
21.9 9.43992 -0.00454562 5531.56 0 0 0 25.1144 0 0 2.38315e-07 -3.06133e-14 2.23348e-06 0.000943315 -2.6483 -0.00476268 4.91379 10.7959 -0.00450169 5534.62 10.7959 -0.00450169 5534.62 
22 9.58149 -0.00434644 5532.09 0 0 0 25.1144 0 0 2.38239e-07 -3.20554e-14 2.23887e-06 0.000935567 -2.88343 -0.00502228 4.91392 10.9379 -0.00430486 5535.2 10.9379 -0.00430486 5535.2 
22.1 9.70524 -0.00420924 5532.31 0 0 0 25.1144 0 0 2.38333e-07 -3.25413e-14 2.23803e-06 0.000936253 -2.67071 -0.00532624 4.91402 11.0583 -0.00417009 5535.49 11.0583 -0.00417009 5535.49 
22.2 9.79536 -0.00413945 5532.33 0 0 0 25.1144 0 0 2.38422e-07 -3.29975e-14 2.23657e-06 0.000946731 -2.3722 -0.00566662 4.91415 11.1449 -0.0041011 5535.58 11.1449 -0.0041011 5535.58 
22.3 9.84176 -0.0041338 5531.48 0 0 0 25.1144 0 0 2.38453e-07 -3.35935e-14 2.23715e-06 0.000967032 -1.83861 -0.00603598 4.91424 11.2029 -0.00409503 5534.66 11.2029 -0.00409503 5534.66 
22.4 9.89851 -0.00419382 5530.47 0 0 0 25.1144 0 0 2.38491e-07 -3.38876e-14 2.23682e-06 0.000996494 -1.07795 -0.006418 4.91433 11.2504 -0.00415524 5533.75 11.2504 -0.00415524 5533.75 
22.5 9.81957 -0.00433836 5531.05 0 0 0 25.1144 0 0 2.38556e-07 -3.52263e-14 2.23602e-06 0.00103598 -2.61568 -0.00682438 4.91451 11.1755 -0.00429787 5534.33 11.1755 -0.00429787 5534.33 
22.6 9.81543 -0.00452328 5530.61 0 0 0 25.1144 0 0 2.38585e-07 -3.68385e-14 2.23563e-06 0.00107742 -1.4683 -0.00720163 4.91463 11.1605 -0.00448256 5534 11.1605 -0.00448256 5534 
22.7 9.73742 -0.00476237 5530.67 0 0 0 25.1144 0 0 2.38596e-07 -3.70564e-14 2.23547e-06 0.0011252 -1.14137 -0.00757217 4.91475 11.0758 -0.0047187 5534.13 11.0758 -0.0047187 5534.13 
22.8 9.62411 -0.00503249 5530.82 0 0 0 25.1144 0 0 2.38594e-07 -3.66266e-14 2.23528e-06 0.00117201 -0.260311 -0.00790337 4.9149 10.9615 -0.00498674 5534.29 10.9615 -0.00498674 5534.29 
22.9 9.45671 -0.00532485 5530.88 0 0 0 25.1144 0 0 2.38587e-07 -3.71822e-14 2.23517e-06 0.00122153 -0.524432 -0.00819837 4.91505 10.7993 -0.0052773 5534.29 10.7993 -0.0052773 5534.29 
23 9.32723 -0.0056427 5530.57 0 0 0 25.1144 0 0 2.38574e-07 -3.76583e-14 2.23498e-06 0.00127618 0.0607141 -0.00846907 4.9152 10.6576 -0.00559204 5534.06 10.6576 -0.00559204 5534.06 
23.1 9.14386 -0.0059675 5530.64 0 0 0 25.1144 0 0 2.3856e-07 -3.75713e-14 2.23432e-06 0.00132374 0.523138 -0.00868496 4.91538 10.4674 -0.00591187 5534.16 10.4674 -0.00591187 5534.16 
23.2 8.94618 -0.00628913 5530.61 0 0 0 25.1144 0 0 2.38522e-07 -3.7521e-14 2.23447e-06 0.00136853 0.897414 -0.00885041 4.91553 10.2633 -0.00622945 5534.14 10.2633 -0.00622945 5534.14 
23.3 8.75207 -0.00660267 5530.46 0 0 0 25.1144 0 0 2.3848e-07 -3.73837e-14 2.23446e-06 0.00141116 1.31295 -0.00896768 4.91563 10.0605 -0.00653836 5534.02 10.0605 -0.00653836 5534.02 
23.4 8.5471 -0.00690029 5530.34 0 0 0 25.1144 0 0 2.38428e-07 -3.72349e-14 2.23447e-06 0.00145088 1.61941 -0.00904098 4.91568 9.85289 -0.00683314 5533.87 9.85289 -0.00683314 5533.87 
23.5 8.38902 -0.00718508 5529.96 0 0 0 25.1144 0 0 2.38377e-07 -3.63255e-14 2.23442e-06 0.00148939 2.489 -0.00908169 4.91571 9.68133 -0.00711161 5533.56 9.68133 -0.00711161 5533.56 
23.6 8.14991 -0.00743323 5530.5 0 0 0 25.1144 0 0 2.38335e-07 -3.62217e-14 2.23476e-06 0.00151739 0.865902 -0.0090636 4.91575 9.43909 -0.00735636 5534.06 9.43909 -0.00735636 5534.06 
23.7 7.92803 -0.00765627 5530.47 0 0 0 25.1144 0 0 2.38261e-07 -3.54942e-14 2.23484e-06 0.00153259 0.646789 -0.00894256 4.91574 9.21661 -0.00757648 5533.99 9.21661 -0.00757648 5533.99 
23.8 7.77021 -0.00780438 5529.54 0 0 0 25.1144 0 0 2.38153e-07 -3.48582e-14 2.23583e-06 0.00154432 1.54538 -0.00885501 4.91568 9.05538 -0.00772109 5533.06 9.05538 -0.00772109 5533.06 
23.9 7.61107 -0.00794859 5530.31 0 0 0 25.1144 0 0 2.38105e-07 -3.43508e-14 2.23592e-06 0.0015551 0.66789 -0.00873347 4.91564 8.89378 -0.00786242 5533.81 8.89378 -0.00786242 5533.81 
24 7.46519 -0.00804695 5529.91 0 0 0 25.1144 0 0 2.38e-07 -3.34614e-14 2.23701e-06 0.00155752 1.16366 -0.00857415 4.91557 8.74636 -0.00795814 5533.39 8.74636 -0.00795814 5533.39 
24.1 7.34032 -0.00810793 5529.72 0 0 0 25.1144 0 0 2.37909e-07 -3.25795e-14 2.23765e-06 0.00155485 1.49302 -0.00839793 4.9155 8.62117 -0.00801709 5533.18 8.62117 -0.00801709 5533.18 
24.2 7.23759 -0.00813183 5529.59 0 0 0 25.1144 0 0 2.3782e-07 -3.17151e-14 2.23843e-06 0.00154722 1.74409 -0.00820933 4.91544 8.51907 -0.00803959 5533.01 8.51907 -0.00803959 5533.01 
24.3 7.1606 -0.0081186 5529.51 0 0 0 25.1144 0 0 2.37745e-07 -3.09123e-14 2.23906e-06 0.0015348 1.8914 -0.00801317 4.91536 8.44345 -0.00802555 5532.88 8.44345 -0.00802555 5532.88 
24.4 7.11155 -0.00807358 5529.46 0 0 0 25.1144 0 0 2.37675e-07 -3.01688e-14 2.23982e-06 0.00151849 1.89999 -0.00781398 4.91527 8.39625 -0.00798026 5532.78 8.39625 -0.00798026 5532.78 
24.5 7.0928 -0.00799597 5529 0 0 0 25.1144 0 0 2.37621e-07 -2.94054e-14 2.24014e-06 0.00149924 1.75809 -0.00761786 4.91514 8.37973 -0.00790286 5532.27 8.37973 -0.00790286 5532.27 
24.6 7.10764 -0.00789556 5529.64 0 0 0 25.1144 0 0 2.3759e-07 -2.90054e-14 2.24087e-06 0.00147542 1.57869 -0.00742851 4.91505 8.39721 -0.00780312 5532.86 8.39721 -0.00780312 5532.86 
24.7 7.1509 -0.00777487 5529.61 0 0 0 25.1144 0 0 2.37569e-07 -2.85783e-14 2.24082e-06 0.00145098 1.23341 -0.00724893 4.9149 8.44351 -0.0076835 5532.79 8.44351 -0.0076835 5532.79 
24.8 7.2247 -0.007637 5529.4 0 0 0 25.1144 0 0 2.37555e-07 -2.81779e-14 2.24121e-06 0.0014259 0.56321 -0.00708357 4.91471 8.52083 -0.00754701 5532.53 8.52083 -0.00754701 5532.53 
24.9 7.33205 -0.00748697 5530 0 0 0 25.1144 0 0 2.37551e-07 -2.80438e-14 2.24146e-06 0.00139709 0.978425 -0.00693125 4.91462 8.6321 -0.00739865 5533.1 8.6321 -0.00739865 5533.1 
25 7.46052 -0.00733711 5529.37 0 0 0 25.1144 0 0 2.37574e-07 -2.77247e-14 2.24172e-06 0.00137528 -0.959077 -0.0068111 4.91437 8.76513 -0.00725083 5532.44 8.76513 -0.00725083 5532.44 
25.1 7.61321 -0.00718485 5529.61 0 0 0 25.1144 0 0 2.37596e-07 -2.76692e-14 2.24185e-06 0.00134979 -1.23271 -0.00669871 4.91425 8.92263 -0.00710069 5532.66 8.92263 -0.00710069 5532.66 
25.2 7.7834 -0.00703483 5529.86 0 0 0 25.1144 0 0 2.37624e-07 -2.76772e-14 2.24186e-06 0.001325 -1.16338 -0.00660164 4.91416 9.09787 -0.00695291 5532.89 9.09787 -0.00695291 5532.89 
25.3 7.96763 -0.00689347 5530.01 0 0 0 25.1144 0 0 2.3765e-07 -2.77563e-14 2.24194e-06 0.00130257 -1.0301 -0.00652503 4.91409 9.28724 -0.00681394 5533.03 9.28724 -0.00681394 5533.03 
25.4 8.16126 -0.00676249 5530.08 0 0 0 25.1144 0 0 2.37685e-07 -2.78883e-14 2.24187e-06 0.00128222 -0.764859 -0.00646509 4.91403 9.48589 -0.00668539 5533.1 9.48589 -0.00668539 5533.1 
25.5 8.35969 -0.00664544 5530.07 0 0 0 25.1144 0 0 2.37751e-07 -2.80358e-14 2.24135e-06 0.00126471 -0.447272 -0.00642163 4.91398 9.68904 -0.0065707 5533.09 9.68904 -0.0065707 5533.09 
25.6 8.55569 -0.00655641 5530.78 0 0 0 25.1144 0 0 2.37846e-07 -2.8501e-14 2.24138e-06 0.00125377 -2.32887 -0.00640804 4.91393 9.88945 -0.00648418 5533.8 9.88945 -0.00648418 5533.8 
25.7 8.74985 -0.00647276 5530.65 0 0 0 25.1144 0 0 2.37899e-07 -2.87552e-14 2.24099e-06 0.00124169 -1.72154 -0.00639105 4.91392 10.0874 -0.00640276 5533.68 10.0874 -0.00640276 5533.68 
25.8 8.93515 -0.00640635 5530.4 0 0 0 25.1144 0 0 2.37956e-07 -2.90997e-14 2.24059e-06 0.00123247 -1.11706 -0.00638431 4.91391 10.2759 -0.00633844 5533.45 10.2759 -0.00633844 5533.45 
25.9 9.10745 -0.00636489 5531.23 0 0 0 25.1144 0 0 2.38052e-07 -2.97402e-14 2.2405e-06 0.0012279 -2.26851 -0.00639438 4.91393 10.4508 -0.00629905 5534.29 10.4508 -0.00629905 5534.29 
26 9.26439 -0.00633048 5530.74 0 0 0 25.1144 0 0 2.38104e-07 -3.00937e-14 2.24009e-06 0.00122371 -1.54712 -0.00639916 4.91394 10.6096 -0.00626643 5533.84 10.6096 -0.00626643 5533.84 
26.1 9.40372 -0.00631528 5531.31 0 0 0 25.1144 0 0 2.38193e-07 -3.0767e-14 2.23968e-06 0.00122252 -2.0524 -0.00641291 4.91399 10.7503 -0.00625293 5534.43 10.7503 -0.00625293 5534.43 
26.2 9.52003 -0.00630757 5530.54 0 0 0 25.1144 0 0 2.38228e-07 -3.11241e-14 2.23948e-06 0.00122251 -1.3226 -0.00642249 4.91402 10.8673 -0.00624662 5533.69 10.8673 -0.00624662 5533.69 
26.3 9.61439 -0.00631463 5530.78 0 0 0 25.1144 0 0 2.38307e-07 -3.17561e-14 2.23893e-06 0.00122467 -1.48761 -0.00643789 4.91409 10.9618 -0.00625499 5533.96 10.9618 -0.00625499 5533.96 
26.4 9.68331 -0.0063325 5531.91 0 0 0 25.1144 0 0 2.38401e-07 -3.26682e-14 2.23808e-06 0.00122799 -1.8949 -0.00645654 4.91422 11.0302 -0.00627397 5535.13 11.0302 -0.00627397 5535.13 
26.5 9.72351 -0.00635494 5531.99 0 0 0 25.1144 0 0 2.38454e-07 -3.32388e-14 2.23806e-06 0.00123255 -1.64624 -0.00647436 4.91433 11.0693 -0.00629728 5535.25 11.0693 -0.00629728 5535.25 
26.6 9.73827 -0.00638335 5532 0 0 0 25.1144 0 0 2.38481e-07 -3.38723e-14 2.23796e-06 0.00123819 -1.27438 -0.00649566 4.91445 11.0823 -0.00632634 5535.3 11.0823 -0.00632634 5535.3 
26.7 9.72559 -0.00641732 5531.32 0 0 0 25.1144 0 0 2.38547e-07 -3.41548e-14 2.23511e-06 0.00124569 -1.06778 -0.0065226 4.91452 11.0673 -0.00636072 5534.65 11.0673 -0.00636072 5534.65 
26.8 9.68774 -0.00645673 5530.77 0 0 0 25.1144 0 0 2.38457e-07 -3.44892e-14 2.24076e-06 0.00125443 -1.06076 -0.00655626 4.9146 11.0267 -0.00640036 5534.15 11.0267 -0.00640036 5534.15 
26.9 9.62164 -0.0064999 5531.09 0 0 0 25.1144 0 0 2.38627e-07 -3.50454e-14 2.23198e-06 0.00126322 -0.488928 -0.00659854 4.91476 10.9572 -0.0064436 5534.5 10.9572 -0.0064436 5534.5 
27 9.52952 -0.00654711 5530.69 0 0 0 25.1144 0 0 2.38557e-07 -3.5281e-14 2.2343e-06 0.00127426 -0.766705 -0.00665139 4.91484 10.8615 -0.00649061 5534.13 10.8615 -0.00649061 5534.13 
27.1 9.4146 -0.00659203 5530.87 0 0 0 25.1144 0 0 2.38442e-07 -3.57317e-14 2.23956e-06 0.00128419 -0.00442226 -0.00670966 4.91499 10.7425 -0.00653523 5534.34 10.7425 -0.00653523 5534.34 
27.2 9.28215 -0.00663623 5530.84 0 0 0 25.1144 0 0 2.38444e-07 -3.59646e-14 2.23999e-06 0.00129406 1.0772 -0.00677182 4.91514 10.6058 -0.00657889 5534.33 10.6058 -0.00657889 5534.33 
27.3 9.13293 -0.00668044 5530.55 0 0 0 25.1144 0 0 2.38509e-07 -3.61009e-14 2.23445e-06 0.00130458 1.82022 -0.00684002 4.91524 10.452 -0.00662233 5534.06 10.452 -0.00662233 5534.06 
27.4 8.97047 -0.0067228 5530.16 0 0 0 25.1144 0 0 2.38263e-07 -3.62162e-14 2.24444e-06 0.00131491 2.75664 -0.0069127 4.91534 10.2851 -0.00666377 5533.68 10.2851 -0.00666377 5533.68 
27.5 8.79601 -0.00677403 5530.54 0 0 0 25.1144 0 0 2.38263e-07 -3.62162e-14 2.24444e-06 0.00132907 0.224388 -0.00700679 4.91534 10.1064 -0.0067139 5534.07 10.1064 -0.0067139 5534.07 
27.6 8.61573 -0.00681004 5530.44 0 0 0 25.1144 0 0 2.38411e-07 -3.59735e-14 2.23425e-06 0.00133862 0.484666 -0.00708425 4.91539 9.92186 -0.00674869 5533.98 9.92186 -0.00674869 5533.98 
27.7 8.43319 -0.0068428 5530.29 0 0 0 25.1144 0 0 2.37895e-07 -3.57846e-14 2.25225e-06 0.00134752 0.908366 -0.00716286 4.91544 9.73535 -0.0067801 5533.83 9.73535 -0.0067801 5533.83 
27.8 8.25146 -0.00687093 5530.13 0 0 0 25.1144 0 0 2.38268e-07 -3.55e-14 2.23484e-06 0.00135535 1.2162 -0.00723936 4.91548 9.55003 -0.00680683 5533.66 9.55003 -0.00680683 5533.66 
27.9 8.07506 -0.00689477 5529.94 0 0 0 25.1144 0 0 2.38311e-07 -3.50265e-14 2.23125e-06 0.00136246 1.49593 -0.00731303 4.91549 9.37045 -0.00682918 5533.46 9.37045 -0.00682918 5533.46 
28 7.90724 -0.00691481 5529.73 0 0 0 25.1144 0 0 2.38095e-07 -3.45378e-14 2.2359e-06 0.00136857 1.73064 -0.00738355 4.91549 9.19999 -0.00684769 5533.24 9.19999 -0.00684769 5533.24 
28.1 7.75126 -0.00693027 5529.52 0 0 0 25.1144 0 0 2.38006e-07 -3.40122e-14 2.23781e-06 0.00137365 1.90578 -0.00744893 4.91547 9.04188 -0.00686166 5533.01 9.04188 -0.00686166 5533.01 
28.2 7.61047 -0.00693806 5529.32 0 0 0 25.1144 0 0 2.38026e-07 -3.33654e-14 2.23855e-06 0.00137655 2.0194 -0.00750199 4.91544 8.8996 -0.00686892 5532.77 8.8996 -0.00686892 5532.77 
28.3 7.48712 -0.0069448 5529.12 0 0 0 25.1144 0 0 2.37893e-07 -3.28868e-14 2.23514e-06 0.00137942 2.06064 -0.00755511 4.91539 8.77542 -0.00687452 5532.55 8.77542 -0.00687452 5532.55 
28.4 7.38376 -0.00694862 5528.95 0 0 0 25.1144 0 0 2.37841e-07 -3.21678e-14 2.23877e-06 0.00138217 2.02159 -0.00760321 4.91532 8.67175 -0.00687656 5532.35 8.67175 -0.00687656 5532.35 
28.5 7.3017 -0.00694668 5529.21 0 0 0 25.1144 0 0 2.3778e-07 -3.16747e-14 2.23873e-06 0.00138266 1.69614 -0.00763865 4.91526 8.59017 -0.00687271 5532.58 8.59017 -0.00687271 5532.58 
28.6 7.2422 -0.00693816 5529.62 0 0 0 25.1144 0 0 2.37731e-07 -3.121e-14 2.23855e-06 0.00138161 1.38534 -0.00766245 4.91519 8.53172 -0.00686299 5532.95 8.53172 -0.00686299 5532.95 
28.7 7.20861 -0.00692165 5530 0 0 0 25.1144 0 0 2.37693e-07 -3.07689e-14 2.2391e-06 0.00137855 1.20944 -0.00767011 4.91512 8.49988 -0.00684564 5533.29 8.49988 -0.00684564 5533.29 
28.8 7.19833 -0.00689535 5527.76 0 0 0 25.1144 0 0 2.37549e-07 -2.96044e-14 2.24332e-06 0.00137508 0.77738 -0.00765483 4.91489 8.49192 -0.0068184 5531.03 8.49192 -0.0068184 5531.03 
28.9 7.22089 -0.00686613 5529.33 0 0 0 25.1144 0 0 2.37549e-07 -2.96044e-14 2.24332e-06 0.00136758 0.984801 -0.00763204 4.91489 8.51725 -0.00678874 5532.56 8.51725 -0.00678874 5532.56 
29 7.26095 -0.0068311 5528.89 0 0 0 25.1144 0 0 2.37586e-07 -2.91066e-14 2.2403e-06 0.00136087 0.326089 -0.00759528 4.91474 8.56066 -0.00675323 5532.09 8.56066 -0.00675323 5532.09 
29.1 7.32296 -0.00679264 5528.7 0 0 0 25.1144 0 0 2.37552e-07 -2.87483e-14 2.24257e-06 0.00135344 -0.775889 -0.00754876 4.91458 8.62649 -0.00671447 5531.86 8.62649 -0.00671447 5531.86 
29.2 7.40683 -0.00674481 5529.65 0 0 0 25.1144 0 0 2.37552e-07 -2.87483e-14 2.24257e-06 0.00134119 0.365963 -0.00748498 4.91458 8.71437 -0.00666677 5532.78 8.71437 -0.00666677 5532.78 
29.3 7.51326 -0.00670091 5529.58 0 0 0 25.1144 0 0 2.37454e-07 -2.84128e-14 2.2427e-06 0.00133236 -0.683982 -0.00741702 4.91445 8.82468 -0.00662336 5532.69 8.82468 -0.00662336 5532.69 
29.4 7.63469 -0.00665592 5529.88 0 0 0 25.1144 0 0 2.37643e-07 -2.84298e-14 2.24075e-06 0.00132206 -1.48697 -0.00734263 4.91435 8.95086 -0.00657863 5532.97 8.95086 -0.00657863 5532.97 
29.5 7.7704 -0.00661168 5530.33 0 0 0 25.1144 0 0 2.37549e-07 -2.84218e-14 2.24137e-06 0.00131215 -2.57545 -0.00726515 4.91424 9.09104 -0.00653508 5533.4 9.09104 -0.00653508 5533.4 
29.6 7.91998 -0.00655924 5530.07 0 0 0 25.1144 0 0 2.37549e-07 -2.84218e-14 2.24137e-06 0.00129823 -0.363212 -0.00716816 4.91424 9.24562 -0.00648341 5533.13 9.24562 -0.00648341 5533.13 
29.7 8.07844 -0.00651581 5530.05 0 0 0 25.1144 0 0 2.3775e-07 -2.86129e-14 2.23983e-06 0.00128729 0.0583877 -0.00707869 4.91421 9.40837 -0.00644064 5533.1 9.40837 -0.00644064 5533.1 
29.8 8.24305 -0.00648731 5530.73 0 0 0 25.1144 0 0 2.37784e-07 -2.88825e-14 2.24083e-06 0.00128029 -1.64801 -0.00700527 4.91413 9.57779 -0.00641294 5533.77 9.57779 -0.00641294 5533.77 
29.9 8.41225 -0.00645687 5530.58 0 0 0 25.1144 0 0 2.37823e-07 -2.88664e-14 2.2408e-06 0.00127161 -1.20718 -0.00692283 4.9141 9.74946 -0.00638374 5533.63 9.74946 -0.00638374 5533.63 
30 8.57456 -0.00643395 5530.19 0 0 0 25.1144 0 0 2.3787e-07 -2.92123e-14 2.24048e-06 0.00126516 -0.550247 -0.00684802 4.91409 9.91541 -0.00636192 5533.25 9.91541 -0.00636192 5533.25 
30.1 8.74051 -0.00642255 5530.87 0 0 0 25.1144 0 0 2.3795e-07 -2.95257e-14 2.24055e-06 0.00126031 -1.57375 -0.00678576 4.91407 10.0819 -0.00635203 5533.96 10.0819 -0.00635203 5533.96 
30.2 8.88778 -0.00641449 5530.33 0 0 0 25.1144 0 0 2.38e-07 -3.00083e-14 2.24e-06 0.0012564 -0.983698 -0.00672382 4.91408 10.2329 -0.00634476 5533.43 10.2329 -0.00634476 5533.43 
30.3 9.0237 -0.00641879 5531.2 0 0 0 25.1144 0 0 2.38099e-07 -3.07639e-14 2.23917e-06 0.00125445 -2.00379 -0.00667889 4.91412 10.3737 -0.00634923 5534.3 10.3737 -0.00634923 5534.3 
30.4 9.19478 -0.0064196 5530.14 0 0 0 25.1144 0 0 2.38122e-07 -3.10524e-14 2.23971e-06 0.00125207 -0.0489356 -0.0066263 4.91412 10.5487 -0.00635162 5533.23 10.5487 -0.00635162 5533.23 
30.5 9.29242 -0.00643796 5530.6 0 0 0 25.1144 0 0 2.38202e-07 -3.10249e-14 2.23867e-06 0.00125579 -0.842366 -0.00661067 4.91416 10.6419 -0.00637191 5533.76 10.6419 -0.00637191 5533.76 
30.6 9.36914 -0.00645315 5530.41 0 0 0 25.1144 0 0 2.38251e-07 -3.12479e-14 2.23881e-06 0.0012554 -0.956461 -0.00657999 4.91422 10.7213 -0.00638722 5533.58 10.7213 -0.00638722 5533.58 
30.7 9.44398 -0.00647324 5531.91 0 0 0 25.1144 0 0 2.38341e-07 -3.22842e-14 2.23821e-06 0.00125735 -1.65373 -0.00657182 4.91435 10.7955 -0.00640833 5535.11 10.7955 -0.00640833 5535.11 
30.8 9.49223 -0.00649263 5531.29 0 0 0 25.1144 0 0 2.38375e-07 -3.25692e-14 2.23815e-06 0.00126043 -1.33892 -0.00656643 4.9144 10.8426 -0.00642848 5534.52 10.8426 -0.00642848 5534.52 
30.9 9.52225 -0.0065131 5530.67 0 0 0 25.1144 0 0 2.38406e-07 -3.29483e-14 2.23786e-06 0.00126422 -1.09795 -0.00656854 4.91446 10.8709 -0.00644943 5533.93 10.8709 -0.00644943 5533.93 
31 9.53064 -0.00653411 5531.5 0 0 0 25.1144 0 0 2.38461e-07 -3.36413e-14 2.23728e-06 0.00126798 -1.08335 -0.00658555 4.91458 10.8764 -0.00647106 5534.8 10.8764 -0.00647106 5534.8 
31.1 9.51214 -0.00655352 5530.95 0 0 0 25.1144 0 0 2.38474e-07 -3.38741e-14 2.23715e-06 0.0012727 -0.989124 -0.00660793 4.91464 10.8568 -0.00649067 5534.27 10.8568 -0.00649067 5534.27 
31.2 9.47548 -0.00657089 5531.51 0 0 0 25.1144 0 0 2.38501e-07 -3.45373e-14 2.23678e-06 0.00127697 -0.510917 -0.0066409 4.91477 10.8177 -0.00650814 5534.85 10.8177 -0.00650814 5534.85 
31.3 9.41863 -0.00658525 5531.02 0 0 0 25.1144 0 0 2.38489e-07 -3.44641e-14 2.23704e-06 0.00128212 -0.480032 -0.00668225 4.91482 10.7544 -0.00652332 5534.41 10.7544 -0.00652332 5534.41 
31.4 9.3287 -0.00660196 5530.7 0 0 0 25.1144 0 0 2.38516e-07 -3.51609e-14 2.23587e-06 0.00128879 -1.01795 -0.00673747 4.9149 10.6564 -0.00653969 5534.15 10.6564 -0.00653969 5534.15 
31.5 9.2333 -0.00660956 5530.89 0 0 0 25.1144 0 0 2.38485e-07 -3.58784e-14 2.23652e-06 0.00129246 -0.0187856 -0.00679081 4.91502 10.5633 -0.006547 5534.32 10.5633 -0.006547 5534.32 
31.6 9.13021 -0.00662006 5530.73 0 0 0 25.1144 0 0 2.38469e-07 -3.5259e-14 2.23571e-06 0.0012985 0.586755 -0.0068609 4.9151 10.4529 -0.00655761 5534.19 10.4529 -0.00655761 5534.19 
31.7 8.99235 -0.00662292 5530.67 0 0 0 25.1144 0 0 2.38438e-07 -3.43379e-14 2.23624e-06 0.00130057 -0.148039 -0.00692223 4.91512 10.3099 -0.0065599 5534.15 10.3099 -0.0065599 5534.15 
31.8 8.86848 -0.00663346 5530.47 0 0 0 25.1144 0 0 2.38411e-07 -3.49158e-14 2.23507e-06 0.0013097 0.947389 -0.00701326 4.91522 10.1804 -0.00657147 5533.97 10.1804 -0.00657147 5533.97 
31.9 8.72842 -0.00664362 5530.37 0 0 0 25.1144 0 0 2.38366e-07 -3.4747e-14 2.23609e-06 0.00131598 0.889782 -0.00709902 4.91528 10.0353 -0.00658128 5533.87 10.0353 -0.00658128 5533.87 
32 8.5655 -0.00665993 5530.46 0 0 0 25.1144 0 0 2.38339e-07 -3.4436e-14 2.23519e-06 0.00132398 0.351659 -0.00719735 4.91532 9.87166 -0.00659599 5533.93 9.87166 -0.00659599 5533.93 
32.1 8.42388 -0.00667244 5530.24 0 0 0 25.1144 0 0 2.38278e-07 -3.45744e-14 2.23632e-06 0.00132955 0.91627 -0.00728369 4.91537 9.72576 -0.00660734 5533.72 9.72576 -0.00660734 5533.72 
32.2 8.27649 -0.00669246 5530.3 0 0 0 25.1144 0 0 2.38231e-07 -3.46851e-14 2.23642e-06 0.00133713 0.777365 -0.0073776 4.91537 9.57817 -0.00662666 5533.75 9.57817 -0.00662666 5533.75 
32.3 8.13478 -0.00671832 5530.36 0 0 0 25.1144 0 0 2.38179e-07 -3.46363e-14 2.23663e-06 0.00134535 0.628107 -0.00746998 4.91536 9.43534 -0.00665181 5533.79 9.43534 -0.00665181 5533.79 
32.4 7.99702 -0.00674485 5529.58 0 0 0 25.1144 0 0 2.38096e-07 -3.43551e-14 2.23679e-06 0.00135057 1.20811 -0.00754443 4.91531 9.28395 -0.00667748 5533.08 9.28395 -0.00667748 5533.08 
32.5 7.87181 -0.00678298 5530.15 0 0 0 25.1144 0 0 2.38044e-07 -3.45083e-14 2.23739e-06 0.00135835 0.813289 -0.00762575 4.91529 9.16411 -0.00671487 5533.58 9.16411 -0.00671487 5533.58 
32.6 7.76734 -0.00683284 5529.36 0 0 0 25.1144 0 0 2.37955e-07 -3.30027e-14 2.23797e-06 0.00136857 1.73323 -0.00770565 4.91524 9.05684 -0.00676308 5532.79 9.05684 -0.00676308 5532.79 
32.7 7.67394 -0.00688731 5529.59 0 0 0 25.1144 0 0 2.37907e-07 -3.23708e-14 2.23813e-06 0.00137771 1.62045 -0.00777079 4.91522 8.96186 -0.00681714 5533 8.96186 -0.00681714 5533 
32.8 7.59606 -0.00694755 5529.86 0 0 0 25.1144 0 0 2.37865e-07 -3.19587e-14 2.23829e-06 0.0013866 1.49764 -0.00782267 4.91519 8.88562 -0.00687678 5533.23 8.88562 -0.00687678 5533.23 
32.9 7.53842 -0.0070126 5530.13 0 0 0 25.1144 0 0 2.37824e-07 -3.16576e-14 2.23876e-06 0.00139516 1.44727 -0.00785948 4.91516 8.83271 -0.00694135 5533.43 8.83271 -0.00694135 5533.43 
33 7.48516 -0.00707897 5529.57 0 0 0 25.1144 0 0 2.37779e-07 -3.11714e-14 2.23846e-06 0.0014011 1.02472 -0.00787209 4.91508 8.77389 -0.00700639 5532.89 8.77389 -0.00700639 5532.89 
33.1 7.45706 -0.00714504 5529.85 0 0 0 25.1144 0 0 2.37761e-07 -3.10379e-14 2.23788e-06 0.00140571 0.563388 -0.00786363 4.915 8.74579 -0.00707184 5533.15 8.74579 -0.00707184 5533.15 
33.2 7.43933 -0.00720658 5530.14 0 0 0 25.1144 0 0 2.37723e-07 -3.10868e-14 2.23875e-06 0.00140638 0.0168952 -0.00782501 4.9149 8.73125 -0.00713225 5533.41 8.73125 -0.00713225 5533.41 
33.3 7.46781 -0.00727044 5529.81 0 0 0 25.1144 0 0 2.37669e-07 -3.17251e-14 2.24008e-06 0.00141445 0.804295 -0.00779097 4.91477 8.77983 -0.0072012 5532.91 8.77983 -0.0072012 5532.91 
33.4 7.53097 -0.00733946 5529.53 0 0 0 25.1144 0 0 2.37635e-07 -3.0561e-14 2.24058e-06 0.00141963 1.17851 -0.00773913 4.91463 8.83091 -0.00726391 5532.74 8.83091 -0.00726391 5532.74 
33.5 7.54326 -0.00737516 5529.88 0 0 0 25.1144 0 0 2.37617e-07 -2.97846e-14 2.24127e-06 0.00141328 0.370087 -0.00763137 4.91455 8.86012 -0.00730612 5532.95 8.86012 -0.00730612 5532.95 
33.6 7.61234 -0.00741826 5529.95 0 0 0 25.1144 0 0 2.37616e-07 -2.96955e-14 2.24105e-06 0.00141326 0.119897 -0.00753325 4.91449 8.92756 -0.00734862 5533.05 8.92756 -0.00734862 5533.05 
33.7 7.74899 -0.00746209 5529.83 0 0 0 25.1144 0 0 2.37624e-07 -2.93267e-14 2.24125e-06 0.0014156 1.33351 -0.0074381 4.91445 9.06473 -0.00738715 5532.93 9.06473 -0.00738715 5532.93 
33.8 7.85983 -0.00747901 5529.94 0 0 0 25.1144 0 0 2.37662e-07 -2.85779e-14 2.24111e-06 0.00141083 0.980381 -0.00731247 4.91444 9.17686 -0.00740426 5533.03 9.17686 -0.00740426 5533.03 
33.9 7.97812 -0.00747685 5530.14 0 0 0 25.1144 0 0 2.37717e-07 -2.87062e-14 2.24063e-06 0.00140249 0.473732 -0.00716875 4.91444 9.29934 -0.00740271 5533.21 9.29934 -0.00740271 5533.21 
34 8.11177 -0.00745697 5530.4 0 0 0 25.1144 0 0 2.37787e-07 -2.90877e-14 2.24034e-06 0.00139239 -0.720253 -0.00701974 4.9144 9.43607 -0.0073834 5533.45 9.43607 -0.0073834 5533.45 
34.1 8.25525 -0.0074175 5530.51 0 0 0 25.1144 0 0 2.37842e-07 -2.93909e-14 2.24008e-06 0.00137956 -1.21669 -0.0068613 4.91433 9.58192 -0.00734436 5533.55 9.58192 -0.00734436 5533.55 
34.2 8.40799 -0.0073559 5530.29 0 0 0 25.1144 0 0 2.37886e-07 -2.95707e-14 2.23986e-06 0.00136319 -0.701416 -0.0066938 4.91427 9.73661 -0.00728309 5533.35 9.73661 -0.00728309 5533.35 
34.3 8.55183 -0.00727748 5530.49 0 0 0 25.1144 0 0 2.37948e-07 -2.98583e-14 2.23974e-06 0.00134703 -1.68822 -0.00653733 4.91416 9.8827 -0.00720509 5533.57 9.8827 -0.00720509 5533.57 
34.4 8.69215 -0.00718171 5530.51 0 0 0 25.1144 0 0 2.37991e-07 -3.00649e-14 2.24001e-06 0.00132882 -1.78881 -0.00638427 4.91411 10.0258 -0.00710994 5533.61 10.0258 -0.00710994 5533.61 
34.5 8.82529 -0.00706943 5530.08 0 0 0 25.1144 0 0 2.38025e-07 -3.02304e-14 2.23964e-06 0.00130822 -1.05224 -0.00624014 4.9141 10.1618 -0.00699846 5533.21 10.1618 -0.00699846 5533.21 
34.6 8.93848 -0.00694276 5530.31 0 0 0 25.1144 0 0 2.38074e-07 -3.05144e-14 2.23953e-06 0.00128871 -1.21724 -0.0061163 4.91412 10.2779 -0.00687283 5533.47 10.2779 -0.00687283 5533.47 
34.7 9.03983 -0.00680578 5530.62 0 0 0 25.1144 0 0 2.38121e-07 -3.08217e-14 2.23954e-06 0.00126917 -1.21972 -0.00601089 4.9142 10.3817 -0.006737 5533.8 10.3817 -0.006737 5533.8 
34.8 9.12745 -0.00664161 5530.28 0 0 0 25.1144 0 0 2.38159e-07 -3.10913e-14 2.23914e-06 0.00124605 -0.778419 -0.00591946 4.91427 10.4711 -0.00657406 5533.49 10.4711 -0.00657406 5533.49 
34.9 9.19124 -0.00647142 5530.49 0 0 0 25.1144 0 0 2.38212e-07 -3.15067e-14 2.23873e-06 0.00122492 -0.763211 -0.00586012 4.91438 10.5357 -0.0064051 5533.71 10.5357 -0.0064051 5533.71 
35 9.23562 -0.00634351 5531.16 0 0 0 25.1144 0 0 2.3826e-07 -3.19383e-14 2.23841e-06 0.00121098 -0.840627 -0.00583059 4.91447 10.5798 -0.00627831 5534.4 10.5798 -0.00627831 5534.4 
35.1 9.26505 -0.00618853 5530.54 0 0 0 25.1144 0 0 2.38285e-07 -3.21519e-14 2.23822e-06 0.00119242 -0.571213 -0.00581657 4.91451 10.6083 -0.00612431 5533.8 10.6083 -0.00612431 5533.8 
35.2 9.28051 -0.00603738 5530.75 0 0 0 25.1144 0 0 2.38331e-07 -3.25609e-14 2.23768e-06 0.0011775 -0.59423 -0.00583435 4.91457 10.6221 -0.00597408 5534.02 10.6221 -0.00597408 5534.02 
35.3 9.27769 -0.00589552 5530.84 0 0 0 25.1144 0 0 2.3832e-07 -3.29409e-14 2.23866e-06 0.00116484 -0.618696 -0.00588071 4.91462 10.6171 -0.00583304 5534.14 10.6171 -0.00583304 5534.14 
35.4 9.25909 -0.00576734 5530.88 0 0 0 25.1144 0 0 2.38414e-07 -3.33139e-14 2.23665e-06 0.00115514 -0.603557 -0.00595703 4.91467 10.5961 -0.00570555 5534.2 10.5961 -0.00570555 5534.2 
35.5 9.22518 -0.00565556 5530.82 0 0 0 25.1144 0 0 2.38396e-07 -3.36072e-14 2.23714e-06 0.00114851 -0.557621 -0.00606082 4.91472 10.5597 -0.00559435 5534.15 10.5597 -0.00559435 5534.15 
35.6 9.17488 -0.00556268 5530.63 0 0 0 25.1144 0 0 2.38404e-07 -3.38332e-14 2.23691e-06 0.00114516 -0.609187 -0.0061907 4.91477 10.5068 -0.00550187 5533.99 10.5068 -0.00550187 5533.99 
35.7 9.1113 -0.00549406 5530.8 0 0 0 25.1144 0 0 2.3846e-07 -3.41406e-14 2.23385e-06 0.00114584 -0.24703 -0.00634346 4.91486 10.4405 -0.00543357 5534.18 10.4405 -0.00543357 5534.18 
35.8 9.0342 -0.00545018 5530.84 0 0 0 25.1144 0 0 2.38392e-07 -3.43155e-14 2.23661e-06 0.00114973 0.311946 -0.00651465 4.91495 10.3607 -0.0053898 5534.24 10.3607 -0.0053898 5534.24 
35.9 8.94301 -0.00543243 5530.66 0 0 0 25.1144 0 0 2.38373e-07 -3.43828e-14 2.23691e-06 0.00115783 0.184903 -0.00670331 4.91501 10.2667 -0.00537201 5534.08 10.2667 -0.00537201 5534.08 
36 8.84244 -0.00543799 5530.55 0 0 0 25.1144 0 0 2.38363e-07 -3.44019e-14 2.23617e-06 0.001169 0.029937 -0.00690047 4.91506 10.1632 -0.00537731 5533.98 10.1632 -0.00537731 5533.98 
36.1 8.73504 -0.00547284 5530.4 0 0 0 25.1144 0 0 2.38317e-07 -3.44025e-14 2.23627e-06 0.00118191 1.2076 -0.00710048 4.91517 10.0527 -0.00541176 5533.84 10.0527 -0.00541176 5533.84 
36.2 8.61965 -0.00553347 5530.34 0 0 0 25.1144 0 0 2.38277e-07 -3.43434e-14 2.23705e-06 0.00119974 0.987013 -0.00730713 4.9152 9.93427 -0.00547182 5533.79 9.93427 -0.00547182 5533.79 
36.3 8.50067 -0.00561845 5530.37 0 0 0 25.1144 0 0 2.38252e-07 -3.42148e-14 2.23661e-06 0.00122022 0.718595 -0.0075105 4.91523 9.81227 -0.00555607 5533.82 9.81227 -0.00555607 5533.82 
36.4 8.38122 -0.0057272 5530.45 0 0 0 25.1144 0 0 2.38221e-07 -3.41397e-14 2.23664e-06 0.00124313 0.42883 -0.00770892 4.91525 9.68992 -0.00566402 5533.9 9.68992 -0.00566402 5533.9 
36.5 8.26457 -0.00585886 5529.93 0 0 0 25.1144 0 0 2.38154e-07 -3.37925e-14 2.23691e-06 0.00126446 1.51248 -0.00788319 4.91526 9.57057 -0.00579465 5533.37 9.57057 -0.00579465 5533.37 
36.6 8.1519 -0.00600796 5530.07 0 0 0 25.1144 0 0 2.38121e-07 -3.36212e-14 2.23707e-06 0.00129021 1.15995 -0.00804943 4.91525 9.45557 -0.0059427 5533.5 9.45557 -0.0059427 5533.5 
36.7 8.04638 -0.00617081 5530.27 0 0 0 25.1144 0 0 2.38075e-07 -3.33577e-14 2.23776e-06 0.00131641 0.817855 -0.00819372 4.91524 9.34816 -0.00610445 5533.68 9.34816 -0.00610445 5533.68 
36.8 7.95143 -0.00634309 5529.53 0 0 0 25.1144 0 0 2.38004e-07 -3.29053e-14 2.23833e-06 0.00133842 1.56102 -0.00830109 4.9152 9.25175 -0.00627547 5532.93 9.25175 -0.00627547 5532.93 
36.9 7.8681 -0.00652381 5529.78 0 0 0 25.1144 0 0 2.3798e-07 -3.27023e-14 2.23782e-06 0.0013636 1.20422 -0.00838916 4.91517 9.16746 -0.00645502 5533.16 9.16746 -0.00645502 5533.16 
37 7.79806 -0.00670796 5530.06 0 0 0 25.1144 0 0 2.37986e-07 -3.24205e-14 2.23687e-06 0.00138759 0.910298 -0.00844824 4.91514 9.09698 -0.006638 5533.41 9.09698 -0.006638 5533.41 
37.1 7.7419 -0.00688873 5529.3 0 0 0 25.1144 0 0 2.37912e-07 -3.19183e-14 2.2376e-06 0.00140637 1.21942 -0.00846851 4.91507 9.04081 -0.00681749 5532.64 9.04081 -0.00681749 5532.64 
37.2 7.70272 -0.00706887 5529.6 0 0 0 25.1144 0 0 2.37861e-07 -3.16166e-14 2.23911e-06 0.0014267 0.9616 -0.00846585 4.91503 9.00211 -0.00699654 5532.92 9.00211 -0.00699654 5532.92 
37.3 7.68007 -0.00723551 5528.97 0 0 0 25.1144 0 0 2.37819e-07 -3.11503e-14 2.239e-06 0.0014414 0.928546 -0.00842701 4.91494 8.98034 -0.00716205 5532.26 8.98034 -0.00716205 5532.26 
37.4 7.67222 -0.00739224 5528.63 0 0 0 25.1144 0 0 2.37793e-07 -3.07598e-14 2.23918e-06 0.00145476 0.603925 -0.00836489 4.91486 8.97371 -0.00731778 5531.9 8.97371 -0.00731778 5531.9 
37.5 7.67996 -0.00754591 5529.76 0 0 0 25.1144 0 0 2.37793e-07 -3.07598e-14 2.23918e-06 0.00146991 0.615263 -0.00828592 4.91486 8.98297 -0.00747078 5533.02 8.98297 -0.00747078 5533.02 
37.6 7.70327 -0.00766957 5529.38 0 0 0 25.1144 0 0 2.37763e-07 -3.04308e-14 2.24008e-06 0.00147697 0.304272 -0.0081728 4.91478 9.00815 -0.0075937 5532.62 9.00815 -0.0075937 5532.62 
37.7 7.73974 -0.00777462 5529.24 0 0 0 25.1144 0 0 2.37715e-07 -3.0133e-14 2.24184e-06 0.00148138 -0.234276 -0.0080393 4.91468 9.04676 -0.00769822 5532.45 9.04676 -0.00769822 5532.45 
37.8 7.78946 -0.00787318 5530.01 0 0 0 25.1144 0 0 2.37715e-07 -3.0133e-14 2.24184e-06 0.00148544 0.399335 -0.00788904 4.91468 9.0987 -0.0077965 5533.21 9.0987 -0.0077965 5533.21 
37.9 7.85197 -0.0079297 5529.79 0 0 0 25.1144 0 0 2.3774e-07 -2.99104e-14 2.24135e-06 0.001483 -0.427388 -0.00771549 4.91458 9.16371 -0.00785277 5532.97 9.16371 -0.00785277 5532.97 
38 7.92694 -0.00796379 5529.97 0 0 0 25.1144 0 0 2.37785e-07 -2.98088e-14 2.23958e-06 0.00147723 -0.417125 -0.00752455 4.91453 9.24117 -0.00788689 5533.13 9.24117 -0.00788689 5533.13 
38.1 8.01064 -0.00796167 5530.07 0 0 0 25.1144 0 0 2.37812e-07 -2.98029e-14 2.24006e-06 0.00146803 -1.52735 -0.00732542 4.91445 9.3275 -0.00788499 5533.23 9.3275 -0.00788499 5533.23 
38.2 8.10395 -0.00794146 5530.12 0 0 0 25.1144 0 0 2.37812e-07 -2.98029e-14 2.24006e-06 0.00145268 -0.212758 -0.00710907 4.91445 9.4233 -0.00786517 5533.27 9.4233 -0.00786517 5533.27 
38.3 8.19978 -0.00789172 5530.29 0 0 0 25.1144 0 0 2.37841e-07 -2.98814e-14 2.24025e-06 0.00143722 -0.886487 -0.00689959 4.9144 9.52166 -0.00781596 5533.43 9.52166 -0.00781596 5533.43 
38.4 8.29966 -0.00781823 5530.59 0 0 0 25.1144 0 0 2.37896e-07 -3.007e-14 2.23951e-06 0.00141991 -1.65952 -0.0066964 4.91436 9.62396 -0.00774321 5533.73 9.62396 -0.00774321 5533.73 
38.5 8.40146 -0.0077257 5531 0 0 0 25.1144 0 0 2.37941e-07 -3.01853e-14 2.23935e-06 0.00140187 -2.30194 -0.00650052 4.91433 9.72806 -0.00765162 5534.14 9.72806 -0.00765162 5534.14 
38.6 8.5038 -0.00761576 5530.44 0 0 0 25.1144 0 0 2.37941e-07 -3.01853e-14 2.23935e-06 0.00137576 -0.81273 -0.00629906 4.91433 9.83231 -0.00754265 5533.58 9.83231 -0.00754265 5533.58 
38.7 8.60415 -0.00748731 5530.5 0 0 0 25.1144 0 0 2.37981e-07 -3.03973e-14 2.23959e-06 0.00135207 -0.852728 -0.00612399 4.91433 9.93441 -0.00741533 5533.66 9.93441 -0.00741533 5533.66 
38.8 8.69759 -0.00734452 5530.54 0 0 0 25.1144 0 0 2.3802e-07 -3.06031e-14 2.23943e-06 0.00132908 -0.897783 -0.00597926 4.91433 10.0293 -0.00727382 5533.7 10.0293 -0.00727382 5533.7 
38.9 8.78564 -0.00719385 5530.58 0 0 0 25.1144 0 0 2.38061e-07 -3.07645e-14 2.23921e-06 0.00130642 -0.91846 -0.00585487 4.91434 10.1185 -0.00712442 5533.75 10.1185 -0.00712442 5533.75 
39 8.8644 -0.00703856 5530.61 0 0 0 25.1144 0 0 2.3807e-07 -3.10524e-14 2.24092e-06 0.00128431 -0.917345 -0.00576004 4.91436 10.1982 -0.00697046 5533.8 10.1982 -0.00697046 5533.8 
39.1 8.93286 -0.00688135 5530.63 0 0 0 25.1144 0 0 2.38195e-07 -3.13528e-14 2.23509e-06 0.00126388 -0.894751 -0.00569404 4.91438 10.2671 -0.0068145 5533.83 10.2671 -0.0068145 5533.83 
39.2 8.99002 -0.00672569 5530.63 0 0 0 25.1144 0 0 2.38101e-07 -3.16782e-14 2.2433e-06 0.00124511 -0.853314 -0.00565835 4.91442 10.3244 -0.00666013 5533.85 10.3244 -0.00666013 5533.85 
39.3 9.03529 -0.00657365 5530.9 0 0 0 25.1144 0 0 2.38193e-07 -3.19258e-14 2.23953e-06 0.00122893 -0.932613 -0.00565047 4.91447 10.3695 -0.00650933 5534.14 10.3695 -0.00650933 5534.14 
39.4 9.0659 -0.00642734 5530.73 0 0 0 25.1144 0 0 2.38242e-07 -3.21758e-14 2.23793e-06 0.00121352 -0.779095 -0.0056692 4.91451 10.3995 -0.00636406 5533.99 10.3995 -0.00636406 5533.99 
39.5 9.08344 -0.00628957 5530.59 0 0 0 25.1144 0 0 2.38299e-07 -3.24154e-14 2.23603e-06 0.00120042 -0.67866 -0.00571313 4.91456 10.4162 -0.00622727 5533.87 10.4162 -0.00622727 5533.87 
39.6 9.08698 -0.00616231 5530.46 0 0 0 25.1144 0 0 2.38243e-07 -3.2601e-14 2.23965e-06 0.00118976 -0.621391 -0.00578035 4.9146 10.4185 -0.00610084 5533.75 10.4185 -0.00610084 5533.75 
39.7 9.07683 -0.00605224 5530.76 0 0 0 25.1144 0 0 2.38301e-07 -3.29531e-14 2.23762e-06 0.00118298 -0.470518 -0.00587129 4.91468 10.4069 -0.00599154 5534.07 10.4069 -0.00599154 5534.07 
39.8 9.05379 -0.00595495 5530.78 0 0 0 25.1144 0 0 2.38326e-07 -3.32049e-14 2.23675e-06 0.00117787 -0.28245 -0.00598016 4.91474 10.3822 -0.0058948 5534.11 10.3822 -0.0058948 5534.11 
39.9 9.01817 -0.00587472 5530.84 0 0 0 25.1144 0 0 2.38316e-07 -3.34389e-14 2.23743e-06 0.00117546 0.112027 -0.0061056 4.91481 10.3446 -0.00581499 5534.19 10.3446 -0.00581499 5534.19 
40 8.96881 -0.00581486 5530.71 0 0 0 25.1144 0 0 2.38312e-07 -3.35146e-14 2.23731e-06 0.00117593 0.180121 -0.00624663 4.91486 10.2932 -0.00575533 5534.07 10.2932 -0.00575533 5534.07 
40.1 8.90987 -0.00577144 5530.59 0 0 0 25.1144 0 0 2.38325e-07 -3.36211e-14 2.23582e-06 0.0011788 0.219385 -0.00639875 4.91491 10.2322 -0.00571195 5533.96 10.2322 -0.00571195 5533.96 
40.2 8.84241 -0.00575372 5530.5 0 0 0 25.1144 0 0 2.38289e-07 -3.37659e-14 2.23705e-06 0.00118399 1.24385 -0.00655357 4.91499 10.1625 -0.00569416 5533.89 10.1625 -0.00569416 5533.89 
40.3 8.76632 -0.00574717 5530.47 0 0 0 25.1144 0 0 2.38289e-07 -3.37659e-14 2.23705e-06 0.00119296 0.14465 -0.00672286 4.91499 10.0843 -0.00568736 5533.87 10.0843 -0.00568736 5533.87 
40.4 8.68688 -0.00576471 5530.22 0 0 0 25.1144 0 0 2.3824e-07 -3.36836e-14 2.23868e-06 0.00120164 1.34998 -0.00687976 4.91506 10.0028 -0.00570448 5533.62 10.0028 -0.00570448 5533.62 
40.5 8.60238 -0.00578328 5530.4 0 0 0 25.1144 0 0 2.3824e-07 -3.36836e-14 2.23868e-06 0.00121408 0.11731 -0.00705305 4.91506 9.91629 -0.00572256 5533.81 9.91629 -0.00572256 5533.81 
40.6 8.51623 -0.00583557 5530.03 0 0 0 25.1144 0 0 2.38619e-07 -3.34891e-14 2.22294e-06 0.00122595 1.29162 -0.00719935 4.91509 9.82821 -0.00577419 5533.44 9.82821 -0.00577419 5533.44 
40.7 8.42907 -0.00589363 5529.7 0 0 0 25.1144 0 0 2.38102e-07 -3.34892e-14 2.23919e-06 0.00123919 1.77338 -0.00734622 4.91512 9.73933 -0.00583144 5533.11 9.73933 -0.00583144 5533.11 
40.8 8.34131 -0.00595824 5530.26 0 0 0 25.1144 0 0 2.38102e-07 -3.34892e-14 2.23919e-06 0.00125651 0.476351 -0.00750024 4.91512 9.65017 -0.00589535 5533.66 9.65017 -0.00589535 5533.66 
40.9 8.25809 -0.00603897 5529.89 0 0 0 25.1144 0 0 2.38217e-07 -3.31316e-14 2.23449e-06 0.00127039 1.14334 -0.00761673 4.91513 9.56571 -0.00597512 5533.28 9.56571 -0.00597512 5533.28 
41 8.17954 -0.00612504 5529.49 0 0 0 25.1144 0 0 2.38191e-07 -3.28192e-14 2.23331e-06 0.00128407 1.60143 -0.00772177 4.9151 9.48618 -0.00606017 5532.87 9.48618 -0.00606017 5532.87 
41.1 8.10646 -0.00621545 5529.07 0 0 0 25.1144 0 0 2.37978e-07 -3.26575e-14 2.23924e-06 0.00129834 1.91496 -0.00781222 4.91509 9.41242 -0.00614946 5532.44 9.41242 -0.00614946 5532.44 
41.2 8.04038 -0.00631176 5529.92 0 0 0 25.1144 0 0 2.37978e-07 -3.26575e-14 2.23924e-06 0.00131566 0.923059 -0.0078974 4.91509 9.34604 -0.00624493 5533.28 9.34604 -0.00624493 5533.28 
41.3 7.98503 -0.00640535 5529.54 0 0 0 25.1144 0 0 2.37927e-07 -3.22252e-14 2.24024e-06 0.00132726 1.19178 -0.00794642 4.91505 9.29047 -0.0063375 5532.89 9.29047 -0.0063375 5532.89 
41.4 7.93851 -0.00649802 5529.2 0 0 0 25.1144 0 0 2.38018e-07 -3.18823e-14 2.23512e-06 0.00133878 1.27125 -0.00798024 4.915 9.24431 -0.0064291 5532.53 9.24431 -0.0064291 5532.53 
41.5 7.9002 -0.00659225 5530.06 0 0 0 25.1144 0 0 2.38018e-07 -3.18823e-14 2.23512e-06 0.0013524 0.685307 -0.0080074 4.915 9.20644 -0.00652264 5533.38 9.20644 -0.00652264 5533.38 
41.6 7.8768 -0.00667711 5529.9 0 0 0 25.1144 0 0 2.37904e-07 -3.15483e-14 2.23878e-06 0.00136109 0.689944 -0.00800237 4.91495 9.18377 -0.0066067 5533.2 9.18377 -0.0066067 5533.2 
41.7 7.86509 -0.00675526 5529.69 0 0 0 25.1144 0 0 2.37881e-07 -3.11645e-14 2.23864e-06 0.00136803 0.629797 -0.00797906 4.91489 9.17287 -0.00668391 5532.98 9.17287 -0.00668391 5532.98 
41.8 7.86353 -0.00682623 5529.61 0 0 0 25.1144 0 0 2.37839e-07 -3.11236e-14 2.24031e-06 0.00137349 0.401376 -0.00794162 4.91483 9.17336 -0.00675406 5532.87 9.17336 -0.00675406 5532.87 
41.9 7.87418 -0.00689039 5529.59 0 0 0 25.1144 0 0 2.37886e-07 -3.0646e-14 2.23834e-06 0.00137831 0.0706916 -0.00789379 4.91476 9.18464 -0.00681755 5532.84 9.18464 -0.00681755 5532.84 
42 7.89576 -0.00694888 5530.08 0 0 0 25.1144 0 0 2.37886e-07 -3.0646e-14 2.23834e-06 0.00138234 0.4094 -0.00783333 4.91476 9.20837 -0.00687593 5533.32 9.20837 -0.00687593 5533.32 
42.1 7.92835 -0.00699279 5530.04 0 0 0 25.1144 0 0 2.3779e-07 -3.07065e-14 2.24085e-06 0.00138311 0.10169 -0.00775732 4.91471 9.24181 -0.00691916 5533.26 9.24181 -0.00691916 5533.26 
