0 0.221264 0 0 -0 -0 0 0 0 0 0 0 0 
0.1 0.221264 -5.55005e-38 -0.00102997 1.42749e-40 8.19388e-05 1.33047e-37 0 0 -0.0201949 1.79711e-39 -0.0013432 1.26108e-43 
0.2 0.221264 -5.55005e-38 -0.00385051 3.20356e-40 0.000218167 1.33038e-37 0 0 -0.0349697 1.68824e-39 -0.00120391 3.41487e-43 
0.3 0.221264 -5.55005e-38 -0.00770559 4.15972e-40 0.000241717 1.33037e-37 0 0 -0.0404932 9.81153e-42 0.000943559 -2.33465e-44 
0.4 0.221264 -5.55005e-38 -0.0116214 2.60642e-40 -5.95135e-05 1.33057e-37 0 0 -0.0365191 -2.54945e-39 0.00421783 3.81327e-44 
0.5 0.221264 -5.55005e-38 -0.0147686 -1.66303e-40 -0.000703515 1.33099e-37 0 0 -0.0254618 -5.18089e-39 0.00758373 3.19459e-42 
0.6 0.221264 -5.55005e-38 -0.0165786 -7.35548e-40 -0.00151496 1.33152e-37 0 0 -0.0105363 -7.40165e-39 0.0104233 1.13696e-41 
0.7 0.221264 -5.55005e-38 -0.0169156 -1.56993e-39 -0.00268276 1.33227e-37 0 0 0.00323601 -8.15512e-39 0.0113864 2.16445e-41 
0.8 0.221264 -5.55005e-38 -0.0161058 -2.37452e-39 -0.00381162 1.33297e-37 0 0 0.0121903 -7.23653e-39 0.0102132 2.71952e-41 
0.9 0.221264 -5.55005e-38 -0.0146923 -2.95529e-39 -0.00464712 1.33348e-37 0 0 0.0151227 -5.0233e-39 0.00738785 2.35432e-41 
1 0.221264 -5.55005e-38 -0.0132885 -3.28473e-39 -0.00516319 1.33379e-37 0 0 0.0121448 -1.94717e-39 0.0034622 1.05296e-41 
1.1 0.221264 -5.55005e-38 -0.0124134 -3.31036e-39 -0.00528989 1.33387e-37 0 0 0.00497401 1.25008e-39 -0.000617347 -6.03065e-42 
1.2 0.221264 -5.55005e-38 -0.0123668 -2.99617e-39 -0.00499424 1.3337e-37 0 0 -0.0040102 4.279e-39 -0.00448222 -2.09661e-41 
1.3 0.221264 -5.55005e-38 -0.0131794 -2.46525e-39 -0.00441008 1.33336e-37 0 0 -0.0117163 6.37077e-39 -0.00715182 -2.77296e-41 
1.4 0.221264 -5.55005e-38 -0.0146297 -1.7846e-39 -0.00363672 1.33289e-37 0 0 -0.0167713 7.36697e-39 -0.00842361 -2.64141e-41 
1.5 0.221264 -5.55005e-38 -0.0164115 -9.86561e-40 -0.00272405 1.33232e-37 0 0 -0.0182441 7.23602e-39 -0.00825627 -1.99288e-41 
1.6 0.221264 -5.55005e-38 -0.0181389 -3.21453e-40 -0.00197366 1.33185e-37 0 0 -0.0157135 6.0664e-39 -0.00676175 -1.21406e-41 
1.7 0.221264 -5.55005e-38 -0.0194535 1.77718e-40 -0.00143487 1.3315e-37 0 0 -0.0103172 4.20891e-39 -0.00438754 -6.05272e-42 
1.8 0.221264 -5.55005e-38 -0.020181 4.5446e-40 -0.00117291 1.33133e-37 0 0 -0.00431622 1.98227e-39 -0.00154091 -2.19233e-42 
1.9 0.221264 -5.55005e-38 -0.020371 5.21821e-40 -0.00118604 1.33134e-37 0 0 0.000164632 -5.60614e-40 0.00171024 8.26465e-43 
2 0.221264 -5.55005e-38 -0.0202436 3.3819e-40 -0.00151818 1.33156e-37 0 0 0.00197013 -3.06863e-39 0.00491655 4.87121e-42 
2.1 0.221264 -5.55005e-38 -0.0200343 -7.8328e-41 -0.00215417 1.33197e-37 0 0 0.00187671 -4.57689e-39 0.00684435 1.00077e-41 
2.2 0.221264 -5.55005e-38 -0.0198822 -5.3359e-40 -0.00283382 1.33241e-37 0 0 0.00117589 -4.45604e-39 0.00669002 1.29003e-41 
2.3 0.221264 -5.55005e-38 -0.0198123 -9.21721e-40 -0.00343309 1.33279e-37 0 0 0.00017269 -3.05571e-39 0.00490144 1.07778e-41 
2.4 0.221264 -5.55005e-38 -0.0198706 -1.10928e-39 -0.00376721 1.333e-37 0 0 -0.00140263 -1.02821e-39 0.00231237 4.28315e-42 
2.5 0.221264 -5.55005e-38 -0.0201116 -1.09936e-39 -0.00386522 1.33306e-37 0 0 -0.00347834 9.2048e-40 -0.000175803 -3.1247e-42 
2.6 0.221264 -5.55005e-38 -0.0205717 -9.30349e-40 -0.00374406 1.33299e-37 0 0 -0.00568879 2.2967e-39 -0.00193302 -8.19931e-42 
2.7 0.221264 -5.55005e-38 -0.0212304 -6.57026e-40 -0.00349695 1.33284e-37 0 0 -0.00734335 2.86246e-39 -0.00265546 -9.67316e-42 
2.8 0.221264 -5.55005e-38 -0.0219988 -3.7057e-40 -0.00323309 1.33268e-37 0 0 -0.00782268 2.70418e-39 -0.0024533 -8.44698e-42 
2.9 0.221264 -5.55005e-38 -0.0227426 -1.4157e-40 -0.00303551 1.33256e-37 0 0 -0.00687299 2.18233e-39 -0.00178675 -6.3057e-42 
3 0.221264 -5.55005e-38 -0.023341 3.23894e-41 -0.0029085 1.33248e-37 0 0 -0.00505156 1.47468e-39 -0.00088282 -3.96593e-42 
3.1 0.221264 -5.55005e-38 -0.0237243 1.43436e-40 -0.00287325 1.33246e-37 0 0 -0.00289447 6.56604e-40 0.000162221 -1.5664e-42 
3.2 0.221264 -5.55005e-38 -0.0239308 1.61098e-40 -0.00295494 1.33252e-37 0 0 -0.00130197 -1.60855e-40 0.00120646 8.01992e-43 
3.3 0.221264 -5.55005e-38 -0.0240052 1.06581e-40 -0.00312151 1.33263e-37 0 0 -0.000292815 -8.17401e-40 0.0020451 2.88731e-42 
3.4 0.221264 -5.55005e-38 -0.0240169 -2.06444e-42 -0.00336078 1.33278e-37 0 0 -4.21444e-05 -1.24702e-39 0.00259382 4.53943e-42 
3.5 0.221264 -5.55005e-38 -0.0240347 -1.36512e-40 -0.00363261 1.33296e-37 0 0 -0.000387978 -1.37509e-39 0.00275738 5.37008e-42 
3.6 0.221264 -5.55005e-38 -0.024112 -2.68111e-40 -0.00390223 1.33313e-37 0 0 -0.00122127 -1.22425e-39 0.00256478 5.18115e-42 
3.7 0.221264 -5.55005e-38 -0.0242898 -3.90133e-40 -0.00417496 1.3333e-37 0 0 -0.00232838 -9.58322e-40 0.00222527 4.40614e-42 
3.8 0.221264 -5.55005e-38 -0.0245661 -4.44997e-40 -0.00432915 1.3334e-37 0 0 -0.00312875 -4.82969e-40 0.00161844 2.56152e-42 
3.9 0.221264 -5.55005e-38 -0.0248967 -4.55164e-40 -0.00443757 1.33347e-37 0 0 -0.00342 1.78927e-40 0.000773536 -2.99465e-43 
4 0.221264 -5.55005e-38 -0.0252365 -4.05542e-40 -0.00446935 1.3335e-37 0 0 -0.00335259 8.25785e-40 -5.21427e-05 -3.18559e-42 
4.1 0.221264 -5.50993e-38 -0.0255479 -2.94009e-40 -0.004429 1.3334e-37 0 0 -0.00294694 1.35071e-39 -0.000722174 -5.48298e-42 
4.2 0.221264 -5.50993e-38 -0.0258201 -1.34529e-40 -0.00432729 1.33334e-37 0 0 -0.00249729 1.72112e-39 -0.00119502 -6.96479e-42 
4.3 0.221264 -5.50993e-38 -0.0260477 6.18276e-41 -0.00418617 1.33326e-37 0 0 -0.00207537 1.81253e-39 -0.00131172 -7.14197e-42 
4.4 0.221264 -5.50993e-38 -0.0262356 2.38676e-40 -0.0040627 1.33319e-37 0 0 -0.00168287 1.66823e-39 -0.00112748 -6.34388e-42 
4.5 0.221264 -5.50993e-38 -0.0263846 3.69611e-40 -0.00398287 1.33314e-37 0 0 -0.00129963 1.3713e-39 -0.000748374 -5.01356e-42 
4.6 0.221264 -5.50993e-38 -0.0264963 4.96611e-40 -0.00393035 1.33311e-37 0 0 -0.000938068 9.98935e-40 -0.000272925 -3.48425e-42 
4.7 0.221264 -5.50993e-38 -0.026573 5.69717e-40 -0.0039296 1.33312e-37 0 0 -0.000603174 6.50806e-40 0.000171578 -2.11117e-42 
4.8 0.221264 -5.50993e-38 -0.0266189 6.22906e-40 -0.00396842 1.33315e-37 0 0 -0.000325219 3.95619e-40 0.000497408 -1.11788e-42 
4.9 0.221264 -5.50993e-38 -0.0266407 6.52624e-40 -0.00402451 1.33318e-37 0 0 -0.000136545 2.79573e-40 0.000645576 -6.67399e-43 
5 0.221264 -5.50993e-38 -0.0266488 6.86244e-40 -0.0040967 1.33323e-37 0 0 -5.3356e-05 3.07292e-40 0.000610186 -7.9175e-43 
5.1 0.221264 -5.50993e-38 -0.0266548 7.18417e-40 -0.00413697 1.33326e-37 0 0 -7.68893e-05 4.47975e-40 0.000430574 -1.38493e-42 
5.2 0.221264 -5.50993e-38 -0.0266605 7.7665e-40 -0.00417212 1.33329e-37 0 0 -0.000107739 6.48129e-40 0.00017504 -2.23111e-42 
5.3 0.221264 -5.50993e-38 -0.0266768 8.64089e-40 -0.00416614 1.33329e-37 0 0 -0.000215619 9.32905e-40 -0.000188527 -3.41762e-42 
5.4 0.221264 -5.50993e-38 -0.026704 9.67308e-40 -0.00412809 1.33327e-37 0 0 -0.000318964 1.19412e-39 -0.000522024 -4.46623e-42 
5.5 0.221264 -5.50993e-38 -0.0267401 1.09449e-39 -0.00406272 1.33323e-37 0 0 -0.000397188 1.39551e-39 -0.000779137 -5.21412e-42 
5.6 0.221264 -5.50993e-38 -0.026781 1.25156e-39 -0.00396998 1.33318e-37 0 0 -0.000407642 1.49847e-39 -0.000910586 -5.51513e-42 
5.7 0.221264 -5.50993e-38 -0.0268189 1.40733e-39 -0.00387422 1.33313e-37 0 0 -0.000343678 1.51145e-39 -0.000927166 -5.43785e-42 
5.8 0.221264 -5.50993e-38 -0.0268477 1.53168e-39 -0.00380091 1.33308e-37 0 0 -0.000230198 1.41482e-39 -0.000803779 -4.94973e-42 
5.9 0.221264 -5.50993e-38 -0.0268636 1.70322e-39 -0.00371448 1.33303e-37 0 0 -8.48275e-05 1.23734e-39 -0.000577144 -4.19695e-42 
6 0.221264 -5.50993e-38 -0.0268633 1.79784e-39 -0.00368142 1.33302e-37 0 0 9.2084e-05 1.03401e-39 -0.000317508 -3.39632e-42 
6.1 0.221264 -5.50993e-38 -0.0268445 1.8712e-39 -0.00366769 1.33301e-37 0 0 0.000281591 8.49255e-40 -8.1576e-05 -2.70022e-42 
6.2 0.221264 -5.50993e-38 -0.0268025 1.94703e-39 -0.00367419 1.33302e-37 0 0 0.00049156 6.85987e-40 0.000126913 -2.1049e-42 
6.3 0.221264 -5.50993e-38 -0.0267481 2.01521e-39 -0.00369104 1.33303e-37 0 0 0.000576608 6.4761e-40 0.00017592 -1.97245e-42 
6.4 0.221264 -5.50993e-38 -0.0266896 2.09749e-39 -0.00370973 1.33305e-37 0 0 0.000581677 6.78162e-40 0.000136907 -2.09428e-42 
6.5 0.221264 -5.50993e-38 -0.0266342 2.15748e-39 -0.00371517 1.33306e-37 0 0 0.000517647 7.59674e-40 3.28202e-05 -2.40203e-42 
6.6 0.221264 -5.50993e-38 -0.0265875 2.24803e-39 -0.00370893 1.33306e-37 0 0 0.00041331 8.66252e-40 -0.000103274 -2.79526e-42 
6.7 0.221264 -5.50993e-38 -0.026552 2.32451e-39 -0.00369332 1.33305e-37 0 0 0.000296773 9.74963e-40 -0.000242093 -3.1836e-42 
6.8 0.221264 -5.50993e-38 -0.0265273 2.43291e-39 -0.00366097 1.33303e-37 0 0 0.000201817 1.06149e-39 -0.000352589 -3.47457e-42 
6.9 0.221264 -5.50993e-38 -0.02651 2.53363e-39 -0.00362482 1.33301e-37 0 0 0.000149005 1.11158e-39 -0.000416554 -3.61948e-42 
7 0.221264 -5.50993e-38 -0.0264955 2.70491e-39 -0.00356023 1.33298e-37 0 0 0.000147736 1.11941e-39 -0.000426551 -3.60542e-42 
7.1 0.221264 -5.50993e-38 -0.0264784 2.76536e-39 -0.00353852 1.33297e-37 0 0 0.000191282 1.08857e-39 -0.00038717 -3.45589e-42 
7.2 0.221264 -5.50993e-38 -0.0264555 2.87044e-39 -0.0035042 1.33295e-37 0 0 0.000266021 1.02772e-39 -0.000309456 -3.20877e-42 
7.3 0.221264 -5.50993e-38 -0.0264245 2.96801e-39 -0.00347948 1.33294e-37 0 0 0.000351696 9.50494e-40 -0.000210831 -2.91621e-42 
7.4 0.221264 -5.50993e-38 -0.0263854 3.05782e-39 -0.00346467 1.33293e-37 0 0 0.000429097 8.71339e-40 -0.000109743 -2.62839e-42 
7.5 0.221264 -5.50993e-38 -0.0263398 3.17135e-39 -0.00345947 1.33293e-37 0 0 0.000481013 8.0288e-40 -2.23148e-05 -2.38656e-42 
7.6 0.221264 -5.50993e-38 -0.0262908 3.2342e-39 -0.00346256 1.33294e-37 0 0 0.00049112 7.59329e-40 3.33041e-05 -2.23725e-42 
7.7 0.221264 -5.50993e-38 -0.0262435 3.29096e-39 -0.003467 1.33294e-37 0 0 0.000468076 7.41065e-40 5.6629e-05 -2.17736e-42 
7.8 0.221264 -5.50993e-38 -0.0262003 3.3697e-39 -0.003473 1.33295e-37 0 0 0.000424189 7.41687e-40 5.58344e-05 -2.18303e-42 
7.9 0.221264 -5.50993e-38 -0.0261611 3.44022e-39 -0.00347731 1.33296e-37 0 0 0.000370543 7.53742e-40 4.04393e-05 -2.22789e-42 
8 0.221264 -5.50993e-38 -0.026127 3.52074e-39 -0.00347995 1.33296e-37 0 0 0.000313196 7.73404e-40 1.53289e-05 -2.29805e-42 
8.1 0.221264 -5.50993e-38 -0.0260984 3.58972e-39 -0.00347974 1.33297e-37 0 0 0.000259378 7.96177e-40 -1.37538e-05 -2.37728e-42 
8.2 0.221264 -5.50993e-38 -0.0260746 3.68912e-39 -0.00347584 1.33297e-37 0 0 0.000217165 8.1796e-40 -4.15723e-05 -2.45105e-42 
8.3 0.221264 -5.50993e-38 -0.0260544 3.76167e-39 -0.00347108 1.33297e-37 0 0 0.000187794 8.31899e-40 -5.93732e-05 -2.49584e-42 
8.4 0.221264 -5.50993e-38 -0.0260365 3.85671e-39 -0.00346395 1.33297e-37 0 0 0.000171659 8.35311e-40 -6.37309e-05 -2.5032e-42 
8.5 0.221264 -5.50993e-38 -0.0260197 3.94378e-39 -0.00345822 1.33297e-37 0 0 0.000165679 8.2618e-40 -5.20694e-05 -2.46742e-42 
8.6 0.221264 -5.50993e-38 -0.0260031 4.01331e-39 -0.00345512 1.33297e-37 0 0 0.000167387 8.08161e-40 -2.90575e-05 -2.40219e-42 
8.7 0.221264 -5.50993e-38 -0.0259862 4.09671e-39 -0.00345407 1.33297e-37 0 0 0.000170783 7.85451e-40 -5.57971e-08 -2.3227e-42 
