0 2.24435 -2.25429e-12 5280.02 0 0 0 21.4328 0 0 2.14491e-07 -7.49281e-21 2.44335e-06 -7.69254e-14 -35.1832 5.2993e-13 4.8121 2.84083 -2.1326e-13 5282.34 2.84083 -4.3264e-14 5282.34 
0.1 1.59275 1.99921e-06 5460.36 0 0 0 21.4328 0 0 2.20171e-07 -9.10681e-15 2.37876e-06 2.53021e-07 -15.2918 3.62067e-06 4.83363 2.5866 1.5976e-06 5462.65 2.5866 1.5976e-06 5462.65 
0.2 6.03063 2.06275e-06 5494.28 0 0 0 21.4328 0 0 2.24893e-07 -1.30775e-15 2.29232e-06 -7.73639e-07 1.05402 5.11829e-06 4.87948 7.42062 2.09214e-06 5497.37 7.42062 2.09214e-06 5497.37 
0.3 10.013 9.67657e-07 5533.17 0 0 0 21.4328 0 0 2.34858e-07 -1.89876e-16 2.29443e-06 -2.79893e-07 17.4803 2.32101e-06 4.91509 11.6988 9.63039e-07 5536.9 11.6988 9.63039e-07 5536.9 
0.4 12.9015 5.66023e-08 5568.82 0 0 0 21.4328 0 0 2.3431e-07 3.73195e-18 2.20055e-06 -5.65256e-08 26.573 2.85519e-07 4.93518 14.5246 8.27826e-08 5572.29 14.5246 8.27825e-08 5572.29 
0.5 15.4817 -3.48293e-07 5590.85 0 0 0 21.4328 0 0 2.36528e-07 3.48526e-17 2.17565e-06 9.40007e-08 29.6347 -8.24268e-07 4.94603 16.8225 -3.52843e-07 5593.53 16.8225 -3.52843e-07 5593.53 
0.6 16.6891 -1.84289e-07 5589.9 0 0 0 21.4328 0 0 2.36584e-07 1.65789e-17 2.16352e-06 6.08348e-08 23.3514 -4.77767e-07 4.94218 17.6279 -1.94696e-07 5591.84 17.6279 -1.94696e-07 5591.84 
0.7 16.9009 -5.11567e-07 5578.31 0 0 0 21.4328 0 0 2.3744e-07 1.36066e-17 2.19172e-06 1.37235e-07 5.78651 -1.19211e-06 4.92543 17.4006 -5.20731e-07 5579.95 17.4006 -5.2073e-07 5579.95 
0.8 16.6801 -6.38e-07 5556.73 0 0 0 21.4328 0 0 2.38186e-07 1.11256e-17 2.24604e-06 1.81819e-07 -13.7721 -1.49441e-06 4.90764 16.8591 -6.51325e-07 5558.65 16.8591 -6.51325e-07 5558.65 
0.9 15.9884 -2.9035e-07 5532.23 0 0 0 21.4328 0 0 2.37587e-07 2.07709e-18 2.22415e-06 9.81238e-08 -31.5922 -6.63966e-07 4.89254 16.0366 -2.96587e-07 5534.86 16.0366 -2.96587e-07 5534.86 
1 15.1333 -1.3392e-07 5505.87 0 0 0 21.4328 0 0 2.3781e-07 4.59326e-19 2.23506e-06 4.6011e-08 -41.7921 -2.49996e-07 4.88141 15.2238 -1.35013e-07 5509.39 15.2238 -1.35013e-07 5509.39 
1.1 14.5814 0.00903688 5500.31 0 0 0 21.4328 0 0 2.4008e-07 -7.68188e-18 2.24159e-06 -0.00338687 -59.005 0.0273543 4.87981 15.2576 0.00952023 5504.87 15.2576 0.00952023 5504.87 
1.2 14.3684 -5.73931e-06 5499.31 0 0 0 21.4328 0 0 2.41106e-07 -1.34956e-16 2.23733e-06 -1.65936e-08 -44.332 -4.25974e-06 4.88718 15.3025 -2.10241e-06 5504.35 15.3025 -2.10241e-06 5504.35 
1.3 13.0786 -8.13565e-07 5506.19 0 0 0 21.4328 0 0 2.41385e-07 1.4957e-17 2.21077e-06 -2.40404e-07 -34.2263 -1.33882e-07 4.89686 14.2526 -6.31274e-07 5512.16 14.2526 -6.31274e-07 5512.16 
1.4 11.8906 -1.4534e-06 5517.16 0 0 0 21.4328 0 0 2.4244e-07 2.52641e-18 2.20202e-06 3.44286e-07 -19.2342 -3.32139e-06 4.90743 13.2336 -1.5189e-06 5523.84 13.2336 -1.5189e-06 5523.84 
1.5 10.539 -9.4421e-07 5530.91 0 0 0 21.4328 0 0 2.38646e-07 5.39695e-17 2.21306e-06 1.93648e-07 4.39265 -1.64768e-06 4.9167 11.9117 -9.25673e-07 5537.79 11.9117 -9.25673e-07 5537.79 
1.6 9.31914 -4.62289e-07 5540.45 0 0 0 21.4328 0 0 2.37416e-07 7.75166e-19 2.20567e-06 5.58882e-08 22.1829 -4.32011e-07 4.92705 10.6392 -4.30009e-07 5547.09 10.6392 -4.30009e-07 5547.09 
1.7 7.73372 -2.97518e-07 5546.31 0 0 0 21.4328 0 0 2.36041e-07 -2.07327e-17 2.23141e-06 8.55797e-09 35.7288 -5.36737e-08 4.9308 8.92351 -2.70887e-07 5552.33 8.92351 -2.70887e-07 5552.33 
1.8 6.15288 -2.62688e-07 5546.4 0 0 0 21.4328 0 0 2.34578e-07 -2.02503e-17 2.22206e-06 1.25308e-08 45.6248 -3.83729e-08 4.92515 7.17664 -2.44316e-07 5551.53 7.17664 -2.44316e-07 5551.53 
1.9 4.72098 -1.55847e-07 5542.54 0 0 0 21.4328 0 0 2.33755e-07 -2.0711e-17 2.24886e-06 -5.46944e-09 43.6841 9.78984e-08 4.91591 5.61251 -1.41186e-07 5546.7 5.61251 -1.41186e-07 5546.7 
2 2.99215 0.0314912 5535.69 0 0 0 21.4328 0 0 2.34673e-07 -4.63015e-17 2.25951e-06 -0.0126329 35.4172 0.0908866 4.9053 3.88656 0.0324863 5538.93 3.88656 0.0324863 5538.93 
2.1 1.87042 -1.31355e-05 5532.59 0 0 0 21.4328 0 0 2.35323e-07 -5.662e-17 2.25657e-06 -2.93553e-06 22.8157 -8.41148e-07 4.90377 2.7562 -9.36724e-07 5535.01 2.7562 -9.36724e-07 5535.01 
2.2 1.03466 -2.62159e-06 5530.13 0 0 0 21.4328 0 0 2.35205e-07 3.11317e-15 2.24165e-06 -1.3036e-06 7.57527 1.23891e-06 4.90771 1.92253 -1.75291e-06 5532.18 1.92253 -1.75291e-06 5532.18 
2.3 0.800386 -6.16098e-06 5527.58 0 0 0 21.4328 0 0 2.3509e-07 1.5874e-15 2.23519e-06 2.08527e-06 -4.64495 -1.57391e-05 4.90776 1.71061 -6.42472e-06 5529.59 1.71061 -6.42473e-06 5529.59 
2.4 0.89229 -3.71946e-06 5524.76 0 0 0 21.4328 0 0 2.34636e-07 3.19839e-16 2.2397e-06 9.39005e-07 -11.5786 -6.8203e-06 4.90296 1.84835 -3.6749e-06 5526.92 1.84835 -3.6749e-06 5526.92 
2.5 1.15454 -2.06053e-06 5522.45 0 0 0 21.4328 0 0 2.34304e-07 7.67181e-17 2.24308e-06 5.03354e-07 -14.162 -3.58027e-06 4.89795 2.17848 -2.02841e-06 5524.86 2.17848 -2.02841e-06 5524.86 
2.6 1.57269 -1.42747e-06 5523.22 0 0 0 21.4328 0 0 2.34047e-07 -4.1439e-17 2.24361e-06 2.76894e-07 -12.673 -1.91052e-06 4.8974 2.66862 -1.3763e-06 5525.85 2.66862 -1.3763e-06 5525.85 
2.7 2.09018 -1.1074e-06 5526.52 0 0 0 21.4328 0 0 2.33556e-07 -3.94095e-17 2.24144e-06 1.84091e-07 -8.72618 -1.33197e-06 4.90183 3.23897 -1.0725e-06 5529.34 3.23897 -1.0725e-06 5529.34 
2.8 2.49386 -7.03887e-07 5530.9 0 0 0 21.4328 0 0 2.33158e-07 -4.91852e-17 2.23476e-06 8.60286e-08 -4.2341 -6.65777e-07 4.90547 3.664 -6.73145e-07 5533.85 3.664 -6.73145e-07 5533.85 
2.9 2.56505 -4.5594e-07 5534.99 0 0 0 21.4328 0 0 2.3328e-07 -5.72194e-17 2.23027e-06 1.55417e-08 -2.18312 4.38424e-10 4.90813 3.72296 -4.26668e-07 5538.02 3.72296 -4.26668e-07 5538.02 
3 2.32711 0.0393104 5538.52 0 0 0 21.4328 0 0 2.3307e-07 -5.36634e-17 2.22223e-06 -0.0157962 -0.874627 0.111666 4.91143 3.38009 0.0402856 5541.72 3.38009 0.0402856 5541.72 
3.1 2.46857 -1.45319e-05 5537.01 0 0 0 21.4328 0 0 2.33026e-07 4.92939e-16 2.22412e-06 -6.55783e-06 2.47747 6.7326e-06 4.91168 3.46507 7.60138e-07 5540.17 3.46507 7.60138e-07 5540.17 
3.2 2.72859 -2.38811e-06 5533.03 0 0 0 21.4328 0 0 2.31776e-07 4.9973e-15 2.2506e-06 -1.51196e-06 9.89654 -3.99502e-07 4.90605 3.69328 -1.17358e-06 5536.06 3.69328 -1.17358e-06 5536.06 
3.3 3.17638 -8.15064e-06 5528.1 0 0 0 21.4328 0 0 2.29995e-07 4.0811e-15 2.29603e-06 2.76485e-06 17.2097 -1.84341e-05 4.89849 4.14475 -8.35474e-06 5530.78 4.14475 -8.35474e-06 5530.78 
3.4 3.53703 -4.13014e-06 5526.12 0 0 0 21.4328 0 0 2.30483e-07 1.12229e-15 2.25687e-06 1.1736e-06 17.9673 -8.45623e-06 4.89519 4.5405 -4.06814e-06 5528.32 4.5405 -4.06814e-06 5528.32 
3.5 3.85349 -2.09781e-06 5526.29 0 0 0 21.4328 0 0 2.307e-07 1.03195e-16 2.27845e-06 4.92375e-07 10.3788 -3.42207e-06 4.89696 4.89781 -2.042e-06 5528.11 4.89781 -2.042e-06 5528.11 
3.6 4.28494 -1.00466e-06 5528.34 0 0 0 21.4328 0 0 2.32211e-07 -5.90587e-17 2.24262e-06 1.52679e-07 1.88782 -1.02898e-06 4.90057 5.35928 -9.5622e-07 5529.99 5.35928 -9.5622e-07 5529.99 
3.7 4.94203 -4.7346e-07 5530.12 0 0 0 21.4328 0 0 2.3294e-07 -5.39995e-17 2.24182e-06 4.45036e-08 -4.80604 -2.34449e-07 4.90299 6.0345 -4.47315e-07 5531.8 6.0345 -4.47315e-07 5531.8 
3.8 5.86153 -1.09563e-07 5531.25 0 0 0 21.4328 0 0 2.33178e-07 -7.2435e-17 2.23319e-06 -5.05637e-08 -9.97591 5.15331e-07 4.90157 6.96482 -9.06054e-08 5533.06 6.96482 -9.06058e-08 5533.06 
3.9 6.86292 9.85158e-08 5530.63 0 0 0 21.4328 0 0 2.33122e-07 -8.02237e-17 2.23686e-06 -1.01913e-07 -7.74579 8.32253e-07 4.8998 7.97451 1.15713e-07 5532.6 7.97451 1.15713e-07 5532.6 
4 7.55909 0.0383952 5530.59 0 0 0 21.4328 0 0 2.33028e-07 -1.04013e-16 2.24544e-06 -0.016396 -7.01397 0.11496 4.90047 8.67252 0.0414011 5532.69 8.67252 0.0414011 5532.69 
4.1 8.21833 -2.0782e-05 5531.9 0 0 0 21.4328 0 0 2.33937e-07 7.36343e-17 2.23286e-06 -5.60588e-06 -10.1236 -5.36928e-06 4.90293 9.30862 -4.15011e-06 5534.25 9.30862 -4.15011e-06 5534.25 
4.2 8.78157 -1.97574e-06 5531.77 0 0 0 21.4328 0 0 2.3431e-07 2.59906e-15 2.22802e-06 -1.74094e-06 -10.2795 1.69253e-06 4.90296 9.86387 -6.65261e-07 5534.38 9.86387 -6.65261e-07 5534.38 
4.3 9.37168 -1.00892e-05 5530.71 0 0 0 21.4328 0 0 2.34407e-07 1.59005e-15 2.24607e-06 3.42726e-06 -6.83031 -2.38942e-05 4.9013 10.4496 -1.00757e-05 5533.53 10.4496 -1.00757e-05 5533.53 
4.4 9.78967 -4.08114e-06 5530.33 0 0 0 21.4328 0 0 2.3412e-07 3.09164e-16 2.24429e-06 1.16153e-06 -3.56232 -8.49445e-06 4.90063 10.8707 -3.9511e-06 5533.26 10.8707 -3.9511e-06 5533.26 
4.5 9.94765 -1.77673e-06 5530.35 0 0 0 21.4328 0 0 2.34897e-07 7.73157e-17 2.22624e-06 3.90608e-07 -2.61929 -3.08322e-06 4.90197 11.0326 -1.6956e-06 5533.33 11.0326 -1.6956e-06 5533.33 
4.6 9.92214 -7.52082e-07 5531.31 0 0 0 21.4328 0 0 2.35206e-07 -1.02547e-16 2.23594e-06 8.09798e-08 -3.51642 -7.52001e-07 4.90469 11.0048 -6.74938e-07 5534.37 11.0048 -6.74938e-07 5534.37 
4.7 9.89114 -4.41679e-07 5531.19 0 0 0 21.4328 0 0 2.35573e-07 -9.03266e-17 2.22218e-06 1.71991e-09 -3.78794 -2.53971e-07 4.90558 10.9653 -3.818e-07 5534.37 10.9653 -3.818e-07 5534.37 
4.8 9.9333 -2.53967e-08 5530.93 0 0 0 21.4328 0 0 2.35734e-07 -9.60063e-17 2.21637e-06 -8.6587e-08 -0.932203 5.38465e-07 4.90444 11.0017 2.35162e-08 5534.2 11.0017 2.35164e-08 5534.2 
4.9 9.92606 3.06429e-07 5530.25 0 0 0 21.4328 0 0 2.35681e-07 -9.97642e-17 2.22039e-06 -1.71669e-07 1.6704 1.19141e-06 4.90394 10.9954 3.50005e-07 5533.52 10.9954 3.50005e-07 5533.52 
5 9.79866 4.35915e-07 5530.21 0 0 0 21.4328 0 0 2.36219e-07 -8.94265e-17 2.20086e-06 -1.93197e-07 2.43669 1.35004e-06 4.90458 10.8725 4.70126e-07 5533.44 10.8725 4.70126e-07 5533.44 
5.1 9.45311 0.0270112 5529.13 0 0 0 21.4328 0 0 2.35911e-07 -4.6222e-17 2.23288e-06 -0.0101783 0.311988 0.0761805 4.90496 10.5592 0.0273492 5532.36 10.5592 0.0273492 5532.36 
5.2 9.40824 -1.4112e-05 5530.01 0 0 0 21.4328 0 0 2.36089e-07 -5.34728e-16 2.23143e-06 -3.18791e-06 -0.384051 -4.75201e-06 4.90529 10.5083 -2.64766e-06 5533.18 10.5083 -2.64766e-06 5533.18 
5.3 9.17538 -1.33244e-06 5530.61 0 0 0 21.4328 0 0 2.36311e-07 1.22265e-15 2.22837e-06 -1.06099e-06 -1.64394 1.97546e-06 4.90588 10.2753 -4.53932e-07 5533.81 10.2753 -4.53932e-07 5533.81 
5.4 8.93731 -5.26696e-06 5531.26 0 0 0 21.4328 0 0 2.36396e-07 5.92129e-16 2.22642e-06 1.63937e-06 -2.31171 -1.28884e-05 4.90651 10.0339 -5.39658e-06 5534.52 10.0339 -5.39658e-06 5534.52 
5.5 8.64404 -2.49439e-06 5531.57 0 0 0 21.4328 0 0 2.36427e-07 1.8074e-16 2.22727e-06 5.89713e-07 -2.77231 -4.64858e-06 4.90681 9.7344 -2.38386e-06 5534.92 9.7344 -2.38386e-06 5534.92 
5.6 8.3108 -1.13029e-06 5532 0 0 0 21.4328 0 0 2.36367e-07 -6.75333e-18 2.22678e-06 2.96856e-07 -2.00823 -1.63702e-06 4.90704 9.39263 -1.00593e-06 5535.44 9.39263 -1.00593e-06 5535.44 
5.7 7.90256 -5.73861e-07 5531.61 0 0 0 21.4328 0 0 2.36288e-07 -3.44651e-17 2.22752e-06 3.15068e-08 -3.10115 -4.02447e-07 4.90713 8.97347 -5.05704e-07 5535.13 8.97347 -5.05704e-07 5535.13 
5.8 7.42344 -3.39855e-07 5531.7 0 0 0 21.4328 0 0 2.36125e-07 -3.42882e-17 2.22831e-06 -5.48638e-08 -1.58258 1.98832e-07 4.90733 8.48165 -2.68805e-07 5535.31 8.48165 -2.68805e-07 5535.31 
5.9 6.87921 -1.8129e-07 5531.67 0 0 0 21.4328 0 0 2.35921e-07 -4.15955e-17 2.2303e-06 -9.17855e-08 -1.97238 4.91539e-07 4.90738 7.92408 -1.14394e-07 5535.35 7.92408 -1.14394e-07 5535.35 
6 6.24277 -8.53735e-08 5531.57 0 0 0 21.4328 0 0 2.3571e-07 -4.7151e-17 2.22787e-06 -1.19787e-07 -1.37099 7.55114e-07 4.90742 7.27396 -2.06158e-08 5535.31 7.27396 -2.06159e-08 5535.31 
6.1 5.47067 0.0277153 5531.02 0 0 0 21.4328 0 0 2.3571e-07 -4.73824e-17 2.22975e-06 -0.0104678 -1.89248 0.0781557 4.90766 6.49737 0.0280662 5534.9 6.49737 0.0280662 5534.9 
6.2 4.99726 1.11534e-05 5530.58 0 0 0 21.4328 0 0 2.35474e-07 1.70337e-15 2.22805e-06 -1.44747e-05 0.796238 5.3443e-05 4.90796 6.01523 1.96563e-05 5534.35 6.01523 1.96563e-05 5534.35 
6.3 4.41334 6.36996e-08 5529.72 0 0 0 21.4328 0 0 2.35087e-07 2.35195e-15 2.22683e-06 -1.79257e-06 3.28799 5.69589e-06 4.90768 5.42515 7.85059e-08 5533.47 5.42515 7.85063e-08 5533.47 
6.4 3.88766 -4.03614e-06 5529.58 0 0 0 21.4328 0 0 2.34635e-07 1.16964e-15 2.23234e-06 1.40431e-06 5.1998 -1.00195e-05 4.9073 4.90134 -4.22541e-06 5533.24 4.90134 -4.22541e-06 5533.24 
6.5 3.4764 -2.7908e-06 5528.77 0 0 0 21.4328 0 0 2.34131e-07 2.95195e-16 2.23979e-06 6.23723e-07 8.52015 -4.36155e-06 4.90689 4.49726 -2.70758e-06 5532.26 4.49726 -2.70758e-06 5532.26 
6.6 3.14808 -1.67447e-06 5529.03 0 0 0 21.4328 0 0 2.33781e-07 1.05396e-16 2.24131e-06 3.21952e-07 9.9013 -2.07047e-06 4.90655 4.17892 -1.62463e-06 5532.29 4.17892 -1.62463e-06 5532.29 
6.7 2.92508 -8.58843e-07 5529.88 0 0 0 21.4328 0 0 2.33432e-07 -1.54093e-17 2.25111e-06 1.18015e-07 10.1099 -7.24404e-07 4.90621 3.9661 -8.26137e-07 5532.88 3.9661 -8.26137e-07 5532.88 
6.8 2.82908 -6.46549e-07 5530.19 0 0 0 21.4328 0 0 2.33327e-07 -3.00463e-17 2.24203e-06 5.28063e-08 9.45948 -2.20668e-07 4.90578 3.87805 -6.28612e-07 5532.93 3.87805 -6.28612e-07 5532.93 
6.9 2.85691 -3.78e-07 5530.68 0 0 0 21.4328 0 0 2.33165e-07 -4.6414e-17 2.24525e-06 4.53236e-08 6.96711 -1.66718e-07 4.90532 3.9108 -3.90026e-07 5533.2 3.9108 -3.90025e-07 5533.2 
7 3.00674 -1.35351e-07 5531.42 0 0 0 21.4328 0 0 2.33121e-07 -5.17507e-17 2.24629e-06 1.98103e-08 5.76042 9.80023e-08 4.90487 4.06246 -1.69323e-07 5533.78 4.06246 -1.69323e-07 5533.78 
7.1 3.15296 0.040549 5531.44 0 0 0 21.4328 0 0 2.32984e-07 -6.29076e-17 2.24645e-06 -0.017445 3.80534 0.119578 4.90423 4.20951 0.0430594 5533.66 4.20951 0.0430594 5533.66 
7.2 3.58611 -5.58792e-05 5531.77 0 0 0 21.4328 0 0 2.32973e-07 1.64026e-14 2.24639e-06 5.19929e-06 0.00260885 -6.13872e-05 4.90343 4.62803 -3.44422e-05 5533.96 4.62803 -3.44422e-05 5533.96 
7.3 3.9704 -5.02072e-06 5531.25 0 0 0 21.4328 0 0 2.33082e-07 1.04652e-14 2.24467e-06 9.26956e-07 -3.58981 -1.83361e-05 4.90268 5.01101 -5.66647e-06 5533.47 5.01101 -5.66647e-06 5533.47 
7.4 4.3937 1.22325e-06 5530.75 0 0 0 21.4328 0 0 2.33124e-07 1.96616e-15 2.24329e-06 1.7256e-08 -5.60052 2.59273e-06 4.90221 5.43443 1.34142e-06 5533.06 5.43443 1.34142e-06 5533.06 
7.5 4.83296 -2.2368e-06 5530.38 0 0 0 21.4328 0 0 2.33179e-07 1.28035e-15 2.24244e-06 4.52263e-07 -5.86936 -5.82394e-06 4.9019 5.87644 -2.13448e-06 5532.8 5.87644 -2.13448e-06 5532.8 
7.6 5.265 -4.67608e-06 5530.23 0 0 0 21.4328 0 0 2.33183e-07 8.63965e-16 2.24239e-06 1.51236e-06 -4.74871 -1.15798e-05 4.90178 6.31373 -4.89358e-06 5532.77 6.31373 -4.89358e-06 5532.77 
7.7 5.67355 -8.10354e-07 5529.94 0 0 0 21.4328 0 0 2.33217e-07 1.13667e-16 2.24159e-06 4.09669e-07 -3.97167 -2.04034e-06 4.90189 6.72892 -8.42164e-07 5532.57 6.72892 -8.42164e-07 5532.57 
7.8 6.05632 3.85543e-07 5529.94 0 0 0 21.4328 0 0 2.33267e-07 -1.24215e-16 2.24032e-06 -9.44815e-08 -2.47488 6.88497e-07 4.90218 7.11851 3.97048e-07 5532.64 7.11851 3.97048e-07 5532.64 
7.9 6.44957 3.13737e-08 5530.23 0 0 0 21.4328 0 0 2.33347e-07 -4.87421e-17 2.24002e-06 2.39597e-08 -0.815547 -1.3261e-07 4.90252 7.51783 2.76897e-08 5532.95 7.51783 2.76899e-08 5532.95 
8 6.76434 2.3756e-07 5530.38 0 0 0 21.4328 0 0 2.33437e-07 -6.41628e-17 2.23946e-06 -2.97247e-08 0.596933 3.62057e-07 4.90275 7.83739 2.24116e-07 5533.09 7.83739 2.24116e-07 5533.09 
8.1 6.94891 0.036275 5530.24 0 0 0 21.4328 0 0 2.33349e-07 -5.67616e-17 2.23909e-06 -0.0150125 2.15145 0.105291 4.90304 8.02468 0.03793 5532.94 8.02468 0.03793 5532.94 
8.2 7.36727 -3.05114e-06 5530.73 0 0 0 21.4328 0 0 2.33646e-07 1.67645e-15 2.2377e-06 -1.05636e-05 1.74169 3.07593e-05 4.90324 8.43103 1.10298e-05 5533.36 8.43103 1.10298e-05 5533.36 
8.3 7.65405 1.53421e-07 5530.83 0 0 0 21.4328 0 0 2.33869e-07 4.4357e-15 2.23559e-06 -2.28472e-06 0.425472 1.9734e-06 4.90325 8.71876 5.38647e-07 5533.43 8.71876 5.38647e-07 5533.43 
8.4 7.94933 -5.68919e-06 5530.84 0 0 0 21.4328 0 0 2.34356e-07 1.51598e-15 2.23349e-06 2.10381e-06 -0.903005 -1.45539e-05 4.90334 9.01525 -6.28147e-06 5533.43 9.01525 -6.28147e-06 5533.43 
8.5 8.23403 -3.42122e-06 5530.43 0 0 0 21.4328 0 0 2.34388e-07 3.03581e-16 2.23196e-06 1.16338e-06 -1.1993 -7.97284e-06 4.90342 9.30166 -3.51764e-06 5533.03 9.30166 -3.51764e-06 5533.03 
8.6 8.49923 -1.37136e-06 5530.39 0 0 0 21.4328 0 0 2.34672e-07 8.56802e-17 2.23044e-06 4.14183e-07 -2.77533 -3.45663e-06 4.90358 9.57002 -1.3722e-06 5533.03 9.57002 -1.3722e-06 5533.03 
8.7 8.73109 -5.928e-07 5530.37 0 0 0 21.4328 0 0 2.34981e-07 -2.6114e-17 2.22817e-06 1.042e-07 -3.89847 -7.60795e-07 4.90381 9.80592 -5.43756e-07 5533.08 9.80592 -5.43756e-07 5533.08 
8.8 8.91985 -1.73486e-07 5530.45 0 0 0 21.4328 0 0 2.35239e-07 -6.14045e-17 2.22748e-06 -1.84971e-09 -4.59914 -2.64239e-07 4.90414 9.99936 -1.54732e-07 5533.25 9.99936 -1.54732e-07 5533.25 
8.9 9.05493 5.26442e-08 5530.03 0 0 0 21.4328 0 0 2.35349e-07 3.45678e-18 2.23087e-06 -6.66787e-08 -4.53445 2.41271e-07 4.90448 10.139 6.53684e-08 5532.93 10.139 6.53681e-08 5532.93 
9 9.12027 4.80794e-08 5531.34 0 0 0 21.4328 0 0 2.35672e-07 -5.51666e-17 2.22684e-06 -4.46204e-08 -4.28353 3.51516e-07 4.9051 10.2084 7.54064e-08 5534.34 10.2084 7.54066e-08 5534.34 
9.1 8.97204 0.0308938 5529.63 0 0 0 21.4328 0 0 2.35835e-07 -1.41069e-16 2.22498e-06 -0.0120786 -4.73557 0.0878568 4.90532 10.0807 0.031596 5532.76 10.0807 0.031596 5532.76 
9.2 9.02976 8.59255e-07 5530.58 0 0 0 21.4328 0 0 2.35966e-07 9.00741e-15 2.22484e-06 -1.34098e-05 -3.73156 5.55308e-05 4.90574 10.1286 2.23066e-05 5533.76 10.1286 2.23066e-05 5533.76 
9.3 8.87676 -4.29583e-06 5530.6 0 0 0 21.4328 0 0 2.36143e-07 5.96277e-15 2.22575e-06 1.30748e-06 -3.02979 -1.2768e-05 4.90613 9.97562 -5.60064e-06 5533.87 9.97562 -5.60064e-06 5533.87 
9.4 8.65608 -2.42013e-06 5531.09 0 0 0 21.4328 0 0 2.36038e-07 8.41532e-16 2.22585e-06 1.2849e-06 -1.57432 -7.19425e-06 4.90659 9.75365 -2.53208e-06 5534.43 9.75365 -2.53208e-06 5534.43 
9.5 8.36613 -4.29477e-07 5531.74 0 0 0 21.4328 0 0 2.36033e-07 2.37076e-16 2.22667e-06 1.29728e-07 0.515736 -1.0073e-06 4.90694 9.4604 -5.81967e-07 5535.13 9.4604 -5.81967e-07 5535.13 
9.6 8.01657 -7.15409e-07 5531.34 0 0 0 21.4328 0 0 2.35955e-07 1.65926e-16 2.22734e-06 7.77457e-08 0.286843 -7.93899e-07 4.90713 9.10598 -6.8497e-07 5534.76 9.10598 -6.8497e-07 5534.76 
9.7 7.62468 -3.42274e-07 5531.72 0 0 0 21.4328 0 0 2.35811e-07 -5.84074e-17 2.22791e-06 1.13769e-07 2.17501 -8.92227e-07 4.90733 8.70756 -3.25902e-07 5535.16 8.70756 -3.25902e-07 5535.16 
9.8 7.19215 8.44947e-08 5531.5 0 0 0 21.4328 0 0 2.35763e-07 -1.01966e-16 2.22968e-06 -4.87253e-08 1.92582 2.72267e-07 4.90739 8.26751 1.14901e-07 5534.93 8.26751 1.14901e-07 5534.93 
9.9 6.73833 2.88556e-07 5531.36 0 0 0 21.4328 0 0 2.3564e-07 -1.51977e-16 2.22977e-06 -1.56605e-07 1.52115 8.52031e-07 4.90738 7.80567 3.38528e-07 5534.78 7.80567 3.38527e-07 5534.78 
10 6.2767 4.19189e-07 5531.28 0 0 0 21.4328 0 0 2.355e-07 -1.0447e-16 2.23225e-06 -1.60991e-07 1.03395 9.66488e-07 4.90728 7.3361 4.73345e-07 5534.69 7.3361 4.73345e-07 5534.69 
10.1 5.67123 0.0329982 5530.68 0 0 0 21.4328 0 0 2.35502e-07 3.52975e-17 2.23352e-06 -0.0133298 0.56504 0.0951883 4.90701 6.73809 0.0342158 5534.12 6.73809 0.0342158 5534.12 
10.2 5.38071 5.14513e-05 5531.13 0 0 0 21.4328 0 0 2.35639e-07 2.97742e-14 2.23657e-06 -3.66291e-05 1.00431 0.000160521 4.9068 6.43955 5.84683e-05 5534.46 6.43955 5.84683e-05 5534.46 
10.3 4.95677 -1.0294e-05 5530.99 0 0 0 21.4328 0 0 2.35009e-07 1.0824e-14 2.2363e-06 4.11657e-06 1.45845 -2.72277e-05 4.90657 6.00979 -1.2557e-05 5534.3 6.00979 -1.2557e-05 5534.3 
10.4 4.58432 -6.99953e-07 5530.74 0 0 0 21.4328 0 0 2.34682e-07 3.92025e-16 2.23862e-06 9.42634e-07 2.33405 -6.70408e-06 4.90642 5.63266 -9.26139e-07 5534.02 5.63266 -9.26139e-07 5534.02 
10.5 4.23988 -2.84018e-06 5531.11 0 0 0 21.4328 0 0 2.3448e-07 5.03991e-16 2.23969e-06 -9.46726e-08 2.07124 -3.59944e-06 4.90622 5.2837 -2.66018e-06 5534.35 5.2837 -2.66018e-06 5534.35 
10.6 3.94784 -1.27127e-06 5531.16 0 0 0 21.4328 0 0 2.34051e-07 2.35742e-16 2.24213e-06 1.03872e-07 2.7037 8.57433e-08 4.90603 4.98726 -1.24397e-06 5534.35 4.98726 -1.24397e-06 5534.35 
10.7 3.70689 9.13436e-07 5530.42 0 0 0 21.4328 0 0 2.33866e-07 4.72667e-16 2.24354e-06 8.39348e-08 3.9738 -2.40359e-07 4.9057 4.74215 8.81361e-07 5533.53 4.74215 8.81361e-07 5533.53 
10.8 3.52521 7.58153e-07 5530.7 0 0 0 21.4328 0 0 2.33642e-07 1.72363e-16 2.24476e-06 4.41918e-08 4.01976 5.85089e-07 4.9054 4.55662 7.31834e-07 5533.73 4.55662 7.31834e-07 5533.73 
10.9 3.42141 -2.4517e-07 5531.16 0 0 0 21.4328 0 0 2.33439e-07 4.17601e-17 2.24598e-06 8.65162e-08 4.02739 -1.1149e-06 4.90508 4.45007 -2.49476e-07 5534.11 4.45007 -2.49476e-07 5534.11 
11 3.38882 1.69555e-07 5530.44 0 0 0 21.4328 0 0 2.33215e-07 3.91583e-17 2.2461e-06 -2.58236e-08 4.00025 5.3068e-08 4.90458 4.41605 1.73408e-07 5533.29 4.41605 1.73407e-07 5533.29 
11.1 3.31945 0.0388343 5530.68 0 0 0 21.4328 0 0 2.32978e-07 3.26844e-17 2.24776e-06 -0.0166724 4.55471 0.114961 4.90429 4.34231 0.0413893 5533.47 4.34231 0.0413893 5533.47 
11.2 3.54648 0.000135505 5530.36 0 0 0 21.4328 0 0 2.32883e-07 5.20004e-15 2.24801e-06 -0.000109672 3.28742 0.000528112 4.90377 4.5632 0.000201154 5532.99 4.5632 0.000201154 5532.99 
11.3 3.74186 -8.10612e-06 5530.16 0 0 0 21.4328 0 0 2.32795e-07 2.61033e-14 2.24788e-06 9.72926e-06 2.37733 -5.52566e-05 4.9033 4.76156 -1.60883e-05 5532.71 4.76156 -1.60883e-05 5532.71 
11.4 4.02427 9.83303e-06 5529.89 0 0 0 21.4328 0 0 2.32807e-07 -8.42599e-16 2.24729e-06 -9.62379e-07 1.32694 2.15549e-05 4.90296 5.04887 9.36641e-06 5532.37 5.04887 9.36641e-06 5532.37 
11.5 4.36977 -1.13458e-06 5529.74 0 0 0 21.4328 0 0 2.32971e-07 1.19301e-15 2.24672e-06 -3.22094e-07 0.391766 -2.68001e-06 4.90264 5.40092 -7.32887e-07 5532.18 5.40092 -7.32886e-07 5532.18 
11.6 4.76808 -1.97374e-06 5529.57 0 0 0 21.4328 0 0 2.33033e-07 4.81305e-16 2.24572e-06 1.88705e-06 -0.956738 -1.41218e-05 4.90244 5.80733 -2.17074e-06 5531.98 5.80733 -2.17074e-06 5531.98 
11.7 5.21568 6.6098e-07 5529.99 0 0 0 21.4328 0 0 2.33053e-07 2.44571e-16 2.24472e-06 1.27895e-07 0.0984542 -9.54334e-09 4.90237 6.26345 6.03743e-07 5532.38 6.26345 6.03744e-07 5532.38 
11.8 5.73143 6.79398e-07 5529.99 0 0 0 21.4328 0 0 2.33228e-07 1.38387e-16 2.24289e-06 1.54973e-08 -1.03071 -6.2418e-07 4.90233 6.7878 6.65658e-07 5532.38 6.7878 6.65658e-07 5532.38 
11.9 6.20219 7.21951e-07 5530.01 0 0 0 21.4328 0 0 2.33409e-07 5.18776e-17 2.24164e-06 -8.61499e-09 -1.45611 3.36991e-08 4.90236 7.26697 7.12982e-07 5532.42 7.26697 7.12982e-07 5532.42 
12 6.66002 4.71065e-07 5530.07 0 0 0 21.4328 0 0 2.33597e-07 3.52369e-17 2.2407e-06 1.27632e-08 -1.56127 1.85779e-07 4.90244 7.73259 4.74618e-07 5532.5 7.73259 4.74618e-07 5532.5 
12.1 7.09909 -1.05741e-07 5530.35 0 0 0 21.4328 0 0 2.33857e-07 5.3348e-17 2.23876e-06 9.05418e-08 -3.0417 -4.17436e-07 4.90258 8.1787 -9.63944e-08 5532.81 8.1787 -9.63939e-08 5532.81 
12.2 7.5245 -5.13577e-07 5530.36 0 0 0 21.4328 0 0 2.34067e-07 4.99687e-17 2.23888e-06 1.44704e-07 -2.94059 -8.13131e-07 4.90273 8.6104 -5.05384e-07 5532.87 8.6104 -5.05383e-07 5532.87 
12.3 7.92112 -4.89038e-07 5530.27 0 0 0 21.4328 0 0 2.34375e-07 2.44599e-17 2.23155e-06 1.01431e-07 -2.76684 -4.24818e-07 4.90291 9.01253 -4.78674e-07 5532.83 9.01253 -4.78674e-07 5532.83 
12.4 8.26575 -3.47187e-07 5531.31 0 0 0 21.4328 0 0 2.34655e-07 3.85049e-18 2.2336e-06 5.66292e-08 -4.63397 -8.96556e-08 4.90324 9.36193 -3.3465e-07 5533.93 9.36193 -3.3465e-07 5533.93 
12.5 8.56251 -2.26179e-07 5530.96 0 0 0 21.4328 0 0 2.34864e-07 4.98767e-18 2.23221e-06 2.63184e-08 -3.96868 1.44672e-08 4.90347 9.66244 -2.15428e-07 5533.65 9.66244 -2.15428e-07 5533.65 
12.6 8.79781 -1.53237e-07 5530.55 0 0 0 21.4328 0 0 2.35076e-07 1.30907e-17 2.23365e-06 2.18198e-08 -3.57103 -1.09337e-07 4.90372 9.90053 -1.46681e-07 5533.31 9.90053 -1.46681e-07 5533.31 
12.7 8.96093 -1.2548e-07 5532.22 0 0 0 21.4328 0 0 2.35389e-07 1.43204e-17 2.22821e-06 4.10375e-08 -4.26072 -4.06388e-07 4.90423 10.0656 -1.25546e-07 5535.06 10.0656 -1.25545e-07 5535.06 
12.8 9.05942 -8.92418e-08 5531.18 0 0 0 21.4328 0 0 2.35447e-07 1.48641e-17 2.23526e-06 5.654e-08 -3.66089 -6.08784e-07 4.90448 10.1649 -9.52729e-08 5534.11 10.1649 -9.52728e-08 5534.11 
12.9 9.08421 6.73544e-09 5531.39 0 0 0 21.4328 0 0 2.35672e-07 1.00143e-17 2.22726e-06 4.74492e-08 -3.31918 -5.68471e-07 4.90486 10.1893 -3.20169e-09 5534.4 10.1893 -3.20169e-09 5534.4 
13 9.03424 6.87448e-08 5530.69 0 0 0 21.4328 0 0 2.35731e-07 8.37769e-18 2.22968e-06 4.17284e-08 -3.25329 -5.34559e-07 4.90515 10.138 5.39782e-08 5533.79 10.138 5.39782e-08 5533.79 
13.1 8.91016 6.02758e-08 5532.47 0 0 0 21.4328 0 0 2.35886e-07 1.03437e-17 2.22824e-06 4.41068e-08 -1.37128 -5.9812e-07 4.90571 10.0116 4.04528e-08 5535.65 10.0116 4.04529e-08 5535.65 
13.2 8.71999 2.87401e-08 5531.52 0 0 0 21.4328 0 0 2.35936e-07 8.15425e-18 2.22588e-06 5.76908e-08 -1.68224 -6.90994e-07 4.90593 9.81792 5.10332e-09 5534.77 9.81792 5.10342e-09 5534.77 
13.3 8.47208 -1.27769e-08 5532.43 0 0 0 21.4328 0 0 2.35897e-07 5.88948e-18 2.22591e-06 6.68009e-08 0.916785 -7.77726e-07 4.90633 9.56575 -4.03201e-08 5535.74 9.56575 -4.03202e-08 5535.74 
13.4 8.16703 -5.56305e-08 5531.16 0 0 0 21.4328 0 0 2.35918e-07 8.50609e-18 2.22626e-06 7.86189e-08 -0.919258 -8.50509e-07 4.90645 9.2557 -8.42872e-08 5534.51 9.2557 -8.42875e-08 5534.51 
13.5 7.81518 -4.99301e-08 5531.06 0 0 0 21.4328 0 0 2.35886e-07 2.52121e-18 2.22542e-06 7.64392e-08 -0.612034 -8.1101e-07 4.90666 8.89834 -7.90467e-08 5534.45 8.89834 -7.90463e-08 5534.45 
13.6 7.43421 -6.39344e-08 5531.82 0 0 0 21.4328 0 0 2.3572e-07 -7.70233e-19 2.22834e-06 9.00198e-08 4.30841 -8.82473e-07 4.9069 8.51141 -1.08857e-07 5535.23 8.51141 -1.08857e-07 5535.23 
13.7 7.02654 -4.6702e-08 5531.41 0 0 0 21.4328 0 0 2.35583e-07 6.17674e-18 2.22606e-06 7.0364e-08 3.826 -7.83271e-07 4.90696 8.09774 -8.06787e-08 5534.82 8.09774 -8.06792e-08 5534.82 
13.8 6.60749 -4.22909e-08 5531.14 0 0 0 21.4328 0 0 2.35496e-07 1.20993e-17 2.22618e-06 7.46224e-08 3.12531 -7.28156e-07 4.90697 7.6727 -7.29727e-08 5534.54 7.6727 -7.29725e-08 5534.54 
13.9 6.18797 -4.18623e-08 5531.04 0 0 0 21.4328 0 0 2.35353e-07 1.40725e-18 2.22909e-06 6.95037e-08 2.3694 -6.79681e-07 4.90696 7.24742 -7.01579e-08 5534.41 7.24742 -7.0158e-08 5534.41 
14 5.78439 -1.21356e-08 5530.63 0 0 0 21.4328 0 0 2.34969e-07 6.62121e-18 2.24067e-06 5.7301e-08 4.98316 -5.64593e-07 4.90684 6.83827 -3.98608e-08 5533.97 6.83827 -3.98605e-08 5533.97 
14.1 5.39735 2.6842e-08 5530.75 0 0 0 21.4328 0 0 2.3497e-07 6.78669e-18 2.23174e-06 4.12884e-08 3.69532 -4.27724e-07 4.90674 6.44634 4.07101e-09 5534.04 6.44634 4.07098e-09 5534.04 
14.2 5.03953 7.58222e-08 5531.01 0 0 0 21.4328 0 0 2.34868e-07 5.89118e-18 2.2305e-06 2.60683e-08 2.5418 -2.96068e-07 4.90662 6.08422 5.54963e-08 5534.24 6.08422 5.54963e-08 5534.24 
14.3 4.73087 1.4123e-07 5530.25 0 0 0 21.4328 0 0 2.34526e-07 4.28805e-18 2.23366e-06 8.25478e-09 4.25871 -1.46479e-07 4.90631 5.77176 1.24943e-07 5533.43 5.77176 1.24943e-07 5533.43 
14.4 4.46114 2.05112e-07 5530.68 0 0 0 21.4328 0 0 2.34318e-07 4.36856e-18 2.24275e-06 -1.01116e-08 3.27226 -1.09986e-08 4.90612 5.49922 1.93111e-07 5533.79 5.49922 1.93111e-07 5533.79 
14.5 4.24917 2.62663e-07 5529.69 0 0 0 21.4328 0 0 2.34043e-07 4.21591e-18 2.23856e-06 -2.46998e-08 3.97127 1.0357e-07 4.90572 5.28506 2.54451e-07 5532.73 5.28506 2.54451e-07 5532.73 
14.6 4.08971 3.1144e-07 5530.23 0 0 0 21.4328 0 0 2.33854e-07 4.18922e-18 2.24953e-06 -3.93788e-08 3.22525 2.00047e-07 4.9055 5.12437 3.07515e-07 5533.21 5.12437 3.07515e-07 5533.21 
14.7 4.00178 3.40324e-07 5529.22 0 0 0 21.4328 0 0 2.33674e-07 4.52696e-18 2.24277e-06 -4.91929e-08 3.0312 2.61875e-07 4.90505 5.0359 3.40507e-07 5532.13 5.0359 3.40507e-07 5532.13 
14.8 3.96557 3.58984e-07 5528.54 0 0 0 21.4328 0 0 2.33479e-07 4.51719e-18 2.24498e-06 -5.75089e-08 2.04768 3.03989e-07 4.90464 4.99996 3.6314e-07 5531.38 4.99996 3.6314e-07 5531.38 
14.9 3.96472 3.76313e-07 5530.76 0 0 0 21.4328 0 0 2.33479e-07 4.51719e-18 2.24498e-06 -6.53651e-08 2.46171 3.37301e-07 4.90464 5.00033 3.84169e-07 5533.54 5.00033 3.84169e-07 5533.54 
15 4.04365 3.62437e-07 5530.37 0 0 0 21.4328 0 0 2.3335e-07 4.50574e-18 2.24592e-06 -6.61756e-08 1.9473 3.24821e-07 4.90429 5.081 3.73708e-07 5533.09 5.081 3.73708e-07 5533.09 
15.1 4.17751 3.35232e-07 5529.95 0 0 0 21.4328 0 0 2.33197e-07 4.09923e-18 2.25262e-06 -6.50151e-08 1.08575 2.99791e-07 4.90396 5.21722 3.49924e-07 5532.62 5.21722 3.49924e-07 5532.62 
15.2 4.34869 2.97473e-07 5530.5 0 0 0 21.4328 0 0 2.33373e-07 4.98205e-18 2.24094e-06 -6.15205e-08 1.32034 2.57542e-07 4.90376 5.39137 3.15028e-07 5533.13 5.39137 3.15028e-07 5533.13 
15.3 4.57344 2.37736e-07 5529.37 0 0 0 21.4328 0 0 2.33274e-07 5.30497e-18 2.24483e-06 -5.61321e-08 -2.1975 1.9943e-07 4.90336 5.61939 2.57843e-07 5531.96 5.61939 2.57843e-07 5531.96 
15.4 4.84023 1.63556e-07 5529.67 0 0 0 21.4328 0 0 2.33291e-07 5.55209e-18 2.24384e-06 -4.65528e-08 -2.41645 1.30115e-07 4.9032 5.88987 1.8574e-07 5532.23 5.88987 1.8574e-07 5532.23 
15.5 5.1344 7.98127e-08 5529.94 0 0 0 21.4328 0 0 2.33324e-07 5.68448e-18 2.24205e-06 -3.50865e-08 -2.52425 5.38321e-08 4.90307 6.18795 1.03505e-07 5532.48 6.18795 1.03505e-07 5532.48 
15.6 5.4511 -1.21944e-08 5530.18 0 0 0 21.4328 0 0 2.33372e-07 5.99693e-18 2.24294e-06 -2.18967e-08 -2.51882 -2.78511e-08 4.90299 6.50869 1.24813e-08 5532.71 6.50869 1.24819e-08 5532.71 
15.7 5.78331 -1.08976e-07 5530.39 0 0 0 21.4328 0 0 2.3352e-07 6.01063e-18 2.24255e-06 -7.06143e-09 -1.69493 -1.12746e-07 4.90294 6.84492 -8.38916e-08 5532.92 6.84492 -8.38915e-08 5532.92 
15.8 6.12307 -2.07474e-07 5530.46 0 0 0 21.4328 0 0 2.33705e-07 6.4068e-18 2.23788e-06 8.51179e-09 -0.964695 -1.98067e-07 4.90293 7.18859 -1.8254e-07 5533 7.18859 -1.8254e-07 5533 
15.9 6.45873 -2.99689e-07 5530.68 0 0 0 21.4328 0 0 2.33824e-07 6.46027e-18 2.2397e-06 2.1511e-08 -3.65776 -2.75611e-07 4.90296 7.528 -2.75534e-07 5533.24 7.528 -2.75535e-07 5533.24 
16 6.78657 -3.84863e-07 5530.66 0 0 0 21.4328 0 0 2.34e-07 6.44535e-18 2.23718e-06 3.59586e-08 -2.79865 -3.43463e-07 4.90302 7.85928 -3.61962e-07 5533.24 7.85928 -3.61962e-07 5533.24 
16.1 7.09757 -4.58755e-07 5530.52 0 0 0 21.4328 0 0 2.34165e-07 6.45503e-18 2.23533e-06 4.87969e-08 -2.00212 -3.95651e-07 4.90311 8.17329 -4.37599e-07 5533.14 8.17329 -4.37599e-07 5533.14 
16.2 7.38007 -5.15818e-07 5530.45 0 0 0 21.4328 0 0 2.34222e-07 6.65395e-18 2.24086e-06 5.85968e-08 -1.94092 -4.23885e-07 4.90324 8.45841 -4.96887e-07 5533.11 8.45841 -4.96887e-07 5533.11 
16.3 7.62641 -5.50458e-07 5531.69 0 0 0 21.4328 0 0 2.34813e-07 6.66207e-18 2.22216e-06 6.37706e-08 -4.49881 -4.19853e-07 4.90362 8.70688 -5.34164e-07 5534.4 8.70688 -5.34165e-07 5534.4 
16.4 7.83938 -5.73736e-07 5531.71 0 0 0 21.4328 0 0 2.34778e-07 6.024e-18 2.23643e-06 6.87564e-08 -3.96416 -4.02437e-07 4.90383 8.92133 -5.60408e-07 5534.47 8.92133 -5.60408e-07 5534.47 
16.5 8.0105 -5.79141e-07 5531.68 0 0 0 21.4328 0 0 2.34776e-07 6.12081e-18 2.24514e-06 7.0649e-08 -3.42307 -3.63658e-07 4.90405 9.09336 -5.69067e-07 5534.5 9.09336 -5.69067e-07 5534.5 
16.6 8.13651 -5.66528e-07 5531.62 0 0 0 21.4328 0 0 2.3508e-07 6.03705e-18 2.23046e-06 6.98924e-08 -2.8983 -3.0737e-07 4.9043 9.21967 -5.59914e-07 5534.49 9.21967 -5.59914e-07 5534.49 
16.7 8.2155 -5.35953e-07 5531.52 0 0 0 21.4328 0 0 2.35204e-07 5.89216e-18 2.23117e-06 6.6548e-08 -2.39746 -2.37537e-07 4.90455 9.29839 -5.32914e-07 5534.45 9.29839 -5.32913e-07 5534.45 
16.8 8.24585 -4.86755e-07 5531.41 0 0 0 21.4328 0 0 2.35232e-07 5.90937e-18 2.23488e-06 6.08303e-08 -1.9616 -1.5688e-07 4.9048 9.3279 -4.87362e-07 5534.4 9.3279 -4.87362e-07 5534.4 
16.9 8.2343 -4.23472e-07 5530.73 0 0 0 21.4328 0 0 2.35326e-07 5.58289e-18 2.22955e-06 5.22637e-08 -1.96231 -6.87413e-08 4.90496 9.315 -4.27651e-07 5533.77 9.315 -4.27651e-07 5533.77 
17 8.16716 -3.37967e-07 5531 0 0 0 21.4328 0 0 2.35343e-07 5.43888e-18 2.23278e-06 4.24942e-08 -1.41032 2.30226e-08 4.90527 9.24611 -3.45651e-07 5534.09 9.24611 -3.45651e-07 5534.09 
17.1 8.05417 -2.4011e-07 5531.2 0 0 0 21.4328 0 0 2.35486e-07 5.28227e-18 2.22872e-06 3.15197e-08 -0.665861 1.1087e-07 4.90555 9.13099 -2.51063e-07 5534.33 9.13099 -2.51063e-07 5534.33 
17.2 7.90617 -1.37681e-07 5531.34 0 0 0 21.4328 0 0 2.35472e-07 5.39303e-18 2.23041e-06 2.04132e-08 0.419858 1.91702e-07 4.90581 8.98057 -1.51613e-07 5534.51 8.98057 -1.51613e-07 5534.51 
17.3 7.72343 -3.45417e-08 5531.38 0 0 0 21.4328 0 0 2.35152e-07 5.2423e-18 2.22303e-06 9.29396e-09 1.58775 2.60749e-07 4.90602 8.79516 -5.11041e-08 5534.57 8.79516 -5.11041e-08 5534.57 
17.4 7.51225 6.4273e-08 5531.22 0 0 0 21.4328 0 0 2.35467e-07 5.36487e-18 2.22906e-06 -1.94229e-09 2.22093 3.15698e-07 4.90617 8.58119 4.55212e-08 5534.44 8.58119 4.55216e-08 5534.44 
17.5 7.27798 1.57552e-07 5530.92 0 0 0 21.4328 0 0 2.35452e-07 5.40294e-18 2.22959e-06 -1.30569e-08 1.35716 3.57626e-07 4.90624 8.34415 1.3709e-07 5534.15 8.34415 1.3709e-07 5534.15 
17.6 7.02144 2.36826e-07 5530.78 0 0 0 21.4328 0 0 2.35318e-07 5.51463e-18 2.22769e-06 -2.15778e-08 0.362113 3.75273e-07 4.90629 8.0849 2.1517e-07 5534.01 8.0849 2.1517e-07 5534.01 
17.7 6.75628 2.96146e-07 5530.74 0 0 0 21.4328 0 0 2.35294e-07 5.91799e-18 2.23194e-06 -2.65219e-08 1.79589 3.67735e-07 4.90636 7.81707 2.73813e-07 5533.97 7.81707 2.73813e-07 5533.97 
17.8 6.48411 3.40033e-07 5530.76 0 0 0 21.4328 0 0 2.35251e-07 5.73046e-18 2.22976e-06 -2.99865e-08 0.687705 3.42877e-07 4.90637 7.54249 3.17647e-07 5533.97 7.54249 3.17647e-07 5533.97 
17.9 6.21779 3.63235e-07 5530.64 0 0 0 21.4328 0 0 2.35157e-07 6.0247e-18 2.22837e-06 -3.07143e-08 2.00916 2.98173e-07 4.90634 7.27394 3.41359e-07 5533.84 7.27394 3.41359e-07 5533.84 
18 5.95946 3.73469e-07 5530.42 0 0 0 21.4328 0 0 2.34961e-07 6.49814e-18 2.23318e-06 -3.05239e-08 3.08821 2.44755e-07 4.90624 7.01369 3.52709e-07 5533.59 7.01369 3.52708e-07 5533.59 
18.1 5.71474 3.72574e-07 5530.62 0 0 0 21.4328 0 0 2.34819e-07 6.38309e-18 2.23569e-06 -2.88803e-08 2.05184 1.86253e-07 4.90617 6.76738 3.53449e-07 5533.76 6.76738 3.53449e-07 5533.76 
18.2 5.49314 3.636e-07 5530.35 0 0 0 21.4328 0 0 2.34756e-07 6.44699e-18 2.22764e-06 -2.75785e-08 2.83146 1.30292e-07 4.90599 6.54445 3.46599e-07 5533.46 6.54445 3.46599e-07 5533.46 
18.3 5.29529 3.49764e-07 5530.66 0 0 0 21.4328 0 0 2.34386e-07 6.33642e-18 2.25398e-06 -2.58278e-08 2.00144 7.90635e-08 4.90589 6.34566 3.3525e-07 5533.72 6.34566 3.3525e-07 5533.72 
18.4 5.13375 3.34746e-07 5530.38 0 0 0 21.4328 0 0 2.34396e-07 6.31428e-18 2.23812e-06 -2.55755e-08 2.48969 4.09794e-08 4.90565 6.18339 3.2301e-07 5533.4 6.18339 3.2301e-07 5533.4 
18.5 4.99481 3.17999e-07 5530.65 0 0 0 21.4328 0 0 2.34297e-07 6.68187e-18 2.23886e-06 -2.49182e-08 1.97163 4.81331e-09 4.9055 6.04408 3.09169e-07 5533.63 6.04408 3.09169e-07 5533.63 
18.6 4.898 3.04101e-07 5530.14 0 0 0 21.4328 0 0 2.34089e-07 6.07219e-18 2.24083e-06 -2.61626e-08 2.08926 -1.56999e-08 4.90518 5.94709 2.9839e-07 5533.07 5.94709 2.9839e-07 5533.07 
18.7 4.83693 2.92274e-07 5530.25 0 0 0 21.4328 0 0 2.33972e-07 5.98057e-18 2.24371e-06 -2.75396e-08 1.75949 -3.15444e-08 4.90497 5.88615 2.89572e-07 5533.14 5.88615 2.89572e-07 5533.14 
18.8 4.8103 2.85998e-07 5530.34 0 0 0 21.4328 0 0 2.34018e-07 5.87436e-18 2.23747e-06 -2.97089e-08 1.43601 -4.22387e-08 4.90476 5.85984 2.86217e-07 5533.2 5.85984 2.86216e-07 5533.2 
18.9 4.8218 2.83565e-07 5530.45 0 0 0 21.4328 0 0 2.33869e-07 5.78795e-18 2.24235e-06 -3.24239e-08 1.20611 -5.08785e-08 4.90455 5.87191 2.86548e-07 5533.27 5.87191 2.86549e-07 5533.27 
19 4.86675 2.86977e-07 5530.56 0 0 0 21.4328 0 0 2.33689e-07 5.62289e-18 2.24759e-06 -3.53737e-08 1.02128 -5.91354e-08 4.90435 5.91759 2.92491e-07 5533.34 5.91759 2.9249e-07 5533.34 
19.1 4.94514 2.95087e-07 5530.58 0 0 0 21.4328 0 0 2.3375e-07 5.71463e-18 2.24077e-06 -3.84597e-08 0.768605 -7.0041e-08 4.90416 5.99683 3.02845e-07 5533.33 5.99683 3.02845e-07 5533.33 
19.2 5.05668 3.05397e-07 5530.14 0 0 0 21.4328 0 0 2.33667e-07 5.49859e-18 2.2426e-06 -4.09452e-08 -0.576219 -8.56714e-08 4.90389 6.10937 3.15115e-07 5532.86 6.10937 3.15115e-07 5532.86 
19.3 5.19574 3.13918e-07 5530.27 0 0 0 21.4328 0 0 2.33659e-07 5.15662e-18 2.24248e-06 -4.26951e-08 -0.676977 -1.08802e-07 4.90376 6.24959 3.25221e-07 5532.98 6.24959 3.25221e-07 5532.98 
19.4 5.35631 3.16954e-07 5530.38 0 0 0 21.4328 0 0 2.33651e-07 5.25199e-18 2.24181e-06 -4.29089e-08 -0.769211 -1.40878e-07 4.90365 6.41143 3.29515e-07 5533.07 6.41143 3.29515e-07 5533.07 
19.5 5.53669 3.09981e-07 5530.47 0 0 0 21.4328 0 0 2.33664e-07 5.32088e-18 2.2407e-06 -4.10889e-08 -0.750305 -1.84325e-07 4.90356 6.59317 3.23439e-07 5533.15 6.59317 3.23439e-07 5533.15 
19.6 5.7315 2.91816e-07 5530.62 0 0 0 21.4328 0 0 2.33709e-07 5.37935e-18 2.24144e-06 -3.70732e-08 -0.330363 -2.38351e-07 4.9035 6.78947 3.0585e-07 5533.29 6.78947 3.0585e-07 5533.29 
19.7 5.9357 2.50509e-07 5530.38 0 0 0 21.4328 0 0 2.33816e-07 5.66073e-18 2.23974e-06 -3.02214e-08 -2.23747 -3.06484e-07 4.90344 6.99518 2.64807e-07 5533.05 6.99518 2.64807e-07 5533.05 
19.8 6.14416 1.91404e-07 5530.34 0 0 0 21.4328 0 0 2.34028e-07 5.74679e-18 2.2363e-06 -2.12542e-08 -3.92144 -3.82264e-07 4.90346 7.20528 2.05685e-07 5533.02 7.20528 2.05685e-07 5533.02 
19.9 6.35616 1.24046e-07 5530.53 0 0 0 21.4328 0 0 2.34028e-07 5.74679e-18 2.2363e-06 -7.60915e-09 -1.30248 -4.6003e-07 4.90346 7.419 1.38086e-07 5533.22 7.419 1.38086e-07 5533.22 
20 6.55875 3.92122e-08 5530.56 0 0 0 21.4328 0 0 2.34114e-07 5.83978e-18 2.23644e-06 5.39404e-09 -2.36334 -5.37396e-07 4.90354 7.62335 5.27769e-08 5533.27 7.62335 5.27769e-08 5533.27 
20.1 6.75579 -5.12537e-08 5530.59 0 0 0 21.4328 0 0 2.34178e-07 5.96024e-18 2.23813e-06 2.03575e-08 -1.92964 -6.10431e-07 4.90361 7.82212 -3.8407e-08 5533.32 7.82212 -3.84069e-08 5533.32 
20.2 6.94151 -1.52589e-07 5530.54 0 0 0 21.4328 0 0 2.34263e-07 6.0996e-18 2.23812e-06 3.64046e-08 -1.5612 -6.74453e-07 4.90369 8.00963 -1.40579e-07 5533.3 8.00963 -1.40578e-07 5533.3 
20.3 7.10967 -2.59174e-07 5530.45 0 0 0 21.4328 0 0 2.34353e-07 6.2603e-18 2.23924e-06 5.28173e-08 -1.22725 -7.24282e-07 4.90381 8.1796 -2.48179e-07 5533.24 8.1796 -2.48179e-07 5533.24 
20.4 7.25401 -3.68381e-07 5530.85 0 0 0 21.4328 0 0 2.34375e-07 6.21786e-18 2.25011e-06 6.65844e-08 -2.16598 -7.50317e-07 4.90404 8.32577 -3.58512e-07 5533.66 8.32577 -3.58512e-07 5533.66 
20.5 7.3774 -4.76687e-07 5530.74 0 0 0 21.4328 0 0 2.34811e-07 6.21603e-18 2.22333e-06 8.1509e-08 -1.80849 -7.57468e-07 4.90419 8.45083 -4.68052e-07 5533.58 8.45083 -4.68051e-07 5533.58 
20.6 7.47474 -5.83249e-07 5530.59 0 0 0 21.4328 0 0 2.34771e-07 6.19837e-18 2.23299e-06 9.52003e-08 -1.55092 -7.41786e-07 4.90433 8.54972 -5.75949e-07 5533.46 8.54972 -5.75949e-07 5533.46 
20.7 7.5421 -6.86045e-07 5531.3 0 0 0 21.4328 0 0 2.34923e-07 6.20079e-18 2.23294e-06 1.05632e-07 -1.60129 -6.97884e-07 4.90463 8.61856 -6.80131e-07 5534.21 8.61856 -6.80131e-07 5534.21 
20.8 7.58023 -7.83506e-07 5531.13 0 0 0 21.4328 0 0 2.34993e-07 6.44437e-18 2.23217e-06 1.15978e-07 -1.3405 -6.32884e-07 4.90479 8.65789 -7.79077e-07 5534.07 8.65789 -7.79077e-07 5534.07 
20.9 7.58704 -8.70788e-07 5531.3 0 0 0 21.4328 0 0 2.35134e-07 6.31289e-18 2.22867e-06 1.23519e-07 -1.02913 -5.42649e-07 4.905 8.66569 -8.67897e-07 5534.27 8.66569 -8.67897e-07 5534.27 
21 7.56462 -9.44643e-07 5531.53 0 0 0 21.4328 0 0 2.35164e-07 5.92796e-18 2.23075e-06 1.28457e-07 -0.600988 -4.30263e-07 4.90521 8.64397 -9.43326e-07 5534.53 8.64397 -9.43325e-07 5534.53 
21.1 7.51361 -1.00067e-06 5531.74 0 0 0 21.4328 0 0 2.35201e-07 5.92955e-18 2.23584e-06 1.30567e-07 -0.0908626 -2.96898e-07 4.90539 8.59331 -1.00095e-06 5534.76 8.59331 -1.00095e-06 5534.76 
21.2 7.43544 -1.0346e-06 5531.91 0 0 0 21.4328 0 0 2.359e-07 5.67039e-18 2.18651e-06 1.29451e-07 0.49248 -1.44242e-07 4.90556 8.51512 -1.03649e-06 5534.97 8.51512 -1.03649e-06 5534.97 
21.3 7.33067 -1.04618e-06 5531.5 0 0 0 21.4328 0 0 2.35142e-07 5.60025e-18 2.23916e-06 1.2471e-07 0.337532 2.4387e-08 4.90565 8.40991 -1.04966e-06 5534.58 8.40991 -1.04966e-06 5534.58 
21.4 7.20248 -1.02899e-06 5531.17 0 0 0 21.4328 0 0 2.35183e-07 5.56939e-18 2.22732e-06 1.15426e-07 0.120952 2.07278e-07 4.90574 8.28091 -1.03398e-06 5534.27 8.28091 -1.03398e-06 5534.27 
21.5 7.05214 -9.76709e-07 5530.91 0 0 0 21.4328 0 0 2.35171e-07 5.67867e-18 2.22505e-06 1.01397e-07 -0.115498 4.00753e-07 4.90582 8.12933 -9.83156e-07 5534.02 8.12933 -9.83156e-07 5534.02 
21.6 6.88663 -8.80806e-07 5531.57 0 0 0 21.4328 0 0 2.35279e-07 5.36565e-18 2.22059e-06 8.47028e-08 1.56785 5.96328e-07 4.90592 7.96215 -8.88656e-07 5534.68 7.96215 -8.88656e-07 5534.68 
21.7 6.70563 -7.58474e-07 5531.32 0 0 0 21.4328 0 0 2.34701e-07 5.10207e-18 2.25527e-06 6.23213e-08 1.31342 7.87204e-07 4.90596 7.77914 -7.67545e-07 5534.44 7.77914 -7.67544e-07 5534.44 
21.8 6.51555 -6.08903e-07 5531.04 0 0 0 21.4328 0 0 2.35147e-07 4.91793e-18 2.22797e-06 3.64336e-08 0.753886 9.67884e-07 4.90597 7.58673 -6.19049e-07 5534.16 7.58673 -6.19049e-07 5534.16 
21.9 6.32183 -4.26804e-07 5531.04 0 0 0 21.4328 0 0 2.35128e-07 5.02174e-18 2.22376e-06 8.91119e-09 0.91275 1.12477e-06 4.90596 7.39037 -4.3785e-07 5534.16 7.39037 -4.3785e-07 5534.16 
22 6.12989 -2.29196e-07 5531.06 0 0 0 21.4328 0 0 2.34901e-07 4.90147e-18 2.23442e-06 -1.84923e-08 1.50958 1.25739e-06 4.90592 7.19559 -2.40949e-07 5534.17 7.19559 -2.40949e-07 5534.17 
22.1 5.94378 -1.7011e-08 5531.02 0 0 0 21.4328 0 0 2.34786e-07 4.78424e-18 2.23506e-06 -4.61066e-08 1.99323 1.35015e-06 4.90584 7.0065 -2.92817e-08 5534.11 7.0065 -2.92814e-08 5534.11 
22.2 5.76833 1.98152e-07 5530.87 0 0 0 21.4328 0 0 2.34673e-07 4.88577e-18 2.23574e-06 -7.24392e-08 2.44237 1.40444e-06 4.90573 6.82803 1.85628e-07 5533.95 6.82803 1.85627e-07 5533.95 
22.3 5.60675 4.09327e-07 5530.62 0 0 0 21.4328 0 0 2.34254e-07 4.90527e-18 2.25869e-06 -9.71804e-08 2.71035 1.41995e-06 4.90558 6.66347 3.96781e-07 5533.68 6.66347 3.96781e-07 5533.68 
22.4 5.46335 6.10786e-07 5530.29 0 0 0 21.4328 0 0 2.34396e-07 5.28316e-18 2.23403e-06 -1.19549e-07 2.787 1.39335e-06 4.90541 6.51724 5.98512e-07 5533.32 6.51724 5.98512e-07 5533.32 
22.5 5.3353 8.07389e-07 5531.02 0 0 0 21.4328 0 0 2.34396e-07 5.28316e-18 2.23403e-06 -1.44122e-07 1.40082 1.34049e-06 4.90541 6.3867 7.95791e-07 5534.02 6.3867 7.95791e-07 5534.02 
22.6 5.23918 9.73194e-07 5530.83 0 0 0 21.4328 0 0 2.33532e-07 5.35151e-18 2.28055e-06 -1.58557e-07 1.6057 1.22855e-06 4.90522 6.28822 9.62367e-07 5533.8 6.28822 9.62367e-07 5533.8 
22.7 5.17133 1.11155e-06 5530.59 0 0 0 21.4328 0 0 2.3384e-07 5.35328e-18 2.23339e-06 -1.68602e-07 1.66009 1.07835e-06 4.90503 6.21836 1.10173e-06 5533.53 6.21836 1.10173e-06 5533.53 
22.8 5.13155 1.22051e-06 5530.29 0 0 0 21.4328 0 0 2.34848e-07 5.46708e-18 2.22352e-06 -1.74374e-07 1.52624 8.96542e-07 4.90482 6.177 1.21192e-06 5533.19 6.177 1.21192e-06 5533.19 
22.9 5.12165 1.29701e-06 5529.96 0 0 0 21.4328 0 0 2.31543e-07 6.08832e-18 2.2984e-06 -1.75593e-07 1.22091 6.87839e-07 4.90462 6.16593 1.28986e-06 5532.83 6.16593 1.28986e-06 5532.83 
23 5.13963 1.34474e-06 5529.94 0 0 0 21.4328 0 0 2.3394e-07 6.322e-18 2.2402e-06 -1.72874e-07 0.889611 4.59178e-07 4.90446 6.18329 1.33921e-06 5532.78 6.18329 1.33921e-06 5532.78 
23.1 5.18812 1.35881e-06 5530.05 0 0 0 21.4328 0 0 2.33924e-07 6.11118e-18 2.24008e-06 -1.65373e-07 0.683985 2.14265e-07 4.90431 6.23162 1.355e-06 5532.86 6.23162 1.355e-06 5532.86 
23.2 5.26929 1.32106e-06 5528.84 0 0 0 21.4328 0 0 2.3372e-07 6.30971e-18 2.24292e-06 -1.53946e-07 -0.851867 -3.58307e-08 4.90406 6.31317 1.3191e-06 5531.62 6.31317 1.3191e-06 5531.62 
23.3 5.37398 1.27425e-06 5530.33 0 0 0 21.4328 0 0 2.3372e-07 6.30971e-18 2.24292e-06 -1.35769e-07 0.510222 -2.91147e-07 4.90406 6.41863 1.27397e-06 5533.09 6.41863 1.27397e-06 5533.09 
23.4 5.49496 1.20177e-06 5530.45 0 0 0 21.4328 0 0 2.33819e-07 6.74009e-18 2.24036e-06 -1.18126e-07 0.390287 -5.36851e-07 4.90395 6.54081 1.20339e-06 5533.19 6.54081 1.20339e-06 5533.19 
23.5 5.64372 1.08687e-06 5530.52 0 0 0 21.4328 0 0 2.3381e-07 6.8565e-18 2.24093e-06 -9.52122e-08 0.352136 -7.77312e-07 4.90386 6.69115 1.09024e-06 5533.25 6.69115 1.09024e-06 5533.25 
23.6 5.80792 9.41482e-07 5529.66 0 0 0 21.4328 0 0 2.33963e-07 7.12672e-18 2.23254e-06 -7.40694e-08 -1.75096 -9.8456e-07 4.90374 6.8574 9.46714e-07 5532.37 6.8574 9.46714e-07 5532.37 
23.7 5.98637 7.82689e-07 5529.86 0 0 0 21.4328 0 0 2.33989e-07 6.33068e-18 2.24255e-06 -4.79623e-08 -1.76933 -1.17349e-06 4.90371 7.03803 7.8952e-07 5532.57 7.03803 7.8952e-07 5532.57 
23.8 6.17205 6.0843e-07 5530.04 0 0 0 21.4328 0 0 2.3402e-07 6.39698e-18 2.2368e-06 -2.12256e-08 -1.7338 -1.33071e-06 4.9037 7.22661 6.16666e-07 5532.75 7.22661 6.16666e-07 5532.75 
23.9 6.36313 4.25381e-07 5530.41 0 0 0 21.4328 0 0 2.34056e-07 6.29566e-18 2.2388e-06 7.4056e-09 -0.65997 -1.46009e-06 4.90371 7.42008 4.34733e-07 5533.13 7.42008 4.34733e-07 5533.13 
24 6.56022 2.16033e-07 5530.46 0 0 0 21.4328 0 0 2.34151e-07 6.67448e-18 2.23769e-06 3.5004e-08 -0.773141 -1.53906e-06 4.90374 7.61977 2.26363e-07 5533.19 7.61977 2.26363e-07 5533.19 
24.1 6.74362 1.30146e-08 5530.45 0 0 0 21.4328 0 0 2.34249e-07 6.21722e-18 2.2373e-06 5.96845e-08 -1.04692 -1.56971e-06 4.9038 7.80591 2.403e-08 5533.19 7.80591 2.40301e-08 5533.19 
24.2 6.89565 -1.5303e-07 5530.42 0 0 0 21.4328 0 0 2.34336e-07 6.08502e-18 2.23666e-06 7.92661e-08 -0.986264 -1.56619e-06 4.90387 7.96047 -1.41726e-07 5533.18 7.96047 -1.41727e-07 5533.18 
24.3 7.05363 -3.58023e-07 5530.5 0 0 0 21.4328 0 0 2.34436e-07 6.17574e-18 2.23784e-06 1.00388e-07 -1.31348 -1.50134e-06 4.90399 8.12087 -3.46611e-07 5533.29 8.12087 -3.46611e-07 5533.29 
24.4 7.18889 -5.48215e-07 5530.61 0 0 0 21.4328 0 0 2.34588e-07 5.88e-18 2.23481e-06 1.18194e-07 -1.50447 -1.39417e-06 4.90415 8.25835 -5.36933e-07 5533.43 8.25835 -5.36933e-07 5533.43 
24.5 7.28248 -6.89842e-07 5530.58 0 0 0 21.4328 0 0 2.34694e-07 5.77869e-18 2.23348e-06 1.30529e-07 -1.55609 -1.27796e-06 4.90427 8.35377 -6.79066e-07 5533.43 8.35377 -6.79066e-07 5533.43 
24.6 7.34659 -7.95217e-07 5531.07 0 0 0 21.4328 0 0 2.34873e-07 5.98851e-18 2.22964e-06 1.38205e-07 -1.67799 -1.15624e-06 4.90449 8.41938 -7.85114e-07 5533.95 8.41938 -7.85114e-07 5533.95 
24.7 7.39157 -8.95143e-07 5531.12 0 0 0 21.4328 0 0 2.348e-07 5.67669e-18 2.23488e-06 1.44743e-07 -1.53645 -1.00512e-06 4.90464 8.4656 -8.85996e-07 5534.03 8.4656 -8.85996e-07 5534.03 
24.8 7.41654 -9.87167e-07 5531.05 0 0 0 21.4328 0 0 2.3487e-07 5.54033e-18 2.23469e-06 1.49654e-07 -1.23648 -8.28525e-07 4.90476 8.49144 -9.79198e-07 5533.99 8.49144 -9.79198e-07 5533.99 
24.9 7.40958 -1.04965e-06 5531.81 0 0 0 21.4328 0 0 2.35032e-07 5.58414e-18 2.23206e-06 1.50432e-07 -0.462231 -6.34717e-07 4.90502 8.48507 -1.04293e-06 5534.79 8.48507 -1.04293e-06 5534.79 
25 7.37993 -1.10303e-06 5530.79 0 0 0 21.4328 0 0 2.35032e-07 5.58414e-18 2.23206e-06 1.48908e-07 -1.02849 -4.2962e-07 4.90502 8.45555 -1.09786e-06 5533.79 8.45555 -1.09786e-06 5533.79 
25.1 7.33162 -1.13541e-06 5530.74 0 0 0 21.4328 0 0 2.35065e-07 5.61098e-18 2.2319e-06 1.45043e-07 -0.855933 -2.20403e-07 4.90515 8.40706 -1.13175e-06 5533.76 8.40706 -1.13175e-06 5533.76 
25.2 7.24838 -1.13502e-06 5530.68 0 0 0 21.4328 0 0 2.35077e-07 5.48721e-18 2.23244e-06 1.37219e-07 -0.818425 -1.17868e-08 4.90527 8.32332 -1.13298e-06 5533.73 8.32332 -1.13298e-06 5533.73 
25.3 7.14445 -1.10496e-06 5531.63 0 0 0 21.4328 0 0 2.35093e-07 5.58618e-18 2.23278e-06 1.28381e-07 1.27287 1.89475e-07 4.90549 8.21855 -1.10457e-06 5534.7 8.21855 -1.10457e-06 5534.7 
25.4 7.01912 -1.06566e-06 5530.75 0 0 0 21.4328 0 0 2.35093e-07 5.58618e-18 2.23278e-06 1.14135e-07 -0.406017 3.88767e-07 4.90549 8.09208 -1.06686e-06 5533.83 8.09208 -1.06686e-06 5533.83 
25.5 6.87931 -9.95642e-07 5530.91 0 0 0 21.4328 0 0 2.35082e-07 5.43964e-18 2.23066e-06 9.93212e-08 0.198609 5.69484e-07 4.90559 7.9509 -9.98304e-07 5534 7.9509 -9.98304e-07 5534 
25.6 6.72682 -9.06478e-07 5531.13 0 0 0 21.4328 0 0 2.34998e-07 5.64986e-18 2.23332e-06 8.35565e-08 1.37469 7.34186e-07 4.90567 7.79684 -9.1058e-07 5534.23 7.79684 -9.1058e-07 5534.23 
25.7 6.56547 -7.96851e-07 5531.23 0 0 0 21.4328 0 0 2.34929e-07 5.61069e-18 2.23341e-06 6.63987e-08 2.54029 8.73962e-07 4.9057 7.63376 -8.02278e-07 5534.33 7.63376 -8.02278e-07 5534.33 
25.8 6.39565 -6.79827e-07 5530.82 0 0 0 21.4328 0 0 2.34929e-07 5.61069e-18 2.23341e-06 4.41697e-08 0.437384 9.99533e-07 4.9057 7.46222 -6.86138e-07 5533.92 7.46222 -6.86138e-07 5533.92 
25.9 6.23213 -5.43625e-07 5530.91 0 0 0 21.4328 0 0 2.34845e-07 5.72251e-18 2.2316e-06 2.55362e-08 1.69139 1.09073e-06 4.90568 7.2969 -5.50823e-07 5534 7.2969 -5.50822e-07 5534 
26 6.07313 -3.99525e-07 5530.85 0 0 0 21.4328 0 0 2.34561e-07 5.69861e-18 2.25449e-06 6.7846e-09 2.70465 1.15525e-06 4.90563 7.13609 -4.07371e-07 5533.92 7.13609 -4.07371e-07 5533.92 
