0 0.221264 0 0 -0 -0 0 0 0 0 0 0 0 
0.1 0.221264 9.63767e-38 -0.000867365 9.73463e-40 6.26092e-05 1.3999e-36 0 0 -0.0169956 1.39958e-38 -0.0011479 8.24968e-43 
0.2 0.221264 9.63767e-38 -0.00323729 2.80887e-39 0.000220253 1.39979e-36 0 0 -0.0293391 1.55767e-38 -0.00134011 2.91463e-42 
0.3 0.221264 9.63767e-38 -0.00646758 3.76684e-39 0.000286921 1.39974e-36 0 0 -0.0340109 6.68554e-39 -0.000258944 1.69981e-42 
0.4 0.221264 9.63767e-38 -0.00976188 3.50777e-39 0.000198741 1.39981e-36 0 0 -0.0307815 -9.05451e-39 0.00165507 -2.08599e-42 
0.5 0.221264 9.63767e-38 -0.0124119 1.34072e-39 -0.000123176 1.40003e-36 0 0 -0.0215205 -2.71398e-38 0.00385408 1.72845e-42 
0.6 0.221264 9.63767e-38 -0.0139586 -1.94282e-39 -0.000571486 1.40034e-36 0 0 -0.00925942 -4.26072e-38 0.00573443 2.36472e-41 
0.7 0.221264 9.63767e-38 -0.014286 -6.42147e-39 -0.001169 1.40076e-36 0 0 0.00218845 -4.86876e-38 0.00647345 5.76381e-41 
0.8 0.221264 9.63767e-38 -0.0136446 -1.15414e-38 -0.00185256 1.40122e-36 0 0 0.00994918 -4.34377e-38 0.00583566 7.89695e-41 
0.9 0.221264 9.63767e-38 -0.0124666 -1.50436e-38 -0.00233468 1.40154e-36 0 0 0.0128512 -2.80562e-38 0.00396744 6.57044e-41 
1 0.221264 9.63767e-38 -0.0112415 -1.64068e-38 -0.00254949 1.40169e-36 0 0 0.0110282 -5.01611e-39 0.00116952 1.46235e-41 
1.1 0.221264 9.63767e-38 -0.0103814 -1.5636e-38 -0.00251186 1.40166e-36 0 0 0.00588168 2.02951e-38 -0.00190404 -4.87674e-41 
1.2 0.221264 9.63767e-38 -0.0101368 -1.22715e-38 -0.00216015 1.40143e-36 0 0 -0.000866867 4.52157e-38 -0.00493045 -9.59506e-41 
1.3 0.221264 9.63767e-38 -0.0105316 -6.69319e-39 -0.00153836 1.40101e-36 0 0 -0.00670286 6.531e-38 -0.00737131 -9.91092e-41 
1.4 0.221264 9.63767e-38 -0.0114149 8.26928e-40 -0.00068279 1.40043e-36 0 0 -0.0104908 7.8321e-38 -0.0089523 -5.49245e-41 
1.5 0.221264 9.63767e-38 -0.0125373 8.87758e-39 0.000239384 1.39978e-36 0 0 -0.0115262 8.18953e-38 -0.00938677 1.7505e-41 
1.6 0.221264 9.63767e-38 -0.0136215 1.68539e-38 0.00115162 1.39913e-36 0 0 -0.00974908 7.53575e-38 -0.00859157 8.38201e-41 
1.7 0.221264 9.63767e-38 -0.0144173 2.378e-38 0.00193534 1.39856e-36 0 0 -0.00595351 6.09921e-38 -0.00684362 1.14628e-40 
1.8 0.221264 9.63767e-38 -0.0147911 2.87217e-38 0.00248056 1.39815e-36 0 0 -0.00154289 4.22262e-38 -0.00455946 1.02963e-40 
1.9 0.221264 9.63767e-38 -0.0147521 3.19372e-38 0.00281066 1.39791e-36 0 0 0.00212196 2.11702e-38 -0.001996 5.78663e-41 
2 0.221264 9.63767e-38 -0.0144247 3.28913e-38 0.00287373 1.39786e-36 0 0 0.00418649 2.17134e-39 0.000317261 5.06475e-42 
2.1 0.221264 9.63767e-38 -0.01396 3.23697e-38 0.00275129 1.39795e-36 0 0 0.00494413 -9.50333e-39 0.00173873 -2.72427e-41 
2.2 0.221264 9.63767e-38 -0.0134488 3.12732e-38 0.00255796 1.39809e-36 0 0 0.00522285 -1.03621e-38 0.0018433 -2.75409e-41 
2.3 0.221264 9.63767e-38 -0.0129343 3.05294e-38 0.00240848 1.3982e-36 0 0 0.00494643 -4.16214e-39 0.00108854 -1.09038e-41 
2.4 0.221264 9.63767e-38 -0.0124866 3.06288e-38 0.00236111 1.39823e-36 0 0 0.00389095 5.09024e-39 -3.77431e-05 1.12122e-41 
2.5 0.221264 9.63767e-38 -0.012179 3.17928e-38 0.00244039 1.39817e-36 0 0 0.00218178 1.43072e-38 -0.00115971 3.38337e-41 
2.6 0.221264 9.63767e-38 -0.0120632 3.34323e-38 0.00258735 1.39806e-36 0 0 0.000116194 1.99705e-38 -0.00184915 5.05365e-41 
2.7 0.221264 9.63767e-38 -0.0121437 3.55067e-38 0.00278172 1.39791e-36 0 0 -0.00157744 2.09987e-38 -0.00197432 5.71105e-41 
2.8 0.221264 9.63767e-38 -0.0123309 3.77427e-38 0.00299145 1.39775e-36 0 0 -0.00193154 2.0729e-38 -0.00194149 6.02861e-41 
2.9 0.221264 9.63767e-38 -0.0124852 3.97288e-38 0.00317635 1.39761e-36 0 0 -0.00102394 1.98964e-38 -0.0018401 6.14682e-41 
3 0.221264 9.63767e-38 -0.0125198 4.13684e-38 0.0033237 1.3975e-36 0 0 0.000346692 1.64991e-38 -0.00142637 5.33606e-41 
3.1 0.221264 9.63767e-38 -0.0124033 4.28323e-38 0.00343771 1.39741e-36 0 0 0.00193315 1.10777e-38 -0.000766094 3.64475e-41 
3.2 0.221264 9.63767e-38 -0.0121365 4.36583e-38 0.00348412 1.39737e-36 0 0 0.00335201 7.4386e-39 -0.000322871 2.43256e-41 
3.3 0.221264 9.63767e-38 -0.0117549 4.4249e-38 0.00349601 1.39736e-36 0 0 0.00412805 4.17961e-39 7.40649e-05 1.30222e-41 
3.4 0.221264 9.63767e-38 -0.0113477 4.43808e-38 0.00345015 1.39739e-36 0 0 0.00384953 -1.07686e-39 0.000714285 -5.28468e-42 
3.5 0.221264 9.63767e-38 -0.0110126 4.39188e-38 0.00333984 1.39747e-36 0 0 0.00279196 -7.66239e-39 0.00151635 -2.71194e-41 
3.6 0.221264 9.63767e-38 -0.0107919 4.27708e-38 0.00313698 1.39763e-36 0 0 0.00164823 -1.23325e-38 0.00208509 -4.03756e-41 
3.7 0.221264 9.63767e-38 -0.0106728 4.15416e-38 0.00293469 1.39778e-36 0 0 0.00079453 -1.41744e-38 0.00230938 -4.29076e-41 
3.8 0.221264 9.63767e-38 -0.0106181 4.00475e-38 0.00269044 1.39796e-36 0 0 0.000371155 -1.35261e-38 0.00223045 -3.77464e-41 
3.9 0.221264 9.63767e-38 -0.0105839 3.88129e-38 0.0024792 1.39812e-36 0 0 0.000367463 -1.06011e-38 0.00187435 -2.74764e-41 
4 0.221264 9.63767e-38 -0.0105363 3.81111e-38 0.00234399 1.39822e-36 0 0 0.000604257 -6.36332e-39 0.00135848 -1.57083e-41 
4.1 0.221264 9.63767e-38 -0.0104558 3.76682e-38 0.00223094 1.3983e-36 0 0 0.000961339 -2.35922e-39 0.000871081 -5.99323e-42 
4.2 0.221264 9.63767e-38 -0.0103513 3.76052e-38 0.00215962 1.39835e-36 0 0 0.00107101 5.37693e-40 0.00051847 4.87444e-43 
4.3 0.221264 9.63767e-38 -0.0102559 3.7677e-38 0.00211492 1.39838e-36 0 0 0.000778892 5.57228e-40 0.000516091 5.40978e-43 
4.4 0.221264 9.63767e-38 -0.0102038 3.76164e-38 0.00204759 1.39843e-36 0 0 0.000254513 -1.78952e-39 0.00080172 -4.25793e-42 
4.5 0.221264 9.63767e-38 -0.0102035 3.72021e-38 0.00193124 1.39852e-36 0 0 -0.000231925 -4.88825e-39 0.00117886 -1.00588e-41 
4.6 0.221264 9.63767e-38 -0.010245 3.66314e-38 0.00181227 1.3986e-36 0 0 -0.000573978 -7.91962e-39 0.00154778 -1.47961e-41 
4.7 0.221264 9.63767e-38 -0.0103119 3.54838e-38 0.00160173 1.39876e-36 0 0 -0.000745739 -1.03181e-38 0.00183966 -1.72809e-41 
4.8 0.221264 9.63767e-38 -0.010388 3.46098e-38 0.0014497 1.39887e-36 0 0 -0.000757701 -1.14754e-38 0.00198048 -1.68534e-41 
4.9 0.221264 9.63767e-38 -0.0104607 3.34753e-38 0.00125373 1.39901e-36 0 0 -0.000693785 -1.12174e-38 0.00194909 -1.4133e-41 
5 0.221264 9.63767e-38 -0.0105277 3.2375e-38 0.00105841 1.39915e-36 0 0 -0.000655648 -9.71977e-39 0.00176689 -1.03278e-41 
5.1 0.221264 9.63767e-38 -0.0105954 3.15826e-38 0.00090723 1.39926e-36 0 0 -0.000706491 -7.27493e-39 0.00146949 -6.43287e-42 
5.2 0.221264 9.63767e-38 -0.0106668 3.09781e-38 0.000774828 1.39936e-36 0 0 -0.000805536 -4.54348e-39 0.00113724 -3.27245e-42 
5.3 0.221264 9.63767e-38 -0.0107602 3.06782e-38 0.00067609 1.39943e-36 0 0 -0.00107154 -1.31309e-39 0.000744322 -5.73858e-43 
5.4 0.221264 9.63767e-38 -0.0108827 3.07438e-38 0.000626404 1.39946e-36 0 0 -0.0013577 1.98192e-39 0.000343559 1.59662e-42 
5.5 0.221264 9.63767e-38 -0.0110321 3.11466e-38 0.000615525 1.39947e-36 0 0 -0.00159047 5.03487e-39 -2.77554e-05 3.45342e-42 
5.6 0.221264 9.63767e-38 -0.0111994 3.18646e-38 0.000640555 1.39945e-36 0 0 -0.00173123 7.65057e-39 -0.000345892 5.20558e-42 
5.7 0.221264 9.63767e-38 -0.0113748 3.26807e-38 0.000686448 1.39942e-36 0 0 -0.00176275 9.72383e-39 -0.000598056 6.95459e-42 
5.8 0.221264 9.63767e-38 -0.0115478 3.3878e-38 0.000766577 1.39936e-36 0 0 -0.00168466 1.12289e-38 -0.000781117 8.71269e-42 
5.9 0.221264 9.63767e-38 -0.0117085 3.49026e-38 0.000840755 1.3993e-36 0 0 -0.00152098 1.22313e-38 -0.000903045 1.04411e-41 
6 0.221264 9.63767e-38 -0.0118502 3.63455e-38 0.000949393 1.39922e-36 0 0 -0.00130815 1.28406e-38 -0.00097716 1.20937e-41 
6.1 0.221264 9.63767e-38 -0.0119697 3.74066e-38 0.00103096 1.39916e-36 0 0 -0.00108362 1.31961e-38 -0.0010204 1.3673e-41 
6.2 0.221264 9.63767e-38 -0.0120621 3.87075e-38 0.00113044 1.39909e-36 0 0 -0.00083852 1.32213e-38 -0.00102348 1.49401e-41 
6.3 0.221264 9.63767e-38 -0.0121384 4.01385e-38 0.00124274 1.39901e-36 0 0 -0.000697577 1.38123e-38 -0.00109538 1.6999e-41 
6.4 0.221264 9.63767e-38 -0.0122026 4.18007e-38 0.00137642 1.39891e-36 0 0 -0.00058989 1.43917e-38 -0.00116587 1.92636e-41 
6.5 0.221264 9.63767e-38 -0.0122572 4.32577e-38 0.00149603 1.39882e-36 0 0 -0.000502543 1.49337e-38 -0.00123182 2.1702e-41 
6.6 0.221264 9.63767e-38 -0.012303 4.47509e-38 0.00162043 1.39873e-36 0 0 -0.000412584 1.53816e-38 -0.00128632 2.42104e-41 
6.7 0.221264 9.63767e-38 -0.012339 4.6462e-38 0.00176447 1.39862e-36 0 0 -0.000303484 1.5679e-38 -0.00132251 2.66382e-41 
6.8 0.221264 9.63767e-38 -0.0123627 4.78453e-38 0.00188145 1.39853e-36 0 0 -0.00016966 1.57978e-38 -0.00133696 2.88514e-41 
6.9 0.221264 9.63767e-38 -0.0123719 4.92263e-38 0.00199817 1.39844e-36 0 0 -1.39655e-05 1.57041e-38 -0.00132557 3.06755e-41 
7 0.221264 9.63767e-38 -0.0123648 5.11921e-38 0.00216292 1.39832e-36 0 0 0.000155053 1.53743e-38 -0.00128542 3.19308e-41 
7.1 0.221264 9.63767e-38 -0.0123407 5.22164e-38 0.00224761 1.39825e-36 0 0 0.000326387 1.4805e-38 -0.00121613 3.2483e-41 
7.2 0.221264 9.63767e-38 -0.0122967 5.36582e-38 0.00236261 1.39816e-36 0 0 0.00051174 1.36967e-38 -0.00108122 3.14377e-41 
7.3 0.221264 9.63767e-38 -0.0122389 5.51907e-38 0.00248155 1.39807e-36 0 0 0.000637155 1.30368e-38 -0.00100089 3.11617e-41 
7.4 0.221264 9.63767e-38 -0.0121695 5.6226e-38 0.00255927 1.39801e-36 0 0 0.000749001 1.22258e-38 -0.000902159 3.02613e-41 
7.5 0.221264 9.63767e-38 -0.0120894 5.75175e-38 0.00265179 1.39794e-36 0 0 0.00085241 1.1273e-38 -0.000786166 2.87172e-41 
7.6 0.221264 9.63767e-38 -0.0119992 5.87971e-38 0.00273596 1.39787e-36 0 0 0.000952118 1.01767e-38 -0.00065269 2.65025e-41 
7.7 0.221264 9.63767e-38 -0.0118989 5.94776e-38 0.0027761 1.39784e-36 0 0 0.00105424 8.97031e-39 -0.000505807 2.37077e-41 
7.8 0.221264 9.63767e-38 -0.0117883 6.03741e-38 0.00282116 1.3978e-36 0 0 0.00115658 7.71288e-39 -0.000352709 2.05234e-41 
7.9 0.221264 9.63767e-38 -0.0116678 6.11187e-38 0.00284774 1.39778e-36 0 0 0.00125191 6.43413e-39 -0.000197011 1.70813e-41 
8 0.221264 9.63767e-38 -0.0115387 6.17114e-38 0.00285582 1.39777e-36 0 0 0.00133016 5.16034e-39 -4.19152e-05 1.35169e-41 
8.1 0.221264 9.63767e-38 -0.0114032 6.19966e-38 0.00285192 1.39777e-36 0 0 0.00138283 3.91797e-39 0.000109355 9.9707e-42 
8.2 0.221264 9.63767e-38 -0.0112608 6.23098e-38 0.00282452 1.39779e-36 0 0 0.00143488 2.26382e-39 0.000310761 5.21694e-42 
8.3 0.221264 9.63767e-38 -0.0111177 6.2469e-38 0.00278452 1.39782e-36 0 0 0.00142088 1.17195e-39 0.000443704 2.11124e-42 
8.4 0.221264 9.63767e-38 -0.010978 6.25258e-38 0.00272935 1.39786e-36 0 0 0.00136915 2.19952e-40 0.000559614 -5.20843e-43 
8.5 0.221264 9.63767e-38 -0.0108451 6.24839e-38 0.00266217 1.39791e-36 0 0 0.00128371 -6.33949e-40 0.000663577 -2.77852e-42 
8.6 0.221264 9.63767e-38 -0.0107224 6.23957e-38 0.00260623 1.39795e-36 0 0 0.00116894 -1.42953e-39 0.000760437 -4.75769e-42 
8.7 0.221264 9.63767e-38 -0.0106122 6.21637e-38 0.00250655 1.39803e-36 0 0 0.001034 -2.18461e-39 0.000852362 -6.49331e-42 
8.8 0.221264 9.63767e-38 -0.0105161 6.19469e-38 0.00243224 1.39808e-36 0 0 0.000886578 -2.90396e-39 0.000939935 -7.98775e-42 
8.9 0.221264 9.63767e-38 -0.0104352 6.15533e-38 0.00231531 1.39817e-36 0 0 0.000730614 -3.58208e-39 0.00102248 -9.22021e-42 
9 0.221264 9.63767e-38 -0.0103704 6.1063e-38 0.00218517 1.39826e-36 0 0 0.000566643 -4.19196e-39 0.00109672 -1.01294e-41 
9.1 0.221264 9.63767e-38 -0.0103222 6.08018e-38 0.00212 1.39831e-36 0 0 0.000396284 -4.69564e-39 0.00115803 -1.06479e-41 
9.2 0.221264 9.63767e-38 -0.0102914 6.02303e-38 0.00198201 1.39842e-36 0 0 0.000218911 -5.05344e-39 0.00120158 -1.07305e-41 
9.3 0.221264 9.63767e-38 -0.0102788 5.95518e-38 0.00182264 1.39853e-36 0 0 3.3235e-05 -5.23267e-39 0.00122339 -1.03713e-41 
9.4 0.221264 9.63767e-38 -0.0102852 5.92451e-38 0.00175076 1.39859e-36 0 0 -0.000160861 -5.20555e-39 0.00122009 -9.60869e-42 
9.5 0.221264 9.63767e-38 -0.010311 5.86479e-38 0.00160896 1.39869e-36 0 0 -0.000355852 -4.95239e-39 0.00118928 -8.49372e-42 
9.6 0.221264 9.63767e-38 -0.0103565 5.81143e-38 0.0014749 1.39879e-36 0 0 -0.000552761 -4.47207e-39 0.00113084 -7.11746e-42 
9.7 0.221264 9.63767e-38 -0.0104213 5.78811e-38 0.00141195 1.39884e-36 0 0 -0.000742465 -3.77023e-39 0.00104544 -5.57708e-42 
9.8 0.221264 9.63767e-38 -0.0105043 5.75028e-38 0.00129678 1.39892e-36 0 0 -0.000919298 -2.87035e-39 0.000935951 -3.9737e-42 
9.9 0.221264 9.63767e-38 -0.0106042 5.72657e-38 0.00119879 1.39899e-36 0 0 -0.00107811 -1.79977e-39 0.000805699 -2.36402e-42 
10 0.221264 9.63767e-38 -0.0107187 5.71947e-38 0.00112447 1.39905e-36 0 0 -0.00121235 -5.93121e-40 0.000658897 -8.02737e-43 
10.1 0.221264 9.63767e-38 -0.0108452 5.72142e-38 0.00109572 1.39907e-36 0 0 -0.00131832 7.1167e-40 0.00050016 6.95351e-43 
10.2 0.221264 9.63767e-38 -0.0109808 5.74436e-38 0.00104379 1.39911e-36 0 0 -0.00139249 2.07783e-39 0.000333962 2.11652e-42 
10.3 0.221264 9.63767e-38 -0.0111221 5.77336e-38 0.00102651 1.39912e-36 0 0 -0.00143362 3.47216e-39 0.000164337 3.5297e-42 
10.4 0.221264 9.63767e-38 -0.011266 5.81357e-38 0.00102286 1.39912e-36 0 0 -0.00144128 4.86461e-39 -5.05736e-06 4.93634e-42 
10.5 0.221264 9.63767e-38 -0.0114089 5.86479e-38 0.0010326 1.39911e-36 0 0 -0.00141572 6.22698e-39 -0.000170792 6.38381e-42 
10.6 0.221264 9.63767e-38 -0.0115474 5.96143e-38 0.00107129 1.39908e-36 0 0 -0.00135897 7.53778e-39 -0.000330256 7.91772e-42 
10.7 0.221264 9.63767e-38 -0.0116786 6.03878e-38 0.00111282 1.39905e-36 0 0 -0.00127363 8.77625e-39 -0.000480923 9.57679e-42 
10.8 0.221264 9.63767e-38 -0.0117999 6.1253e-38 0.0011655 1.39901e-36 0 0 -0.00116273 9.92425e-39 -0.000620589 1.14091e-41 
10.9 0.221264 9.63767e-38 -0.0119091 6.22027e-38 0.00122846 1.39896e-36 0 0 -0.00102954 1.09638e-38 -0.000747071 1.34256e-41 
11 0.221264 9.63767e-38 -0.0120042 6.4091e-38 0.00136353 1.39886e-36 0 0 -0.000878149 1.18747e-38 -0.000857889 1.54838e-41 
11.1 0.221264 9.63767e-38 -0.0120835 6.50055e-38 0.00143271 1.39881e-36 0 0 -0.000712063 1.26418e-38 -0.000951226 1.75651e-41 
11.2 0.221264 9.63767e-38 -0.0121458 6.59447e-38 0.0015049 1.39875e-36 0 0 -0.000536387 1.3244e-38 -0.0010245 1.96322e-41 
11.3 0.221264 9.63767e-38 -0.0121903 6.78922e-38 0.00165767 1.39864e-36 0 0 -0.000354851 1.36695e-38 -0.00107628 2.16213e-41 
11.4 0.221264 9.63767e-38 -0.0122166 6.88861e-38 0.00173651 1.39858e-36 0 0 -0.000171769 1.39063e-38 -0.0011051 2.34323e-41 
11.5 0.221264 9.63767e-38 -0.0122246 6.98848e-38 0.00181594 1.39852e-36 0 0 1.00342e-05 1.39509e-38 -0.00111052 2.49612e-41 
11.6 0.221264 9.63767e-38 -0.0122149 7.15544e-38 0.00194818 1.39841e-36 0 0 0.00018522 1.38012e-38 -0.0010923 2.61219e-41 
11.7 0.221264 9.63767e-38 -0.0121881 7.30234e-38 0.00206311 1.39833e-36 0 0 0.000349984 1.34623e-38 -0.00105105 2.68315e-41 
11.8 0.221264 9.63767e-38 -0.0121455 7.44368e-38 0.00217127 1.39824e-36 0 0 0.000501217 1.29478e-38 -0.000988433 2.70334e-41 
11.9 0.221264 9.63767e-38 -0.0120887 7.5773e-38 0.00227004 1.39816e-36 0 0 0.000635707 1.22714e-38 -0.000906105 2.66779e-41 
12 0.221264 9.63767e-38 -0.0120193 7.72728e-38 0.00237443 1.39808e-36 0 0 0.00075074 1.14562e-38 -0.000806869 2.57801e-41 
12.1 0.221264 9.63767e-38 -0.01194 7.80945e-38 0.00242755 1.39804e-36 0 0 0.000842362 1.05299e-38 -0.000694111 2.43734e-41 
12.2 0.221264 9.63767e-38 -0.0118526 7.88556e-38 0.0024733 1.398e-36 0 0 0.000911975 9.5175e-39 -0.000570869 2.25164e-41 
12.3 0.221264 9.63767e-38 -0.0117594 7.95433e-38 0.00251011 1.39797e-36 0 0 0.000957363 8.44191e-39 -0.000439928 2.02779e-41 
12.4 0.221264 9.63767e-38 -0.0116629 8.01614e-38 0.00253845 1.39795e-36 0 0 0.000979321 7.32743e-39 -0.000304252 1.77441e-41 
12.5 0.221264 9.63767e-38 -0.0115653 8.11152e-38 0.00256796 1.39793e-36 0 0 0.000977794 6.20269e-39 -0.000167324 1.50276e-41 
12.6 0.221264 9.63767e-38 -0.0114689 8.1472e-38 0.00257171 1.39792e-36 0 0 0.000954409 5.08708e-39 -3.15058e-05 1.22212e-41 
12.7 0.221264 9.63767e-38 -0.0113764 8.20406e-38 0.00256155 1.39793e-36 0 0 0.000910487 4.0073e-39 9.99491e-05 9.45306e-42 
12.8 0.221264 9.63767e-38 -0.0112893 8.23831e-38 0.00253427 1.39795e-36 0 0 0.000848153 2.98319e-39 0.000224628 6.80673e-42 
12.9 0.221264 9.63767e-38 -0.011209 8.25854e-38 0.00248993 1.39798e-36 0 0 0.000768536 2.02964e-39 0.000340714 4.34945e-42 
13 0.221264 9.63767e-38 -0.0111373 8.26915e-38 0.00244078 1.39801e-36 0 0 0.000675503 1.15919e-39 0.000446683 2.14439e-42 
13.1 0.221264 9.63767e-38 -0.0110754 8.27052e-38 0.00238657 1.39805e-36 0 0 0.000569855 3.80017e-40 0.000541536 2.29795e-43 
13.2 0.221264 9.63767e-38 -0.0110244 8.26516e-38 0.00232419 1.3981e-36 0 0 0.000455597 -2.93109e-40 0.000623479 -1.35066e-42 
13.3 0.221264 9.63767e-38 -0.010985 8.26067e-38 0.00228229 1.39813e-36 0 0 0.000335581 -8.49027e-40 0.000691151 -2.57229e-42 
13.4 0.221264 9.63767e-38 -0.0109577 8.25305e-38 0.00223658 1.39817e-36 0 0 0.000211399 -1.28328e-39 0.000744012 -3.4384e-42 
13.5 0.221264 9.63767e-38 -0.0109429 8.2348e-38 0.00214149 1.39824e-36 0 0 8.71989e-05 -1.58775e-39 0.000781073 -3.95221e-42 
13.6 0.221264 9.63767e-38 -0.0109403 8.21408e-38 0.0020434 1.39831e-36 0 0 -3.52634e-05 -1.76335e-39 0.000802446 -4.14868e-42 
13.7 0.221264 9.63767e-38 -0.0109496 8.19584e-38 0.00196025 1.39837e-36 0 0 -0.000154199 -1.81217e-39 0.000808389 -4.06333e-42 
13.8 0.221264 9.63767e-38 -0.0109706 8.18006e-38 0.00188619 1.39843e-36 0 0 -0.000267391 -1.73618e-39 0.000799141 -3.72719e-42 
13.9 0.221264 9.63767e-38 -0.0110025 8.16492e-38 0.0018129 1.39848e-36 0 0 -0.000373397 -1.53999e-39 0.000775265 -3.18657e-42 
14 0.221264 9.63767e-38 -0.0110445 8.15546e-38 0.00175202 1.39853e-36 0 0 -0.000469937 -1.2312e-39 0.000737685 -2.48563e-42 
14.1 0.221264 9.63767e-38 -0.0110957 8.14699e-38 0.00169233 1.39857e-36 0 0 -0.000556021 -8.19874e-40 0.00068763 -1.66569e-42 
14.2 0.221264 9.63767e-38 -0.0111549 8.1418e-38 0.00160659 1.39864e-36 0 0 -0.000630157 -3.17414e-40 0.000626486 -7.54912e-43 
14.3 0.221264 9.63767e-38 -0.0112208 8.14293e-38 0.00156826 1.39866e-36 0 0 -0.000691007 2.62447e-40 0.000555924 2.16426e-43 
14.4 0.221264 9.63767e-38 -0.0112922 8.15378e-38 0.00150203 1.39871e-36 0 0 -0.000738306 9.07181e-40 0.000477469 1.22723e-42 
14.5 0.221264 9.63767e-38 -0.0113675 8.1639e-38 0.00147463 1.39873e-36 0 0 -0.000771117 1.60276e-39 0.000392829 2.25954e-42 
14.6 0.221264 9.63767e-38 -0.0114455 8.19231e-38 0.00143374 1.39876e-36 0 0 -0.000789275 2.33743e-39 0.000303436 3.28786e-42 
14.7 0.221264 9.63767e-38 -0.0115245 8.20988e-38 0.00141937 1.39877e-36 0 0 -0.000792998 3.09759e-39 0.000210941 4.31936e-42 
14.8 0.221264 9.63767e-38 -0.0116031 8.27415e-38 0.00139816 1.39879e-36 0 0 -0.000782242 3.86646e-39 0.000117388 5.35801e-42 
14.9 0.221264 9.63767e-38 -0.0116799 8.31447e-38 0.00139752 1.39879e-36 0 0 -0.000758184 4.63403e-39 2.39947e-05 6.38857e-42 
15 0.221264 9.63767e-38 -0.0117536 8.36019e-38 0.00140343 1.39878e-36 0 0 -0.000721056 5.38251e-39 -6.70816e-05 7.5213e-42 
15.1 0.221264 9.63767e-38 -0.0118231 8.40551e-38 0.00141384 1.39877e-36 0 0 -0.000671479 6.10747e-39 -0.000155291 8.59465e-42 
15.2 0.221264 9.63767e-38 -0.0118871 8.50855e-38 0.00144974 1.39874e-36 0 0 -0.000612018 6.79001e-39 -0.000238341 9.69411e-42 
15.3 0.221264 9.63767e-38 -0.0119447 8.56545e-38 0.00147423 1.39872e-36 0 0 -0.000543065 7.42247e-39 -0.000315297 1.07881e-41 
15.4 0.221264 9.63767e-38 -0.0119951 8.62569e-38 0.00150279 1.3987e-36 0 0 -0.000465681 7.997e-39 -0.000385206 1.18822e-41 
15.5 0.221264 9.63767e-38 -0.0120373 8.68899e-38 0.00153507 1.39868e-36 0 0 -0.000381319 8.50449e-39 -0.000446959 1.29642e-41 
15.6 0.221264 9.63767e-38 -0.0120709 8.82331e-38 0.00160903 1.39862e-36 0 0 -0.000291874 8.93721e-39 -0.000499614 1.40125e-41 
15.7 0.221264 9.63767e-38 -0.0120954 8.89367e-38 0.0016499 1.39859e-36 0 0 -0.000199208 9.28841e-39 -0.000542351 1.50046e-41 
15.8 0.221264 9.63767e-38 -0.0121106 8.96564e-38 0.00169273 1.39855e-36 0 0 -0.00010476 9.55224e-39 -0.000574457 1.59178e-41 
15.9 0.221264 9.63767e-38 -0.0121165 9.11102e-38 0.00178127 1.39848e-36 0 0 -1.20034e-05 9.72429e-39 -0.000595394 1.67303e-41 
16 0.221264 9.63767e-38 -0.0121129 9.18458e-38 0.0018266 1.39845e-36 0 0 8.25515e-05 9.80857e-39 -0.00060565 1.74203e-41 
16.1 0.221264 9.63767e-38 -0.0121002 9.25816e-38 0.00187195 1.39841e-36 0 0 0.000171991 9.79852e-39 -0.000604427 1.79467e-41 
16.2 0.221264 9.63767e-38 -0.0120788 9.40392e-38 0.00196096 1.39834e-36 0 0 0.00025712 9.69872e-39 -0.000592281 1.82826e-41 
16.3 0.221264 9.63767e-38 -0.0120492 9.47535e-38 0.0020037 1.39831e-36 0 0 0.000335648 9.51228e-39 -0.000569587 1.8402e-41 
16.4 0.221264 9.63767e-38 -0.0120121 9.65976e-38 0.00210881 1.39822e-36 0 0 0.000407878 9.24659e-39 -0.000537249 1.83302e-41 
16.5 0.221264 9.63767e-38 -0.0119685 9.65976e-38 0.00210881 1.39822e-36 0 0 0.000471665 8.91209e-39 -0.000496534 1.80584e-41 
16.6 0.221264 9.63767e-38 -0.0119187 9.72567e-38 0.00214399 1.39819e-36 0 0 0.000526509 8.51041e-39 -0.000447642 1.75799e-41 
16.7 0.221264 9.63767e-38 -0.0118638 9.82304e-38 0.00219248 1.39816e-36 0 0 0.000573416 8.05025e-39 -0.00039163 1.68952e-41 
16.8 0.221264 9.63767e-38 -0.0118047 9.91952e-38 0.00223491 1.39812e-36 0 0 0.00060979 7.5417e-39 -0.000329728 1.60308e-41 
16.9 0.221264 9.63767e-38 -0.0117426 9.97907e-38 0.00225739 1.3981e-36 0 0 0.000635243 6.99698e-39 -0.000263423 1.50093e-41 
17 0.221264 9.63767e-38 -0.0116788 1.00853e-37 0.00228666 1.39808e-36 0 0 0.000650794 6.42851e-39 -0.000194225 1.38646e-41 
17.1 0.221264 9.63767e-38 -0.0116141 1.00853e-37 0.00228666 1.39808e-36 0 0 0.000655225 5.84282e-39 -0.00012293 1.26233e-41 
17.2 0.221264 9.63767e-38 -0.0115498 1.01666e-37 0.00229561 1.39807e-36 0 0 0.000649271 5.25385e-39 -5.12363e-05 1.13274e-41 
17.3 0.221264 9.63767e-38 -0.0114863 1.02281e-37 0.00228949 1.39807e-36 0 0 0.000633078 4.66512e-39 2.0429e-05 9.99023e-42 
17.4 0.221264 9.63767e-38 -0.0114247 1.02281e-37 0.00228949 1.39807e-36 0 0 0.000607076 4.087e-39 9.08021e-05 8.65127e-42 
17.5 0.221264 9.63767e-38 -0.0113665 1.02786e-37 0.00227001 1.39808e-36 0 0 0.00057193 3.53267e-39 0.00015828 7.35605e-42 
17.6 0.221264 9.63767e-38 -0.0113116 1.03146e-37 0.00224409 1.3981e-36 0 0 0.000528251 3.00322e-39 0.000222729 6.10901e-42 
17.7 0.221264 9.63767e-38 -0.0112615 1.03349e-37 0.0022217 1.39812e-36 0 0 0.000475129 2.50878e-39 0.000282914 4.95105e-42 
17.8 0.221264 9.63767e-38 -0.011217 1.0352e-37 0.0021954 1.39814e-36 0 0 0.000416384 2.06365e-39 0.000337097 3.91616e-42 
17.9 0.221264 9.63767e-38 -0.0111787 1.03791e-37 0.00213412 1.39818e-36 0 0 0.000350898 1.67243e-39 0.000384718 3.02021e-42 
18 0.221264 9.63767e-38 -0.0111472 1.03894e-37 0.00209963 1.39821e-36 0 0 0.000280858 1.34311e-39 0.000424803 2.28059e-42 
18.1 0.221264 9.63767e-38 -0.0111228 1.03983e-37 0.00206329 1.39823e-36 0 0 0.000207002 1.08118e-39 0.000456684 1.70727e-42 
18.2 0.221264 9.63767e-38 -0.011106 1.04058e-37 0.00202525 1.39826e-36 0 0 0.000131163 8.90891e-40 0.000479846 1.30009e-42 
18.3 0.221264 9.63767e-38 -0.0110969 1.04185e-37 0.0019465 1.39832e-36 0 0 5.37029e-05 7.7308e-40 0.000494185 1.05398e-42 
18.4 0.221264 9.63767e-38 -0.0110953 1.04239e-37 0.0019135 1.39835e-36 0 0 -2.28063e-05 7.30416e-40 0.000499378 9.64643e-43 
18.5 0.221264 9.63767e-38 -0.0111014 1.04287e-37 0.00187989 1.39837e-36 0 0 -9.81169e-05 7.60741e-40 0.000495687 1.01834e-42 
18.6 0.221264 9.63767e-38 -0.0111148 1.04402e-37 0.00181481 1.39842e-36 0 0 -0.000170568 8.62068e-40 0.000483355 1.19808e-42 
18.7 0.221264 9.63767e-38 -0.0111353 1.0447e-37 0.00178353 1.39844e-36 0 0 -0.000239389 1.03141e-39 0.000462747 1.4869e-42 
18.8 0.221264 9.63767e-38 -0.0111624 1.0467e-37 0.00171617 1.39849e-36 0 0 -0.000302474 1.26784e-39 0.000433974 1.87623e-42 
18.9 0.221264 9.63767e-38 -0.0111953 1.04811e-37 0.00168125 1.39852e-36 0 0 -0.000358734 1.56002e-39 0.000398417 2.34775e-42 
19 0.221264 9.63767e-38 -0.0112334 1.04984e-37 0.00165017 1.39854e-36 0 0 -0.000405937 1.90759e-39 0.00035612 2.89382e-42 
19.1 0.221264 9.63767e-38 -0.0112759 1.05115e-37 0.00163226 1.39855e-36 0 0 -0.00044566 2.30597e-39 0.000307639 3.50468e-42 
19.2 0.221264 9.63767e-38 -0.0113219 1.05441e-37 0.00159855 1.39858e-36 0 0 -0.00047526 2.74727e-39 0.000253938 4.16812e-42 
19.3 0.221264 9.63767e-38 -0.0113704 1.05951e-37 0.001569 1.3986e-36 0 0 -0.000495285 3.22488e-39 0.000195818 4.87865e-42 
19.4 0.221264 9.63767e-38 -0.0114203 1.06295e-37 0.00155881 1.39861e-36 0 0 -0.000505036 3.72419e-39 0.000135057 5.62124e-42 
19.5 0.221264 9.63767e-38 -0.0114706 1.06678e-37 0.0015535 1.39861e-36 0 0 -0.000504964 4.2414e-39 7.21195e-05 6.39744e-42 
19.6 0.221264 9.63767e-38 -0.0115202 1.07569e-37 0.00155782 1.39861e-36 0 0 -0.000494763 4.76295e-39 8.6534e-06 7.19706e-42 
19.7 0.221264 9.63767e-38 -0.011568 1.07569e-37 0.00155782 1.39861e-36 0 0 -0.000475402 5.27782e-39 -5.4e-05 8.01509e-42 
19.8 0.221264 9.63767e-38 -0.0116134 1.08436e-37 0.00157609 1.39859e-36 0 0 -0.000446695 5.78107e-39 -0.000115239 8.84819e-42 
19.9 0.221264 9.63767e-38 -0.0116557 1.09304e-37 0.0016032 1.39857e-36 0 0 -0.000408834 6.26618e-39 -0.000174271 9.69151e-42 
20 0.221264 9.63767e-38 -0.011694 1.09304e-37 0.0016032 1.39857e-36 0 0 -0.000365596 6.7143e-39 -0.000228802 1.05235e-41 
20.1 0.221264 9.63767e-38 -0.0117279 1.09891e-37 0.00162512 1.39855e-36 0 0 -0.000315217 7.13004e-39 -0.000279395 1.13524e-41 
20.2 0.221264 9.63767e-38 -0.0117565 1.11146e-37 0.00167905 1.39851e-36 0 0 -0.000259454 7.49805e-39 -0.000324178 1.21536e-41 
20.3 0.221264 9.63767e-38 -0.0117794 1.11805e-37 0.00170979 1.39848e-36 0 0 -0.000199723 7.81092e-39 -0.000362253 1.29132e-41 
20.4 0.221264 9.63767e-38 -0.0117962 1.12482e-37 0.00174271 1.39845e-36 0 0 -0.000137473 8.06347e-39 -0.000392987 1.36157e-41 
20.5 0.221264 9.63767e-38 -0.0118067 1.13171e-37 0.0017772 1.39843e-36 0 0 -7.40748e-05 8.25308e-39 -0.000416062 1.42458e-41 
20.6 0.221264 9.63767e-38 -0.0118109 1.13873e-37 0.00181309 1.3984e-36 0 0 -1.12442e-05 8.37609e-39 -0.000431032 1.47841e-41 
20.7 0.221264 9.63767e-38 -0.011809 1.15211e-37 0.001882 1.39834e-36 0 0 5.01076e-05 8.43242e-39 -0.000437888 1.52188e-41 
20.8 0.221264 9.63767e-38 -0.0118011 1.15849e-37 0.00191522 1.39831e-36 0 0 0.000108149 8.42133e-39 -0.000436538 1.55327e-41 
20.9 0.221264 9.63767e-38 -0.0117876 1.16481e-37 0.00194753 1.39829e-36 0 0 0.00016209 8.34417e-39 -0.000427148 1.57121e-41 
21 0.221264 9.63767e-38 -0.0117693 1.17713e-37 0.00200853 1.39824e-36 0 0 0.000209483 8.20388e-39 -0.000410072 1.57461e-41 
21.1 0.221264 9.63767e-38 -0.0117466 1.18784e-37 0.00205878 1.3982e-36 0 0 0.000250935 8.00453e-39 -0.000385809 1.56352e-41 
21.2 0.221264 9.63767e-38 -0.0117201 1.18784e-37 0.00205878 1.3982e-36 0 0 0.000285041 7.75113e-39 -0.000354965 1.53791e-41 
21.3 0.221264 9.63767e-38 -0.0116908 1.19817e-37 0.00210438 1.39816e-36 0 0 0.000311528 7.4457e-39 -0.000317789 1.49732e-41 
21.4 0.221264 9.63767e-38 -0.0116591 1.20769e-37 0.00214013 1.39813e-36 0 0 0.000330059 7.09515e-39 -0.000275121 1.44294e-41 
21.5 0.221264 9.63767e-38 -0.011626 1.21649e-37 0.00216708 1.39811e-36 0 0 0.000340277 6.70945e-39 -0.000228174 1.37659e-41 
21.6 0.221264 9.63767e-38 -0.0115924 1.21649e-37 0.00216708 1.39811e-36 0 0 0.000342455 6.29517e-39 -0.000177748 1.2997e-41 
21.7 0.221264 9.63767e-38 -0.0115589 1.22449e-37 0.00218442 1.39809e-36 0 0 0.000336734 5.86145e-39 -0.000124954 1.21415e-41 
21.8 0.221264 9.63767e-38 -0.0115263 1.23171e-37 0.00219213 1.39808e-36 0 0 0.000323395 5.41577e-39 -7.07042e-05 1.12193e-41 
21.9 0.221264 9.63767e-38 -0.0114953 1.23748e-37 0.00219024 1.39808e-36 0 0 0.000302899 4.96678e-39 -1.60511e-05 1.02577e-41 
22 0.221264 9.63767e-38 -0.0114667 1.23748e-37 0.00219024 1.39808e-36 0 0 0.000275416 4.51881e-39 3.84771e-05 9.27503e-42 
22.1 0.221264 9.63767e-38 -0.0114411 1.24261e-37 0.00218062 1.39809e-36 0 0 0.000242553 4.08592e-39 9.11702e-05 8.30915e-42 
22.2 0.221264 9.63767e-38 -0.0114189 1.24701e-37 0.00216427 1.3981e-36 0 0 0.000204522 3.67217e-39 0.000141533 7.37269e-42 
22.3 0.221264 9.63767e-38 -0.0114006 1.25089e-37 0.00214151 1.39811e-36 0 0 0.000162325 3.28857e-39 0.000188226 6.49917e-42 
22.4 0.221264 9.63767e-38 -0.0113868 1.25424e-37 0.00211239 1.39814e-36 0 0 0.000117059 2.94225e-39 0.00023038 5.71129e-42 
22.5 0.221264 9.63767e-38 -0.0113775 1.25722e-37 0.00207868 1.39816e-36 0 0 7.00259e-05 2.63881e-39 0.000267314 5.04659e-42 
22.6 0.221264 9.63767e-38 -0.011373 1.25722e-37 0.00207868 1.39816e-36 0 0 2.16704e-05 2.38199e-39 0.00029857 4.55622e-42 
22.7 0.221264 9.63767e-38 -0.0113733 1.25989e-37 0.00204128 1.39819e-36 0 0 -2.68059e-05 2.17566e-39 0.000323681 4.13473e-42 
22.8 0.221264 9.63767e-38 -0.0113783 1.26218e-37 0.00200627 1.39821e-36 0 0 -7.42794e-05 2.02275e-39 0.000342292 3.79158e-42 
22.9 0.221264 9.63767e-38 -0.011388 1.26421e-37 0.00196793 1.39824e-36 0 0 -0.000119748 1.92457e-39 0.000354241 3.55229e-42 
23 0.221264 9.63767e-38 -0.0114021 1.26624e-37 0.00192978 1.39827e-36 0 0 -0.000162612 1.88035e-39 0.000359624 3.41946e-42 
23.1 0.221264 9.63767e-38 -0.0114202 1.26829e-37 0.00189179 1.3983e-36 0 0 -0.00020201 1.89057e-39 0.00035838 3.39514e-42 
23.2 0.221264 9.63767e-38 -0.0114421 1.26985e-37 0.00186607 1.39832e-36 0 0 -0.000237162 1.95504e-39 0.000350533 3.47355e-42 
23.3 0.221264 9.63767e-38 -0.0114673 1.27137e-37 0.00183989 1.39834e-36 0 0 -0.000267608 2.0699e-39 0.000336554 3.64205e-42 
23.4 0.221264 9.63767e-38 -0.0114953 1.2744e-37 0.00179625 1.39837e-36 0 0 -0.000292837 2.23169e-39 0.000316864 3.88976e-42 
23.5 0.221264 9.63767e-38 -0.0115254 1.27782e-37 0.00175745 1.3984e-36 0 0 -0.000312515 2.43644e-39 0.000291945 4.20545e-42 
23.6 0.221264 9.63767e-38 -0.0115571 1.28165e-37 0.00172356 1.39842e-36 0 0 -0.000326267 2.68169e-39 0.000262098 4.58686e-42 
23.7 0.221264 9.63767e-38 -0.0115898 1.28165e-37 0.00172356 1.39842e-36 0 0 -0.000334858 2.95696e-39 0.000228598 5.01398e-42 
23.8 0.221264 9.63767e-38 -0.0116233 1.28462e-37 0.00170547 1.39844e-36 0 0 -0.00033753 3.2628e-39 0.000191378 5.48918e-42 
23.9 0.221264 9.63767e-38 -0.0116568 1.28778e-37 0.00168965 1.39845e-36 0 0 -0.000334287 3.59545e-39 0.000150896 6.00818e-42 
24 0.221264 9.63767e-38 -0.0116897 1.29504e-37 0.00166944 1.39846e-36 0 0 -0.000326711 3.93375e-39 0.000109726 6.53897e-42 
24.1 0.221264 9.63767e-38 -0.0117216 1.29913e-37 0.00166493 1.39847e-36 0 0 -0.000312479 4.29604e-39 6.56366e-05 7.11656e-42 
24.2 0.221264 9.63767e-38 -0.0117518 1.30352e-37 0.001664 1.39846e-36 0 0 -0.000294471 4.65491e-39 2.19638e-05 7.69948e-42 
24.3 0.221264 9.63767e-38 -0.01178 1.3082e-37 0.0016667 1.39846e-36 0 0 -0.000271233 5.01694e-39 -2.20933e-05 8.30344e-42 
24.4 0.221264 9.63767e-38 -0.0118057 1.31317e-37 0.00167284 1.39846e-36 0 0 -0.000244671 5.3744e-39 -6.55949e-05 8.91999e-42 
24.5 0.221264 9.63767e-38 -0.0118292 1.31838e-37 0.00168206 1.39845e-36 0 0 -0.000223387 5.62262e-39 -9.58021e-05 9.37365e-42 
24.6 0.221264 9.63767e-38 -0.01185 1.32377e-37 0.00169335 1.39844e-36 0 0 -0.000194152 5.89759e-39 -0.000129265 9.89306e-42 
24.7 0.221264 9.63767e-38 -0.0118684 1.32776e-37 0.00170278 1.39843e-36 0 0 -0.000167287 6.07178e-39 -0.000150463 1.02597e-41 
24.8 0.221264 9.63767e-38 -0.011883 1.33612e-37 0.00172621 1.39841e-36 0 0 -0.00012553 6.34339e-39 -0.000183518 1.08162e-41 
24.9 0.221264 9.63767e-38 -0.0118932 1.34242e-37 0.00174663 1.39839e-36 0 0 -8.01212e-05 6.6253e-39 -0.000217826 1.14203e-41 
25 0.221264 9.63767e-38 -0.0118989 1.34899e-37 0.00177026 1.39837e-36 0 0 -3.5675e-05 6.89733e-39 -0.000250932 1.20398e-41 
25.1 0.221264 9.63767e-38 -0.0119005 1.35578e-37 0.00179654 1.39835e-36 0 0 3.23094e-06 7.12114e-39 -0.000278171 1.26046e-41 
25.2 0.221264 9.63767e-38 -0.0118984 1.36135e-37 0.00181889 1.39833e-36 0 0 3.241e-05 7.24458e-39 -0.000293193 1.30148e-41 
25.3 0.221264 9.63767e-38 -0.0118938 1.36939e-37 0.00185177 1.3983e-36 0 0 5.73464e-05 7.28723e-39 -0.000298384 1.32892e-41 
25.4 0.221264 9.63767e-38 -0.011887 1.37582e-37 0.00187799 1.39828e-36 0 0 7.94216e-05 7.26064e-39 -0.000295148 1.34346e-41 
25.5 0.221264 9.63767e-38 -0.0118779 1.38536e-37 0.00191616 1.39825e-36 0 0 0.000102567 7.18141e-39 -0.000285506 1.34739e-41 
25.6 0.221264 9.63767e-38 -0.0118663 1.39161e-37 0.00194027 1.39823e-36 0 0 0.000127491 7.06535e-39 -0.000271379 1.34292e-41 
25.7 0.221264 9.63767e-38 -0.0118523 1.39715e-37 0.00196087 1.39821e-36 0 0 0.000152605 6.91643e-39 -0.000253254 1.33035e-41 
25.8 0.221264 9.63767e-38 -0.0118358 1.4042e-37 0.00198588 1.39819e-36 0 0 0.000176869 6.75094e-39 -0.000233112 1.31261e-41 
25.9 0.221264 9.63767e-38 -0.0118168 1.41258e-37 0.00201276 1.39817e-36 0 0 0.000195878 6.55249e-39 -0.000208958 1.28569e-41 
26 0.221264 9.63767e-38 -0.0117961 1.41722e-37 0.00202602 1.39816e-36 0 0 0.000208653 6.33951e-39 -0.000183035 1.25329e-41 
26.1 0.221264 9.63767e-38 -0.0117745 1.42351e-37 0.00204283 1.39814e-36 0 0 0.000218501 6.1167e-39 -0.000155915 1.21699e-41 
26.2 0.221264 9.63767e-38 -0.0117525 1.43152e-37 0.00206069 1.39813e-36 0 0 0.000222293 5.88223e-39 -0.000127376 1.17639e-41 
26.3 0.221264 9.63767e-38 -0.0117303 1.4346e-37 0.00206616 1.39812e-36 0 0 0.00022193 5.63679e-39 -9.75014e-05 1.13151e-41 
26.4 0.221264 9.63767e-38 -0.0117084 1.44346e-37 0.00207789 1.39811e-36 0 0 0.000216869 5.382e-39 -6.64896e-05 1.08273e-41 
26.5 0.221264 9.63767e-38 -0.0116871 1.4468e-37 0.00208021 1.39811e-36 0 0 0.000209005 5.11829e-39 -3.43911e-05 1.03029e-41 
26.6 0.221264 9.63767e-38 -0.0116668 1.45314e-37 0.00208069 1.3981e-36 0 0 0.000198842 4.84863e-39 -1.56806e-06 9.75024e-42 
26.7 0.221264 9.63767e-38 -0.0116475 1.45614e-37 0.00207883 1.3981e-36 0 0 0.000187011 4.5784e-39 3.1325e-05 9.18293e-42 
26.8 0.221264 9.63767e-38 -0.0116295 1.4618e-37 0.00207103 1.39811e-36 0 0 0.000173863 4.31187e-39 6.37666e-05 8.61275e-42 
26.9 0.221264 9.63767e-38 -0.0116128 1.4662e-37 0.00206045 1.39811e-36 0 0 0.000159666 4.05546e-39 9.49764e-05 8.05539e-42 
27 0.221264 9.63767e-38 -0.0115977 1.4703e-37 0.00204621 1.39812e-36 0 0 0.000144572 3.814e-39 0.000124367 7.52316e-42 
27.1 0.221264 9.63767e-38 -0.0115841 1.47417e-37 0.00202909 1.39814e-36 0 0 0.000128113 3.59234e-39 0.000151347 7.02869e-42 
27.2 0.221264 9.63767e-38 -0.0115721 1.4778e-37 0.00200919 1.39815e-36 0 0 0.000110687 3.3958e-39 0.000175268 6.5839e-42 
27.3 0.221264 9.63767e-38 -0.011562 1.48126e-37 0.00198715 1.39817e-36 0 0 9.23972e-05 3.22947e-39 0.000195514 6.2002e-42 
27.4 0.221264 9.63767e-38 -0.0115538 1.48459e-37 0.00196348 1.39818e-36 0 0 7.32528e-05 3.09569e-39 0.000211797 5.88282e-42 
27.5 0.221264 9.63767e-38 -0.0115474 1.48459e-37 0.00196348 1.39818e-36 0 0 5.38183e-05 2.99709e-39 0.000223797 5.63523e-42 
27.6 0.221264 9.63767e-38 -0.011543 1.48782e-37 0.00193863 1.3982e-36 0 0 3.46546e-05 2.93661e-39 0.000231159 5.46507e-42 
27.7 0.221264 9.63767e-38 -0.0115405 1.49102e-37 0.00191344 1.39822e-36 0 0 1.57839e-05 2.91089e-39 0.000234289 5.36367e-42 
27.8 0.221264 9.63767e-38 -0.0115398 1.49421e-37 0.00188814 1.39824e-36 0 0 -2.06191e-06 2.92013e-39 0.000233165 5.32959e-42 
27.9 0.221264 9.63767e-38 -0.0115407 1.49746e-37 0.00186346 1.39826e-36 0 0 -1.83026e-05 2.96537e-39 0.000227659 5.36278e-42 
28 0.221264 9.63767e-38 -0.0115433 1.50079e-37 0.00183988 1.39828e-36 0 0 -3.31996e-05 3.03974e-39 0.000218607 5.44901e-42 
28.1 0.221264 9.63767e-38 -0.0115472 1.50423e-37 0.00181761 1.39829e-36 0 0 -4.62084e-05 3.14158e-39 0.000206213 5.58543e-42 
28.2 0.221264 9.63767e-38 -0.0115522 1.50787e-37 0.00179766 1.39831e-36 0 0 -5.60997e-05 3.28164e-39 0.000189167 5.79084e-42 
28.3 0.221264 9.63767e-38 -0.0115583 1.5102e-37 0.00178674 1.39831e-36 0 0 -6.51618e-05 3.43558e-39 0.000170432 6.02019e-42 
28.4 0.221264 9.63767e-38 -0.0115651 1.51257e-37 0.00177627 1.39832e-36 0 0 -7.07862e-05 3.62393e-39 0.000147508 6.31138e-42 
28.5 0.221264 9.63767e-38 -0.0115724 1.51761e-37 0.00175889 1.39833e-36 0 0 -7.54494e-05 3.81677e-39 0.000124039 6.61164e-42 
28.6 0.221264 9.63767e-38 -0.0115797 1.52028e-37 0.00175213 1.39834e-36 0 0 -7.13773e-05 4.0965e-39 8.99958e-05 7.06788e-42 
28.7 0.221264 9.63767e-38 -0.0115862 1.52608e-37 0.00174408 1.39834e-36 0 0 -5.96224e-05 4.45945e-39 4.58249e-05 7.67859e-42 
28.8 0.221264 9.63767e-38 -0.0115907 1.52942e-37 0.0017453 1.39834e-36 0 0 -3.47136e-05 4.99741e-39 -1.96463e-05 8.61317e-42 
28.9 0.221264 9.63767e-38 -0.0115922 1.53627e-37 0.00175401 1.39833e-36 0 0 -5.27236e-06 5.64717e-39 -9.87231e-05 9.77911e-42 
29 0.221264 9.63767e-38 -0.0115965 1.53999e-37 0.00175945 1.39833e-36 0 0 -6.97705e-05 5.38606e-39 -6.69455e-05 9.35603e-42 
29.1 0.221264 9.63767e-38 -0.0116055 1.54597e-37 0.00176573 1.39832e-36 0 0 -0.000110454 5.19459e-39 -4.36432e-05 9.0451e-42 
29.2 0.221264 9.63767e-38 -0.011618 1.55054e-37 0.00176801 1.39832e-36 0 0 -0.000130922 4.95783e-39 -1.48286e-05 8.6376e-42 
29.3 0.221264 9.63767e-38 -0.0116305 1.55547e-37 0.0017683 1.39832e-36 0 0 -0.0001186 4.8664e-39 -3.70167e-06 8.47843e-42 
29.4 0.221264 9.63767e-38 -0.0116405 1.56026e-37 0.00176891 1.39831e-36 0 0 -8.5143e-05 4.92989e-39 -1.1428e-05 8.59359e-42 
29.5 0.221264 9.63767e-38 -0.0116469 1.56518e-37 0.00177124 1.39831e-36 0 0 -4.12693e-05 5.13918e-39 -3.68996e-05 8.97423e-42 
29.6 0.221264 9.63767e-38 -0.0116488 1.57218e-37 0.00177956 1.3983e-36 0 0 1.00015e-06 5.46904e-39 -7.70441e-05 9.58554e-42 
29.7 0.221264 9.63767e-38 -0.0116471 1.57784e-37 0.0017909 1.39829e-36 0 0 3.12882e-05 5.86165e-39 -0.000124827 1.03355e-41 
29.8 0.221264 9.63767e-38 -0.0116433 1.58373e-37 0.00180635 1.39828e-36 0 0 4.40895e-05 6.25144e-39 -0.000172266 1.11147e-41 
29.9 0.221264 9.63767e-38 -0.0116389 1.59071e-37 0.00182838 1.39826e-36 0 0 4.18132e-05 6.57819e-39 -0.000212034 1.18185e-41 
30 0.221264 9.63767e-38 -0.0116355 1.59594e-37 0.00184637 1.39824e-36 0 0 3.11976e-05 6.78466e-39 -0.000237163 1.23367e-41 
30.1 0.221264 9.63767e-38 -0.011633 1.6022e-37 0.00186904 1.39823e-36 0 0 2.11076e-05 6.8875e-39 -0.000249679 1.26798e-41 
30.2 0.221264 9.63767e-38 -0.0116311 1.6116e-37 0.00190309 1.3982e-36 0 0 1.6186e-05 6.88496e-39 -0.00024937 1.28295e-41 
30.3 0.221264 9.63767e-38 -0.0116291 1.61721e-37 0.0019228 1.39818e-36 0 0 2.25708e-05 6.78828e-39 -0.000237604 1.27933e-41 
30.4 0.221264 9.63767e-38 -0.0116262 1.62705e-37 0.00195516 1.39815e-36 0 0 3.5386e-05 6.61432e-39 -0.00021643 1.25924e-41 
30.5 0.221264 9.63767e-38 -0.0116216 1.63177e-37 0.00196893 1.39814e-36 0 0 5.4337e-05 6.39292e-39 -0.000189482 1.22773e-41 
30.6 0.221264 9.63767e-38 -0.011615 1.63558e-37 0.00197905 1.39813e-36 0 0 7.63977e-05 6.14997e-39 -0.000159912 1.18958e-41 
30.7 0.221264 9.63767e-38 -0.0116063 1.64146e-37 0.00199315 1.39812e-36 0 0 9.78924e-05 5.90853e-39 -0.000130525 1.14937e-41 
30.8 0.221264 9.63767e-38 -0.0115959 1.64988e-37 0.00200939 1.3981e-36 0 0 0.000111651 5.68607e-39 -0.000103448 1.11091e-41 
30.9 0.221264 9.63767e-38 -0.0115845 1.65525e-37 0.00201715 1.39809e-36 0 0 0.00011946 5.49053e-39 -7.96476e-05 1.0762e-41 
31 0.221264 9.63767e-38 -0.0115727 1.66046e-37 0.00202303 1.39809e-36 0 0 0.000119618 5.31998e-39 -5.88881e-05 1.04513e-41 
31.1 0.221264 9.63767e-38 -0.0115611 1.66499e-37 0.0020271 1.39808e-36 0 0 0.000113738 5.17106e-39 -4.07629e-05 1.01732e-41 
31.2 0.221264 9.63767e-38 -0.0115506 1.66873e-37 0.00202886 1.39808e-36 0 0 0.000102871 5.0379e-39 -2.45545e-05 9.91555e-42 
31.3 0.221264 9.63767e-38 -0.0115412 1.67362e-37 0.00203003 1.39808e-36 0 0 9.13447e-05 4.90455e-39 -8.3236e-06 9.65013e-42 
31.4 0.221264 9.63767e-38 -0.0115328 1.67978e-37 0.00202954 1.39808e-36 0 0 8.01297e-05 4.7627e-39 8.9419e-06 9.36097e-42 
31.5 0.221264 9.63767e-38 -0.0115255 1.68373e-37 0.00202727 1.39808e-36 0 0 7.08062e-05 4.61025e-39 2.74984e-05 9.04317e-42 
31.6 0.221264 9.63767e-38 -0.0115189 1.68755e-37 0.00202342 1.39808e-36 0 0 6.29492e-05 4.44689e-39 4.73829e-05 8.69767e-42 
31.7 0.221264 9.63767e-38 -0.011513 1.69837e-37 0.00200418 1.39809e-36 0 0 5.53488e-05 4.27519e-39 6.82813e-05 8.32978e-42 
31.8 0.221264 9.63767e-38 -0.0115077 1.69837e-37 0.00200418 1.39809e-36 0 0 4.85161e-05 4.10571e-39 8.891e-05 7.96186e-42 
31.9 0.221264 9.63767e-38 -0.0115032 1.70154e-37 0.00199542 1.3981e-36 0 0 4.19942e-05 3.93943e-39 0.00010915 7.59613e-42 
32 0.221264 9.63767e-38 -0.0114994 1.7046e-37 0.00198536 1.3981e-36 0 0 3.46081e-05 3.78229e-39 0.000128276 7.24736e-42 
32.1 0.221264 9.63767e-38 -0.0114963 1.70757e-37 0.00197422 1.39811e-36 0 0 2.58797e-05 3.64407e-39 0.0001451 6.9348e-42 
32.2 0.221264 9.63767e-38 -0.0114943 1.71328e-37 0.00194918 1.39813e-36 0 0 1.51926e-05 3.53197e-39 0.000158743 6.67183e-42 
32.3 0.221264 9.63767e-38 -0.0114934 1.71606e-37 0.00193569 1.39814e-36 0 0 2.94449e-06 3.45179e-39 0.000168503 6.47064e-42 
32.4 0.221264 9.63767e-38 -0.0114939 1.71881e-37 0.00192183 1.39815e-36 0 0 -1.08328e-05 3.4059e-39 0.000174087 6.33753e-42 
32.5 0.221264 9.63767e-38 -0.0114957 1.72255e-37 0.00190303 1.39816e-36 0 0 -2.52663e-05 3.39465e-39 0.000175457 6.27029e-42 
32.6 0.221264 9.63767e-38 -0.011499 1.72626e-37 0.00188382 1.39818e-36 0 0 -3.99282e-05 3.4159e-39 0.000172871 6.26361e-42 
32.7 0.221264 9.63767e-38 -0.0115037 1.72971e-37 0.0018679 1.39819e-36 0 0 -5.42774e-05 3.46654e-39 0.000166707 6.31235e-42 
32.8 0.221264 9.63767e-38 -0.0115098 1.73317e-37 0.00185204 1.3982e-36 0 0 -6.7972e-05 3.54114e-39 0.000157627 6.40603e-42 
32.9 0.221264 9.63767e-38 -0.0115172 1.73762e-37 0.0018347 1.39821e-36 0 0 -8.05403e-05 3.63485e-39 0.000146222 6.53559e-42 
33 0.221264 9.63767e-38 -0.0115257 1.74219e-37 0.00181875 1.39823e-36 0 0 -9.15468e-05 3.74553e-39 0.000132752 6.69714e-42 
33.1 0.221264 9.63767e-38 -0.0115353 1.74697e-37 0.00180531 1.39823e-36 0 0 -0.000101009 3.86885e-39 0.000117743 6.88286e-42 
33.2 0.221264 9.63767e-38 -0.0115457 1.74697e-37 0.00180531 1.39823e-36 0 0 -0.000108833 4.00219e-39 0.000101514 7.08894e-42 
33.3 0.221264 9.63767e-38 -0.0115569 1.75195e-37 0.00179441 1.39824e-36 0 0 -0.000115113 4.14282e-39 8.43991e-05 7.31099e-42 
33.4 0.221264 9.63767e-38 -0.0115685 1.75714e-37 0.00178607 1.39825e-36 0 0 -0.00011995 4.28934e-39 6.65656e-05 7.54728e-42 
33.5 0.221264 9.63767e-38 -0.0115807 1.76072e-37 0.00178212 1.39825e-36 0 0 -0.000123431 4.44025e-39 4.81994e-05 7.79588e-42 
33.6 0.221264 9.63767e-38 -0.0115931 1.76438e-37 0.00177921 1.39825e-36 0 0 -0.000125453 4.59509e-39 2.9355e-05 8.05701e-42 
33.7 0.221264 9.63767e-38 -0.0116056 1.77599e-37 0.00177806 1.39825e-36 0 0 -0.000125817 4.75195e-39 1.02644e-05 8.32825e-42 
33.8 0.221264 9.63767e-38 -0.011618 1.77599e-37 0.00177806 1.39825e-36 0 0 -0.000124552 4.90891e-39 -8.83896e-06 8.60757e-42 
33.9 0.221264 9.63767e-38 -0.0116302 1.78424e-37 0.00178347 1.39824e-36 0 0 -0.000121627 5.06485e-39 -2.78182e-05 8.90026e-42 
34 0.221264 9.63767e-38 -0.0116421 1.78424e-37 0.00178347 1.39824e-36 0 0 -0.000116994 5.21821e-39 -4.64839e-05 9.21323e-42 
34.1 0.221264 9.63767e-38 -0.0116533 1.79288e-37 0.00179365 1.39823e-36 0 0 -0.000110807 5.36405e-39 -6.42338e-05 9.52479e-42 
34.2 0.221264 9.63767e-38 -0.0116639 1.80092e-37 0.00180607 1.39822e-36 0 0 -0.000103048 5.50186e-39 -8.10068e-05 9.83048e-42 
34.3 0.221264 9.63767e-38 -0.0116736 1.80092e-37 0.00180607 1.39822e-36 0 0 -9.36615e-05 5.62904e-39 -9.64858e-05 1.01107e-41 
34.4 0.221264 9.63767e-38 -0.0116823 1.80926e-37 0.00182214 1.3982e-36 0 0 -8.28612e-05 5.74144e-39 -0.000110166 1.03683e-41 
34.5 0.221264 9.63767e-38 -0.0116899 1.81686e-37 0.00183778 1.39819e-36 0 0 -7.07028e-05 5.83706e-39 -0.000121804 1.06012e-41 
34.6 0.221264 9.63767e-38 -0.0116963 1.82466e-37 0.0018558 1.39817e-36 0 0 -5.72419e-05 5.91332e-39 -0.000131085 1.08061e-41 
34.7 0.221264 9.63767e-38 -0.0117012 1.82466e-37 0.0018558 1.39817e-36 0 0 -4.27612e-05 5.96927e-39 -0.000137895 1.09793e-41 
34.8 0.221264 9.63767e-38 -0.0117047 1.83249e-37 0.00187408 1.39816e-36 0 0 -2.73888e-05 6.00459e-39 -0.000142194 1.11181e-41 
34.9 0.221264 9.63767e-38 -0.0117066 1.84034e-37 0.00189275 1.39814e-36 0 0 -1.14928e-05 6.01721e-39 -0.000143729 1.12164e-41 
35 0.221264 9.63767e-38 -0.0117069 1.84815e-37 0.00191083 1.39812e-36 0 0 4.43906e-06 6.00475e-39 -0.000142213 1.12678e-41 
35.1 0.221264 9.63767e-38 -0.0117056 1.84815e-37 0.00191083 1.39812e-36 0 0 2.11494e-05 5.97844e-39 -0.000139011 1.12909e-41 
35.2 0.221264 9.63767e-38 -0.0117027 1.8559e-37 0.00192827 1.39811e-36 0 0 3.76223e-05 5.93361e-39 -0.000133554 1.12754e-41 
35.3 0.221264 9.63767e-38 -0.0116982 1.86354e-37 0.00194438 1.39809e-36 0 0 5.32299e-05 5.86581e-39 -0.000125302 1.12108e-41 
35.4 0.221264 9.63767e-38 -0.0116921 1.87024e-37 0.00195669 1.39808e-36 0 0 6.7705e-05 5.77471e-39 -0.000114214 1.10943e-41 
35.5 0.221264 9.63767e-38 -0.0116846 1.87688e-37 0.0019683 1.39807e-36 0 0 8.2751e-05 5.6886e-39 -0.000103733 1.09808e-41 
35.6 0.221264 9.63767e-38 -0.0116757 1.87688e-37 0.0019683 1.39807e-36 0 0 9.68242e-05 5.59223e-39 -9.20036e-05 1.08398e-41 
35.7 0.221264 9.63767e-38 -0.0116657 1.88233e-37 0.00197674 1.39806e-36 0 0 0.000104683 5.43966e-39 -7.34328e-05 1.05776e-41 
35.8 0.221264 9.63767e-38 -0.0116552 1.8875e-37 0.0019817 1.39806e-36 0 0 0.000107438 5.24567e-39 -4.98205e-05 1.02215e-41 
35.9 0.221264 9.63767e-38 -0.0116437 1.89371e-37 0.00198667 1.39805e-36 0 0 0.000120344 5.13165e-39 -3.59434e-05 1.00151e-41 
36 0.221264 9.63767e-38 -0.0116311 1.8981e-37 0.00198878 1.39805e-36 0 0 0.000129925 5.00877e-39 -2.09865e-05 9.78361e-42 
36.1 0.221264 9.63767e-38 -0.0116176 1.90242e-37 0.00199002 1.39805e-36 0 0 0.000139036 4.90673e-39 -8.56611e-06 9.58692e-42 
36.2 0.221264 9.63767e-38 -0.0116035 1.90731e-37 0.00199015 1.39804e-36 0 0 0.000142846 4.78845e-39 5.83035e-06 9.35199e-42 
36.3 0.221264 9.63767e-38 -0.0115893 1.91335e-37 0.00198811 1.39804e-36 0 0 0.000142622 4.66959e-39 2.02983e-05 9.11022e-42 
36.4 0.221264 9.63767e-38 -0.0115752 1.91697e-37 0.00198568 1.39804e-36 0 0 0.000139279 4.54836e-39 3.50534e-05 8.8585e-42 
36.5 0.221264 9.63767e-38 -0.0115615 1.9212e-37 0.00198152 1.39805e-36 0 0 0.000132701 4.42317e-39 5.02919e-05 8.59398e-42 
36.6 0.221264 9.63767e-38 -0.0115487 1.92578e-37 0.00197528 1.39805e-36 0 0 0.000124261 4.30008e-39 6.52739e-05 8.32898e-42 
36.7 0.221264 9.63767e-38 -0.0115371 1.93096e-37 0.00196584 1.39806e-36 0 0 0.000113873 4.18475e-39 7.93112e-05 8.07539e-42 
36.8 0.221264 9.63767e-38 -0.0115265 1.93498e-37 0.00195667 1.39806e-36 0 0 0.000102467 4.08237e-39 9.17726e-05 7.84603e-42 
36.9 0.221264 9.63767e-38 -0.0115172 1.93851e-37 0.00194752 1.39807e-36 0 0 8.98469e-05 3.9956e-39 0.000102335 7.64448e-42 
37 0.221264 9.63767e-38 -0.0115095 1.94198e-37 0.00193748 1.39808e-36 0 0 7.54758e-05 3.93017e-39 0.000110298 7.48205e-42 
37.1 0.221264 9.63767e-38 -0.0115034 1.94782e-37 0.00192017 1.39809e-36 0 0 5.95926e-05 3.88557e-39 0.000115727 7.35931e-42 
37.2 0.221264 9.63767e-38 -0.011499 1.95071e-37 0.00191108 1.39809e-36 0 0 4.22191e-05 3.85862e-39 0.000119007 7.27016e-42 
37.3 0.221264 9.63767e-38 -0.0114961 1.95649e-37 0.00189301 1.39811e-36 0 0 2.384e-05 3.84818e-39 0.000120278 7.21244e-42 
37.4 0.221264 9.63767e-38 -0.0114947 1.95953e-37 0.00188371 1.39811e-36 0 0 4.82669e-06 3.85564e-39 0.00011937 7.18882e-42 
37.5 0.221264 9.63767e-38 -0.0114953 1.96257e-37 0.00187447 1.39812e-36 0 0 -1.51279e-05 3.87857e-39 0.000116579 7.19486e-42 
37.6 0.221264 9.63767e-38 -0.0114978 1.96878e-37 0.00185745 1.39813e-36 0 0 -3.48985e-05 3.91897e-39 0.000111662 7.23462e-42 
37.7 0.221264 9.63767e-38 -0.0115023 1.96878e-37 0.00185745 1.39813e-36 0 0 -5.47657e-05 3.97382e-39 0.000104985 7.30169e-42 
37.8 0.221264 9.63767e-38 -0.0115087 1.97509e-37 0.00184176 1.39814e-36 0 0 -7.38441e-05 4.04294e-39 9.65731e-05 7.39804e-42 
37.9 0.221264 9.63767e-38 -0.0115169 1.98164e-37 0.00182884 1.39815e-36 0 0 -9.20611e-05 4.12503e-39 8.65819e-05 7.52144e-42 
38 0.221264 9.63767e-38 -0.0115269 1.98164e-37 0.00182884 1.39815e-36 0 0 -0.000108887 4.21728e-39 7.53537e-05 7.66798e-42 
38.1 0.221264 9.63767e-38 -0.0115384 1.98844e-37 0.00181905 1.39816e-36 0 0 -0.000123999 4.31735e-39 6.31732e-05 7.82928e-42 
38.2 0.221264 9.63767e-38 -0.0115514 1.9955e-37 0.00181247 1.39816e-36 0 0 -0.000137285 4.42457e-39 5.01235e-05 8.00398e-42 
38.3 0.221264 9.63767e-38 -0.0115655 1.9955e-37 0.00181247 1.39816e-36 0 0 -0.000148483 4.53737e-39 3.63948e-05 8.19007e-42 
38.4 0.221264 9.63767e-38 -0.0115806 2.00285e-37 0.00180934 1.39816e-36 0 0 -0.0001574 4.65388e-39 2.22158e-05 8.38749e-42 
38.5 0.221264 9.63767e-38 -0.0115966 2.01049e-37 0.00180974 1.39816e-36 0 0 -0.000163895 4.77266e-39 7.75827e-06 8.59538e-42 
38.6 0.221264 9.63767e-38 -0.011613 2.01049e-37 0.00180974 1.39816e-36 0 0 -0.000167929 4.89143e-39 -6.69669e-06 8.80971e-42 
38.7 0.221264 9.63767e-38 -0.0116296 2.01841e-37 0.00181364 1.39815e-36 0 0 -0.000169404 5.00893e-39 -2.09975e-05 9.02817e-42 
38.8 0.221264 9.63767e-38 -0.0116464 2.01841e-37 0.00181364 1.39815e-36 0 0 -0.000168183 5.12305e-39 -3.48868e-05 9.24713e-42 
38.9 0.221264 9.63767e-38 -0.0116627 2.02661e-37 0.00182084 1.39814e-36 0 0 -0.000164288 5.23155e-39 -4.80927e-05 9.46277e-42 
39 0.221264 9.63767e-38 -0.0116787 2.03505e-37 0.00183104 1.39813e-36 0 0 -0.00015781 5.3332e-39 -6.0464e-05 9.67262e-42 
39.1 0.221264 9.63767e-38 -0.0116938 2.03505e-37 0.00183104 1.39813e-36 0 0 -0.000148929 5.4241e-39 -7.15275e-05 9.86933e-42 
39.2 0.221264 9.63767e-38 -0.0117079 2.04369e-37 0.00184365 1.39812e-36 0 0 -0.000137377 5.50649e-39 -8.15556e-05 1.00565e-41 
39.3 0.221264 9.63767e-38 -0.0117208 2.05158e-37 0.00185633 1.39811e-36 0 0 -0.000123311 5.57897e-39 -9.03774e-05 1.02312e-41 
39.4 0.221264 9.63767e-38 -0.0117322 2.05158e-37 0.00185633 1.39811e-36 0 0 -0.000107479 5.63534e-39 -9.72376e-05 1.03809e-41 
39.5 0.221264 9.63767e-38 -0.011742 2.05958e-37 0.00187046 1.3981e-36 0 0 -8.99595e-05 5.67402e-39 -0.000101945 1.05012e-41 
39.6 0.221264 9.63767e-38 -0.0117499 2.06765e-37 0.00188534 1.39808e-36 0 0 -7.05523e-05 5.69985e-39 -0.00010509 1.06005e-41 
39.7 0.221264 9.63767e-38 -0.0117558 2.07144e-37 0.00189243 1.39808e-36 0 0 -4.88234e-05 5.72295e-39 -0.000107901 1.06969e-41 
39.8 0.221264 9.63767e-38 -0.0117596 2.07523e-37 0.0018996 1.39807e-36 0 0 -2.7209e-05 5.71697e-39 -0.000107173 1.07392e-41 
39.9 0.221264 9.63767e-38 -0.011761 2.08281e-37 0.00191389 1.39805e-36 0 0 -2.31817e-06 5.72604e-39 -0.000108277 1.08105e-41 
40 0.221264 9.63767e-38 -0.0117602 2.08619e-37 0.00191997 1.39805e-36 0 0 2.00887e-05 5.695e-39 -0.000104499 1.08038e-41 
40.1 0.221264 9.63767e-38 -0.0117571 2.09226e-37 0.0019307 1.39804e-36 0 0 4.16375e-05 5.64872e-39 -9.88656e-05 1.07653e-41 
40.2 0.221264 9.63767e-38 -0.0117513 2.09834e-37 0.00194154 1.39803e-36 0 0 7.25979e-05 5.6944e-39 -0.000104426 1.09045e-41 
40.3 0.221264 9.63767e-38 -0.0117434 2.10379e-37 0.00195098 1.39802e-36 0 0 9.24696e-05 5.64017e-39 -9.78254e-05 1.08473e-41 
40.4 0.221264 9.63767e-38 -0.0117334 2.10843e-37 0.00195845 1.39801e-36 0 0 0.000109608 5.56513e-39 -8.86917e-05 1.07461e-41 
40.5 0.221264 9.63767e-38 -0.0117221 2.11509e-37 0.00196737 1.398e-36 0 0 0.000118434 5.40747e-39 -6.95024e-05 1.04743e-41 
40.6 0.221264 9.63767e-38 -0.0117095 2.11945e-37 0.00197233 1.398e-36 0 0 0.000133481 5.30663e-39 -5.72282e-05 1.03058e-41 
40.7 0.221264 9.63767e-38 -0.011696 2.1256e-37 0.00197592 1.39799e-36 0 0 0.000134488 5.06561e-39 -2.78915e-05 9.84811e-42 
40.8 0.221264 9.63767e-38 -0.0116823 2.13018e-37 0.00197555 1.39799e-36 0 0 0.00013825 4.82966e-39 8.27873e-07 9.38457e-42 
40.9 0.221264 9.63767e-38 -0.0116679 2.13512e-37 0.00197325 1.39799e-36 0 0 0.000145929 4.64023e-39 2.38853e-05 9.00321e-42 
41 0.221264 9.63767e-38 -0.0116527 2.13986e-37 0.00196838 1.39799e-36 0 0 0.000154677 4.49826e-39 4.11658e-05 8.70953e-42 
41.1 0.221264 9.63767e-38 -0.0116368 2.1422e-37 0.00196563 1.398e-36 0 0 0.000163334 4.40678e-39 5.23005e-05 8.51168e-42 
41.2 0.221264 9.63767e-38 -0.0116201 2.14742e-37 0.00195893 1.398e-36 0 0 0.000167204 4.36524e-39 5.73573e-05 8.40962e-42 
41.3 0.221264 9.63767e-38 -0.0116035 2.15364e-37 0.00195034 1.398e-36 0 0 0.000165941 4.34751e-39 5.95152e-05 8.35397e-42 
41.4 0.221264 9.63767e-38 -0.0115873 2.15779e-37 0.00194454 1.39801e-36 0 0 0.000159335 4.33726e-39 6.07625e-05 8.31216e-42 
41.5 0.221264 9.63767e-38 -0.011572 2.16192e-37 0.00193864 1.39801e-36 0 0 0.000147148 4.32903e-39 6.17647e-05 8.27393e-42 
41.6 0.221264 9.63767e-38 -0.0115583 2.16604e-37 0.00193259 1.39802e-36 0 0 0.000130414 4.3135e-39 6.36552e-05 8.22106e-42 
41.7 0.221264 9.63767e-38 -0.0115462 2.17004e-37 0.00192626 1.39802e-36 0 0 0.000110655 4.2862e-39 6.69772e-05 8.14483e-42 
41.8 0.221264 9.63767e-38 -0.0115362 2.17401e-37 0.00191955 1.39802e-36 0 0 8.97716e-05 4.24722e-39 7.17226e-05 8.04509e-42 
41.9 0.221264 9.63767e-38 -0.0115283 2.17794e-37 0.00191242 1.39803e-36 0 0 6.94871e-05 4.20002e-39 7.74672e-05 7.92844e-42 
42 0.221264 9.63767e-38 -0.0115223 2.18182e-37 0.00190469 1.39803e-36 0 0 4.97211e-05 4.1509e-39 8.34452e-05 7.80706e-42 
42.1 0.221264 9.63767e-38 -0.0115183 2.18566e-37 0.00189648 1.39804e-36 0 0 3.05401e-05 4.10789e-39 8.86804e-05 7.69605e-42 
42.2 0.221264 9.63767e-38 -0.0115162 2.18948e-37 0.00188795 1.39804e-36 0 0 1.21182e-05 4.07892e-39 9.22064e-05 7.61097e-42 
42.3 0.221264 9.63767e-38 -0.0115159 2.19328e-37 0.00187923 1.39805e-36 0 0 -6.55488e-06 4.06935e-39 9.33713e-05 7.56227e-42 
42.4 0.221264 9.63767e-38 -0.0115176 2.20096e-37 0.00186276 1.39806e-36 0 0 -2.57203e-05 4.08283e-39 9.17309e-05 7.55691e-42 
42.5 0.221264 9.63767e-38 -0.0115211 2.20871e-37 0.00184702 1.39807e-36 0 0 -4.52649e-05 4.11944e-39 8.72754e-05 7.59506e-42 
42.6 0.221264 9.63767e-38 -0.0115267 2.20871e-37 0.00184702 1.39807e-36 0 0 -6.5038e-05 4.17605e-39 8.03843e-05 7.6713e-42 
42.7 0.221264 9.63767e-38 -0.0115342 2.21577e-37 0.00183799 1.39808e-36 0 0 -8.48924e-05 4.2526e-39 7.10684e-05 7.78572e-42 
42.8 0.221264 9.63767e-38 -0.0115436 2.21577e-37 0.00183799 1.39808e-36 0 0 -0.000103765 4.3433e-39 6.00279e-05 7.92959e-42 
42.9 0.221264 9.63767e-38 -0.0115548 2.22294e-37 0.00183026 1.39808e-36 0 0 -0.000121455 4.44617e-39 4.75082e-05 8.09902e-42 
43 0.221264 9.63767e-38 -0.0115676 2.22294e-37 0.00183026 1.39808e-36 0 0 -0.000137463 4.55766e-39 3.39378e-05 8.28793e-42 
43.1 0.221264 9.63767e-38 -0.0115817 2.23048e-37 0.00182695 1.39808e-36 0 0 -0.00014987 4.6685e-39 2.04474e-05 8.48059e-42 
43.2 0.221264 9.63767e-38 -0.011597 2.23742e-37 0.0018269 1.39808e-36 0 0 -0.0001591 4.77896e-39 7.00292e-06 8.67735e-42 
43.3 0.221264 9.63767e-38 -0.0116131 2.23742e-37 0.0018269 1.39808e-36 0 0 -0.000165101 4.88406e-39 -5.78903e-06 8.8694e-42 
43.4 0.221264 9.63767e-38 -0.0116295 2.24456e-37 0.00182927 1.39808e-36 0 0 -0.000167708 4.98312e-39 -1.78457e-05 9.05561e-42 
43.5 0.221264 9.63767e-38 -0.011646 2.25188e-37 0.00183376 1.39807e-36 0 0 -0.000166953 5.07528e-39 -2.90621e-05 9.23433e-42 
43.6 0.221264 9.63767e-38 -0.0116623 2.25672e-37 0.00183791 1.39807e-36 0 0 -0.000162724 5.15861e-39 -3.92051e-05 9.40231e-42 
43.7 0.221264 9.63767e-38 -0.0116778 2.26115e-37 0.00184238 1.39806e-36 0 0 -0.000154457 5.23074e-39 -4.7984e-05 9.55653e-42 
43.8 0.221264 9.63767e-38 -0.0116923 2.26557e-37 0.00184689 1.39806e-36 0 0 -0.000143607 5.2954e-39 -5.58538e-05 9.70124e-42 
43.9 0.221264 9.63767e-38 -0.0117055 2.27009e-37 0.0018525 1.39805e-36 0 0 -0.000130368 5.35215e-39 -6.27607e-05 9.83515e-42 
44 0.221264 9.63767e-38 -0.0117173 2.27462e-37 0.00185836 1.39805e-36 0 0 -0.000116556 5.40109e-39 -6.87182e-05 9.95794e-42 
44.1 0.221264 9.63767e-38 -0.0117276 2.2792e-37 0.00186466 1.39804e-36 0 0 -0.000101128 5.44195e-39 -7.36914e-05 1.00686e-41 
44.2 0.221264 9.63767e-38 -0.0117363 2.28611e-37 0.00187476 1.39803e-36 0 0 -8.44207e-05 5.47489e-39 -7.77007e-05 1.01671e-41 
44.3 0.221264 9.63767e-38 -0.0117432 2.29303e-37 0.00188497 1.39802e-36 0 0 -6.64447e-05 5.49866e-39 -8.05929e-05 1.02503e-41 
44.4 0.221264 9.63767e-38 -0.0117475 2.30226e-37 0.00189852 1.398e-36 0 0 -4.79101e-05 5.50611e-39 -8.15006e-05 1.03034e-41 
44.5 0.221264 9.63767e-38 -0.0117499 2.30226e-37 0.00189852 1.398e-36 0 0 -2.90962e-05 5.50025e-39 -8.07875e-05 1.03309e-41 
44.6 0.221264 9.63767e-38 -0.0117501 2.31147e-37 0.00191201 1.39799e-36 0 0 -1.07369e-05 5.48245e-39 -7.86243e-05 1.03896e-41 
44.7 0.221264 9.63767e-38 -0.0117493 2.32057e-37 0.00192403 1.39798e-36 0 0 7.36248e-06 5.45929e-39 -7.58105e-05 1.04527e-41 
44.8 0.221264 9.63767e-38 -0.0117458 2.32057e-37 0.00192403 1.39798e-36 0 0 2.40604e-05 5.41877e-39 -7.088e-05 1.04327e-41 
44.9 0.221264 9.63767e-38 -0.011742 2.3279e-37 0.00193125 1.39797e-36 0 0 4.02029e-05 5.37474e-39 -6.55219e-05 1.04001e-41 
45 0.221264 9.63767e-38 -0.0117369 2.3279e-37 0.00193125 1.39797e-36 0 0 5.45394e-05 5.31929e-39 -5.87736e-05 1.03262e-41 
