0 1.9482 -7.42933e-13 5306.74 0 0 0 18.0189 0 0 2.14491e-07 -7.49281e-21 2.44335e-06 1.28712e-13 -30.1757 3.87967e-13 4.8121 2.44116 2.07912e-12 5308.66 2.44116 2.19192e-12 5308.66 
0.1 1.3136 2.02502e-06 5467.21 0 0 0 18.0189 0 0 2.19219e-07 -1.04811e-14 2.38365e-06 3.03776e-07 -14.6113 3.48739e-06 4.8321 2.14034 1.53113e-06 5469.25 2.14034 1.53113e-06 5469.25 
0.2 4.95341 2.37652e-06 5494.55 0 0 0 18.0189 0 0 2.25155e-07 -2.19029e-15 2.30369e-06 -8.95693e-07 -1.72228 5.99241e-06 4.87077 6.1073 2.43535e-06 5497.28 6.1073 2.43535e-06 5497.28 
0.3 8.20526 9.99094e-07 5537.02 0 0 0 18.0189 0 0 2.30007e-07 -2.55679e-16 2.24506e-06 -2.90682e-07 10.2388 2.36195e-06 4.90556 9.57128 9.8718e-07 5540.34 9.57128 9.8718e-07 5540.34 
0.4 10.6202 2.43274e-08 5561.58 0 0 0 18.0189 0 0 2.3102e-07 1.30799e-17 2.22082e-06 -2.00772e-08 20.1348 1.58668e-07 4.92299 11.9169 3.74328e-08 5564.77 11.9169 3.74328e-08 5564.77 
0.5 12.7289 -5.17494e-07 5590.04 0 0 0 18.0189 0 0 2.33763e-07 1.03201e-16 2.19244e-06 1.61919e-07 21.6655 -1.25595e-06 4.93399 13.7861 -5.32071e-07 5592.68 13.7861 -5.32071e-07 5592.68 
0.6 13.6062 -3.71114e-07 5587.53 0 0 0 18.0189 0 0 2.33854e-07 6.16849e-17 2.1455e-06 1.33917e-07 17.5983 -9.47729e-07 4.92879 14.3267 -3.91118e-07 5589.65 14.3267 -3.91118e-07 5589.65 
0.7 13.6376 -6.52088e-07 5574.12 0 0 0 18.0189 0 0 2.34588e-07 6.1815e-17 2.20945e-06 1.89358e-07 6.25882 -1.52774e-06 4.91445 13.9987 -6.67986e-07 5576.04 13.9987 -6.67986e-07 5576.04 
0.8 13.273 -8.25441e-07 5551.51 0 0 0 18.0189 0 0 2.34353e-07 5.45131e-17 2.25123e-06 2.46457e-07 -8.74499 -1.9093e-06 4.89697 13.3731 -8.41833e-07 5553.64 13.3731 -8.41833e-07 5553.64 
0.9 12.4708 -4.14192e-07 5528.86 0 0 0 18.0189 0 0 2.33468e-07 1.06243e-17 2.23411e-06 1.47611e-07 -22.6987 -9.21073e-07 4.88342 12.4635 -4.20726e-07 5531.5 12.4635 -4.20726e-07 5531.5 
1 11.5793 -1.45103e-07 5516 0 0 0 18.0189 0 0 2.34005e-07 -9.11413e-18 2.24982e-06 5.07061e-08 -32.7103 -2.26993e-07 4.87581 11.6096 -1.45517e-07 5519.25 11.6096 -1.45517e-07 5519.25 
1.1 10.928 0.0160104 5504.56 0 0 0 18.0189 0 0 2.35931e-07 -4.4055e-17 2.2518e-06 -0.0071354 -47.2341 0.0513401 4.87304 11.43 0.0183033 5508.55 11.43 0.0183033 5508.55 
1.2 10.5859 -0.00274209 5503.54 0 0 0 18.0189 0 0 2.35859e-07 7.5763e-13 2.2412e-06 0.00220964 -36.3065 -0.00796995 4.87874 11.2991 -0.00344966 5507.76 11.2991 -0.00344966 5507.76 
1.3 9.38429 0.00115321 5510.12 0 0 0 18.0189 0 0 2.38296e-07 4.36902e-13 2.22604e-06 8.01874e-05 -27.2723 0.00427622 4.8877 10.2846 0.0010445 5514.98 10.2846 0.0010445 5514.98 
1.4 8.32484 -0.005697 5520.16 0 0 0 18.0189 0 0 2.35281e-07 4.67782e-12 2.19939e-06 0.00258551 -15.5758 -0.0152483 4.8972 9.36606 -0.00636593 5525.54 9.36606 -0.00636593 5525.54 
1.5 7.12294 -0.00385439 5530.38 0 0 0 18.0189 0 0 2.34147e-07 6.0649e-12 2.21837e-06 0.00176802 -0.0171544 -0.0101822 4.90397 8.19026 -0.00426321 5535.92 8.19026 -0.00426321 5535.92 
1.6 6.12641 -0.00702339 5539.86 0 0 0 18.0189 0 0 2.3354e-07 7.52888e-12 2.21182e-06 0.00280842 18.26 -0.017981 4.91261 7.14995 -0.0074912 5545.22 7.14995 -0.0074912 5545.22 
1.7 4.7633 -0.00938471 5544.81 0 0 0 18.0189 0 0 2.31689e-07 7.08665e-12 2.24606e-06 0.00358981 31.558 -0.023245 4.91532 5.68665 -0.00987751 5549.72 5.68665 -0.00987751 5549.72 
1.8 3.35065 -0.00972993 5544.25 0 0 0 18.0189 0 0 2.30641e-07 6.87213e-12 2.23875e-06 0.00363504 37.4809 -0.0236224 4.91024 4.15247 -0.010199 5548.5 4.15247 -0.010199 5548.5 
1.9 2.13186 -0.00926662 5540.41 0 0 0 18.0189 0 0 2.30024e-07 7.12181e-12 2.25886e-06 0.00332174 38.4236 -0.0221252 4.90164 2.83824 -0.00966813 5543.93 2.83824 -0.00966813 5543.93 
2 0.835767 0.0358415 5534.94 0 0 0 18.0189 0 0 2.30584e-07 2.30123e-11 2.26849e-06 -0.0217149 32.2601 0.145011 4.89403 1.5487 0.0500878 5537.7 1.5487 0.0500878 5537.7 
2.1 0.130402 -0.00811951 5531.49 0 0 0 18.0189 0 0 2.30901e-07 2.27356e-11 2.26805e-06 0.00385401 22.7511 -0.0268073 4.89347 0.839623 -0.00859557 5533.6 0.839623 -0.00859557 5533.6 
2.2 -0.3071 -0.00450248 5530.25 0 0 0 18.0189 0 0 2.30526e-07 2.21014e-11 2.25796e-06 0.0032752 11.1506 -0.028116 4.89614 0.405882 -0.00487858 5532 0.405882 -0.00487858 5532 
2.3 -0.291815 0.000828613 5527.71 0 0 0 18.0189 0 0 2.30544e-07 2.1779e-11 2.25059e-06 0.00260558 -0.401008 -0.029288 4.89456 0.441038 0.000495131 5529.32 0.441038 0.000495131 5529.32 
2.4 -0.0417632 0.00896806 5525.31 0 0 0 18.0189 0 0 2.30612e-07 2.16116e-11 2.25037e-06 0.00142394 -8.20646 -0.0287932 4.88908 0.732852 0.00871964 5526.97 0.732852 0.00871964 5526.97 
2.5 0.410603 0.0158237 5523.73 0 0 0 18.0189 0 0 2.30664e-07 2.21011e-11 2.2521e-06 0.000726073 -12.9698 -0.0327497 4.88501 1.24192 0.0157008 5525.56 1.24192 0.0157008 5525.56 
2.6 1.05002 0.0212042 5525.14 0 0 0 18.0189 0 0 2.30585e-07 2.25379e-11 2.25072e-06 0.000656297 -13.3962 -0.0345536 4.88641 1.93411 0.0209171 5527.17 1.93411 0.0209171 5527.17 
2.7 1.78366 0.0237643 5528.92 0 0 0 18.0189 0 0 2.30407e-07 2.16494e-11 2.24426e-06 0.000490024 -10.782 -0.0307327 4.89165 2.70194 0.0234853 5531.15 2.70194 0.0234853 5531.15 
2.8 2.35416 0.0110959 5533.06 0 0 0 18.0189 0 0 2.30301e-07 2.14912e-11 2.24289e-06 0.00244667 -8.24065 -0.03705 4.89583 3.27774 0.0108051 5535.48 3.27774 0.0108051 5535.48 
2.9 2.71622 -0.0180115 5535.35 0 0 0 18.0189 0 0 2.30285e-07 2.16464e-11 2.24199e-06 0.00546192 -5.01829 -0.0472619 4.89656 3.62018 -0.0184783 5537.92 3.62018 -0.0184783 5537.92 
3 2.78993 -0.0594324 5537.06 0 0 0 18.0189 0 0 2.29773e-07 1.90527e-11 2.24065e-06 -0.0214442 -0.534272 0.15026 4.89723 3.62327 0.0188721 5539.68 3.62327 0.0188721 5539.68 
3.1 3.10411 -0.0772066 5534.73 0 0 0 18.0189 0 0 2.29645e-07 2.06533e-11 2.24792e-06 0.0104525 3.22011 -0.0724439 4.89681 3.88686 -0.0776542 5537.43 3.88686 -0.0776542 5537.43 
3.2 3.44885 -0.0722658 5530.75 0 0 0 18.0189 0 0 2.28479e-07 2.19835e-11 2.27546e-06 0.0106904 9.25449 -0.0611292 4.89156 4.21824 -0.0728792 5533.32 4.21824 -0.0728792 5533.32 
3.3 3.92186 -0.0299817 5527.48 0 0 0 18.0189 0 0 2.27709e-07 2.17744e-11 2.30031e-06 0.00677179 13.9516 -0.0210942 4.88593 4.7063 -0.0305533 5529.77 4.7063 -0.0305533 5529.77 
3.4 4.31744 0.00426471 5525.97 0 0 0 18.0189 0 0 2.28235e-07 1.98407e-11 2.28581e-06 0.00258428 12.3626 0.00719229 4.88408 5.13622 0.00331276 5527.94 5.13622 0.00331276 5527.94 
3.5 4.66081 0.000245968 5527.1 0 0 0 18.0189 0 0 2.29557e-07 1.83492e-11 2.25726e-06 0.00281161 5.39433 -0.00605825 4.88822 5.51233 -0.000754314 5528.88 5.51233 -0.000754314 5528.88 
3.6 5.20714 -0.0119448 5528.82 0 0 0 18.0189 0 0 2.30795e-07 1.84486e-11 2.23258e-06 0.00404337 -0.590419 -0.0178352 4.89191 6.07938 -0.0127186 5530.57 6.07938 -0.0127186 5530.57 
3.7 6.043 -0.000840288 5530.53 0 0 0 18.0189 0 0 2.30893e-07 1.88009e-11 2.24133e-06 0.0033818 -4.46662 0.00598115 4.89104 6.92889 -0.00145684 5532.34 6.92889 -0.00145684 5532.34 
3.8 6.92747 0.0165515 5531.31 0 0 0 18.0189 0 0 2.30791e-07 1.88261e-11 2.2647e-06 0.00407139 -5.08706 0.0189846 4.88913 7.82452 0.0158441 5533.16 7.82452 0.0158441 5533.16 
3.9 7.58015 -0.0684734 5532.62 0 0 0 18.0189 0 0 2.31492e-07 1.76922e-11 2.23877e-06 0.0128827 -7.96298 -0.0664862 4.8903 8.47981 -0.0692583 5534.56 8.47981 -0.0692583 5534.56 
4 7.83597 -0.162463 5533.32 0 0 0 18.0189 0 0 2.3239e-07 1.28832e-11 2.2375e-06 0.00476535 -11.7788 -0.0563815 4.89353 8.71907 -0.154261 5535.49 8.71907 -0.154261 5535.49 
4.1 8.15787 -0.163636 5533.94 0 0 0 18.0189 0 0 2.33461e-07 1.26644e-11 2.21853e-06 0.0209775 -16.4741 -0.157774 4.89615 8.99814 -0.163546 5536.49 8.99814 -0.163546 5536.49 
4.2 8.44903 0.0746078 5532.11 0 0 0 18.0189 0 0 2.33524e-07 1.28236e-11 2.22167e-06 -0.0070015 -14.8203 0.136387 4.8947 9.26913 0.0751577 5535.03 9.26913 0.0751577 5535.03 
4.3 8.74075 0.177537 5529.55 0 0 0 18.0189 0 0 2.32932e-07 1.37179e-11 2.24423e-06 -0.0234276 -8.13937 0.294096 4.89144 9.55885 0.176595 5532.72 9.55885 0.176595 5532.72 
4.4 8.80187 0.0829395 5528.29 0 0 0 18.0189 0 0 2.32267e-07 1.43969e-11 2.2578e-06 -0.0119285 -1.55693 0.157344 4.89062 9.63323 0.0814326 5531.53 9.63323 0.0814326 5531.53 
4.5 8.55563 0.0133287 5528.95 0 0 0 18.0189 0 0 2.32659e-07 1.2732e-11 2.24559e-06 0.00415561 1.32214 0.0120034 4.89315 9.40142 0.0121329 5532.18 9.40142 0.0121329 5532.18 
4.6 8.18946 0.0332753 5530.21 0 0 0 18.0189 0 0 2.33128e-07 1.20597e-11 2.23376e-06 0.00587023 1.35067 0.0212581 4.89562 9.04085 0.0325866 5533.41 9.04085 0.0325866 5533.41 
4.7 7.88608 0.0390943 5531.26 0 0 0 18.0189 0 0 2.33234e-07 1.29774e-11 2.22485e-06 0.00173587 2.47357 0.0634415 4.89618 8.73407 0.0380585 5534.45 8.73407 0.0380585 5534.45 
4.8 7.53517 -0.000675269 5532.02 0 0 0 18.0189 0 0 2.32916e-07 1.22901e-11 2.24267e-06 0.00341763 3.05026 0.0296221 4.89638 8.37471 -0.00193997 5535.18 8.37471 -0.00193997 5535.18 
4.9 7.0433 -0.0556788 5532.73 0 0 0 18.0189 0 0 2.33466e-07 1.28816e-11 2.22549e-06 0.0143545 1.77615 -0.086009 4.89793 7.87063 -0.056758 5535.85 7.87063 -0.056758 5535.85 
5 6.52262 -0.0872696 5532.68 0 0 0 18.0189 0 0 2.33486e-07 1.42313e-11 2.23356e-06 0.0261965 -0.782017 -0.195768 4.89863 7.33372 -0.0880209 5535.81 7.33372 -0.0880209 5535.81 
5.1 6.01213 -0.0120195 5530.81 0 0 0 18.0189 0 0 2.33667e-07 1.31962e-11 2.23227e-06 0.00357261 -2.59861 -0.0459969 4.89713 6.85411 -0.00695187 5534 6.85411 -0.00695187 5534 
5.2 5.77043 0.020911 5530.43 0 0 0 18.0189 0 0 2.33132e-07 9.98363e-12 2.24369e-06 0.00701777 -0.577258 -0.0458052 4.89519 6.60596 0.0212901 5533.57 6.60596 0.0212901 5533.57 
5.3 5.25497 0.033229 5530.15 0 0 0 18.0189 0 0 2.33051e-07 1.01213e-11 2.24241e-06 -0.000967117 -0.799623 0.0055401 4.89561 6.0937 0.0336204 5533.29 6.0937 0.0336204 5533.29 
5.4 4.69736 -0.0194027 5530.37 0 0 0 18.0189 0 0 2.33253e-07 1.18912e-11 2.23034e-06 0.00295264 -1.07752 -0.0445731 4.89714 5.53845 -0.0193849 5533.53 5.53845 -0.0193849 5533.53 
5.5 4.21575 -0.0449269 5530.57 0 0 0 18.0189 0 0 2.33027e-07 1.2091e-11 2.22944e-06 0.00508806 -0.563664 -0.0655656 4.89724 5.05746 -0.0447689 5533.76 5.05746 -0.0447689 5533.76 
5.6 3.82487 -0.0158437 5530.51 0 0 0 18.0189 0 0 2.32341e-07 1.19405e-11 2.24043e-06 0.00110752 2.86307 -0.0188883 4.89648 4.66876 -0.0155453 5533.67 4.66876 -0.0155453 5533.67 
5.7 3.42667 0.00770363 5530.8 0 0 0 18.0189 0 0 2.31801e-07 1.31812e-11 2.25797e-06 -0.00127551 5.06527 0.0102831 4.89627 4.27248 0.0076986 5533.86 4.27248 0.0076986 5533.86 
5.8 3.04681 0.00149843 5531.08 0 0 0 18.0189 0 0 2.31535e-07 1.45983e-11 2.25449e-06 0.000854796 6.83043 -0.00577158 4.89652 3.89083 0.00113202 5534.02 3.89083 0.00113202 5534.02 
5.9 2.74857 -0.00880609 5531.52 0 0 0 18.0189 0 0 2.31329e-07 1.43874e-11 2.25435e-06 0.00311275 6.7996 -0.0226398 4.89642 3.58767 -0.00920163 5534.34 3.58767 -0.00920163 5534.34 
6 2.56433 -0.00915353 5531.48 0 0 0 18.0189 0 0 2.30996e-07 1.39523e-11 2.25602e-06 0.0031573 7.14272 -0.020907 4.89559 3.39829 -0.00943408 5534.17 3.39829 -0.00943408 5534.17 
6.1 2.39276 -0.0451846 5531.37 0 0 0 18.0189 0 0 2.30597e-07 1.68259e-11 2.26507e-06 -0.0224946 8.1852 0.1589 4.89453 3.2456 0.0547982 5533.71 3.2456 0.0547982 5533.71 
6.2 2.53376 -0.00538917 5531.36 0 0 0 18.0189 0 0 2.30241e-07 1.75587e-11 2.27062e-06 0.000951758 6.96717 -0.0121005 4.89324 3.3645 -0.00573234 5533.67 3.3645 -0.00573234 5533.67 
6.3 2.62316 -0.0118498 5531.21 0 0 0 18.0189 0 0 2.30198e-07 1.78599e-11 2.26852e-06 0.00275836 4.36473 -0.0256122 4.89258 3.45496 -0.0123118 5533.4 3.45496 -0.0123118 5533.4 
6.4 2.79986 -0.0193563 5531.27 0 0 0 18.0189 0 0 2.30232e-07 1.75091e-11 2.26557e-06 0.00475451 1.38398 -0.0405771 4.89215 3.63167 -0.0197742 5533.4 3.63167 -0.0197742 5533.4 
6.5 3.05997 -0.018337 5531.28 0 0 0 18.0189 0 0 2.30243e-07 1.67814e-11 2.26422e-06 0.00436904 -0.87892 -0.0355007 4.89164 3.8918 -0.0187125 5533.41 3.8918 -0.0187125 5533.41 
6.6 3.35862 -0.011762 5531.16 0 0 0 18.0189 0 0 2.30334e-07 1.58326e-11 2.25903e-06 0.00235305 -3.04159 -0.0181277 4.89137 4.19125 -0.0120311 5533.34 4.19125 -0.0120311 5533.34 
6.7 3.6703 -0.00890967 5530.92 0 0 0 18.0189 0 0 2.30308e-07 1.59992e-11 2.26693e-06 0.00154685 -4.79391 -0.0110996 4.89132 4.50405 -0.00914033 5533.18 4.50405 -0.00914033 5533.18 
6.8 3.98724 -0.00987909 5530.51 0 0 0 18.0189 0 0 2.3044e-07 1.69056e-11 2.25824e-06 0.00197955 -5.60478 -0.0138792 4.89121 4.82278 -0.0101797 5532.87 4.82278 -0.0101797 5532.87 
6.9 4.29063 -0.0110792 5530.49 0 0 0 18.0189 0 0 2.30499e-07 1.72147e-11 2.25245e-06 0.00261709 -4.57295 -0.0172767 4.89117 5.12941 -0.0114227 5532.95 5.12941 -0.0114227 5532.95 
7 4.56079 -0.0106428 5530.1 0 0 0 18.0189 0 0 2.3055e-07 1.68224e-11 2.25042e-06 0.00268327 -3.68779 -0.0166725 4.89139 5.40347 -0.0109802 5532.64 5.40347 -0.0109802 5532.64 
7.1 4.68196 0.035955 5530.34 0 0 0 18.0189 0 0 2.30347e-07 1.77166e-11 2.24879e-06 -0.020488 -0.913314 0.142096 4.89171 5.50789 0.0463614 5533.01 5.50789 0.0463614 5533.01 
7.2 4.97969 -0.00846272 5530.42 0 0 0 18.0189 0 0 2.30496e-07 1.77406e-11 2.24668e-06 0.00274357 -0.17887 -0.0115296 4.89216 5.79709 -0.00874526 5533.08 5.79709 -0.00874526 5533.08 
7.3 5.16566 -0.00823401 5530.43 0 0 0 18.0189 0 0 2.32204e-07 1.80789e-11 2.25676e-06 0.00274952 0.921365 -0.0110793 4.89225 5.98664 -0.00854395 5533.07 5.98664 -0.00854395 5533.07 
7.4 5.38305 -0.0090158 5530.44 0 0 0 18.0189 0 0 2.30739e-07 1.83232e-11 2.24519e-06 0.00303532 1.91762 -0.0127334 4.89248 6.2077 -0.00935101 5533.04 6.2077 -0.00935101 5533.04 
7.5 5.57776 -0.00997276 5530.57 0 0 0 18.0189 0 0 2.30927e-07 1.82775e-11 2.24463e-06 0.00330641 2.00243 -0.0146912 4.89277 6.40631 -0.0103038 5533.11 6.40631 -0.0103038 5533.11 
7.6 5.79245 -0.0104894 5530.79 0 0 0 18.0189 0 0 2.31176e-07 1.81653e-11 2.24335e-06 0.00344809 1.45952 -0.0156562 4.89306 6.6242 -0.0107997 5533.28 6.6242 -0.0107997 5533.28 
7.7 6.02082 -0.0102969 5530.78 0 0 0 18.0189 0 0 2.31368e-07 1.8117e-11 2.24296e-06 0.00341939 1.38053 -0.0152701 4.89319 6.85486 -0.0105937 5533.23 6.85486 -0.0105937 5533.23 
7.8 6.26518 -0.00995939 5531.1 0 0 0 18.0189 0 0 2.31648e-07 1.80754e-11 2.2429e-06 0.00337333 -0.30105 -0.0149125 4.89331 7.10104 -0.010245 5533.53 7.10104 -0.010245 5533.53 
7.9 6.50796 -0.00970995 5531.21 0 0 0 18.0189 0 0 2.31908e-07 1.80471e-11 2.24238e-06 0.003362 -1.50128 -0.0150758 4.89345 7.34524 -0.00999494 5533.64 7.34524 -0.00999494 5533.64 
8 6.73651 -0.0091614 5531.13 0 0 0 18.0189 0 0 2.32141e-07 1.7993e-11 2.24228e-06 0.00330142 -2.35484 -0.0149956 4.89358 7.57472 -0.0094374 5533.57 7.57472 -0.0094374 5533.57 
8.1 6.8355 0.0383418 5530.29 0 0 0 18.0189 0 0 2.32365e-07 1.82908e-11 2.24199e-06 -0.0210804 -2.93782 0.147689 4.89356 7.69463 0.0497471 5532.77 7.69463 0.0497471 5532.77 
8.2 7.10841 -0.00763624 5530.72 0 0 0 18.0189 0 0 2.32568e-07 1.83023e-11 2.24238e-06 0.00317529 -4.12182 -0.0143976 4.89357 7.95467 -0.00783048 5533.27 7.95467 -0.00783048 5533.27 
8.3 7.22902 -0.00774049 5530.62 0 0 0 18.0189 0 0 2.32723e-07 1.82186e-11 2.24251e-06 0.00323637 -4.54863 -0.0156313 4.89376 8.07691 -0.00795691 5533.26 8.07691 -0.00795691 5533.26 
8.4 7.29059 -0.00829505 5530.51 0 0 0 18.0189 0 0 2.32854e-07 1.80746e-11 2.24248e-06 0.00337935 -4.58976 -0.0176184 4.89405 8.13995 -0.00851745 5533.25 8.13995 -0.00851745 5533.25 
8.5 7.27836 -0.00840761 5530.77 0 0 0 18.0189 0 0 2.32953e-07 1.79212e-11 2.24247e-06 0.00339923 -4.07948 -0.0183986 4.89439 8.12846 -0.00862488 5533.61 8.12846 -0.00862488 5533.61 
8.6 7.19523 -0.00851206 5530.62 0 0 0 18.0189 0 0 2.3299e-07 1.78692e-11 2.24271e-06 0.00338591 -3.65436 -0.0191185 4.89468 8.04523 -0.00872441 5533.55 8.04523 -0.00872441 5533.55 
8.7 7.03801 -0.00864706 5530.9 0 0 0 18.0189 0 0 2.32996e-07 1.78841e-11 2.2424e-06 0.00337595 -2.36358 -0.0197852 4.895 7.88699 -0.00885128 5533.9 7.88699 -0.00885128 5533.9 
8.8 6.81182 -0.0088522 5531.03 0 0 0 18.0189 0 0 2.32958e-07 1.7887e-11 2.24294e-06 0.00338712 -1.18217 -0.0205661 4.89528 7.65877 -0.00906712 5534.09 7.65877 -0.00906712 5534.09 
8.9 6.52686 -0.00906691 5531.14 0 0 0 18.0189 0 0 2.32884e-07 1.79207e-11 2.24374e-06 0.00339565 -0.0356826 -0.021303 4.89549 7.37089 -0.00928302 5534.24 7.37089 -0.00928302 5534.24 
9 6.19416 -0.00911981 5531.21 0 0 0 18.0189 0 0 2.32796e-07 1.79349e-11 2.24383e-06 0.0033693 0.993539 -0.0217842 4.89563 7.03457 -0.00933865 5534.33 7.03457 -0.00933865 5534.33 
9.1 5.71989 0.0309111 5530.46 0 0 0 18.0189 0 0 2.329e-07 1.79869e-11 2.24397e-06 -0.0154059 -0.343016 0.103849 4.89572 6.57854 0.0360612 5533.61 6.57854 0.0360612 5533.61 
9.2 5.46026 -0.00917189 5531.06 0 0 0 18.0189 0 0 2.32795e-07 1.80456e-11 2.24375e-06 0.00336821 0.207465 -0.0233759 4.89577 6.31152 -0.00938563 5534.14 6.31152 -0.00938563 5534.14 
9.3 5.05946 -0.00899601 5531.11 0 0 0 18.0189 0 0 2.32672e-07 1.81381e-11 2.24517e-06 0.00330566 0.696144 -0.0238856 4.89573 5.90741 -0.00922676 5534.18 5.90741 -0.00922676 5534.18 
9.4 4.67498 -0.00884378 5531.13 0 0 0 18.0189 0 0 2.32377e-07 1.82023e-11 2.24454e-06 0.00323692 1.36207 -0.0242365 4.89572 5.5194 -0.00906984 5534.19 5.5194 -0.00906984 5534.19 
9.5 4.29453 -0.00902074 5531.17 0 0 0 18.0189 0 0 2.32191e-07 1.82587e-11 2.24496e-06 0.00326683 1.73982 -0.0250725 4.89566 5.13538 -0.00924043 5534.21 5.13538 -0.00924043 5534.21 
9.6 3.94014 -0.00921158 5531.06 0 0 0 18.0189 0 0 2.31914e-07 1.83734e-11 2.24502e-06 0.00326044 2.98922 -0.0256406 4.89558 4.77748 -0.00942256 5534.06 4.77748 -0.00942256 5534.06 
9.7 3.61242 -0.00945283 5531.19 0 0 0 18.0189 0 0 2.31701e-07 1.84853e-11 2.2462e-06 0.00326958 2.87754 -0.026183 4.89539 4.44634 -0.00965675 5534.14 4.44634 -0.00965675 5534.14 
9.8 3.32632 -0.00966062 5530.95 0 0 0 18.0189 0 0 2.31415e-07 1.86119e-11 2.24641e-06 0.00327628 3.68798 -0.0264899 4.8951 4.15685 -0.00985791 5533.85 4.15685 -0.00985791 5533.85 
9.9 3.09289 -0.00995251 5531.16 0 0 0 18.0189 0 0 2.31216e-07 1.86965e-11 2.2476e-06 0.00327797 3.53563 -0.0265854 4.89487 3.92077 -0.0101418 5533.98 3.92077 -0.0101418 5533.98 
10 2.91721 -0.0104765 5530.83 0 0 0 18.0189 0 0 2.30939e-07 1.88006e-11 2.24787e-06 0.00327935 3.8471 -0.0265538 4.89445 3.74314 -0.0106566 5533.58 3.74314 -0.0106566 5533.58 
10.1 2.70673 0.0370281 5531.05 0 0 0 18.0189 0 0 2.30768e-07 1.92862e-11 2.25047e-06 -0.0231179 4.12015 0.147103 4.89422 3.53432 0.0510694 5533.72 3.53432 0.0510694 5533.72 
10.2 2.7638 -0.0114706 5530.87 0 0 0 18.0189 0 0 2.30569e-07 1.93576e-11 2.25132e-06 0.00320252 3.19706 -0.0255393 4.89371 3.58315 -0.0115751 5533.43 3.58315 -0.0115751 5533.43 
10.3 2.80455 -0.0115043 5531.11 0 0 0 18.0189 0 0 2.30456e-07 1.93644e-11 2.25165e-06 0.00319011 2.94398 -0.0246562 4.89336 3.62362 -0.011664 5533.6 3.62362 -0.011664 5533.6 
10.4 2.91334 -0.0113963 5530.97 0 0 0 18.0189 0 0 2.30394e-07 1.93383e-11 2.25139e-06 0.00312037 2.29613 -0.0233532 4.89301 3.7332 -0.0115545 5533.39 3.7332 -0.0115545 5533.39 
10.5 3.09439 -0.0113588 5530.65 0 0 0 18.0189 0 0 2.30316e-07 1.93346e-11 2.25219e-06 0.00306824 1.29626 -0.0221752 4.89267 3.91597 -0.0115156 5533.03 3.91597 -0.0115156 5533.03 
10.6 3.33318 -0.0112973 5530.92 0 0 0 18.0189 0 0 2.30294e-07 1.93292e-11 2.25246e-06 0.00302199 1.35838 -0.0210259 4.89246 4.15707 -0.0114575 5533.26 4.15707 -0.0114575 5533.26 
10.7 3.62672 -0.0111458 5530.42 0 0 0 18.0189 0 0 2.30327e-07 1.92799e-11 2.25202e-06 0.00298464 -0.41386 -0.0199066 4.89223 4.45331 -0.0113082 5532.73 4.45331 -0.0113082 5532.73 
10.8 3.96141 -0.0109014 5530.57 0 0 0 18.0189 0 0 2.30409e-07 1.9227e-11 2.25157e-06 0.00294228 -0.511543 -0.0188064 4.89211 4.79108 -0.0110682 5532.85 4.79108 -0.0110682 5532.85 
10.9 4.32797 -0.0106243 5530.59 0 0 0 18.0189 0 0 2.30518e-07 1.91586e-11 2.25108e-06 0.00291474 -0.878075 -0.0178648 4.89203 5.16094 -0.0107963 5532.86 5.16094 -0.0107963 5532.86 
11 4.71526 -0.0103768 5530.47 0 0 0 18.0189 0 0 2.30682e-07 1.90724e-11 2.25021e-06 0.00290769 -1.86914 -0.0171437 4.892 5.55183 -0.0105516 5532.75 5.55183 -0.0105516 5532.75 
11.1 5.00266 0.0347385 5530.52 0 0 0 18.0189 0 0 2.30607e-07 1.81735e-11 2.24961e-06 -0.0265295 0.35977 0.178593 4.89202 5.83632 0.0596568 5532.8 5.83632 0.0596568 5532.8 
11.2 5.48114 -0.00978369 5530.57 0 0 0 18.0189 0 0 2.30892e-07 1.80734e-11 2.24856e-06 0.00279996 -1.36412 -0.0155271 4.89207 6.30085 -0.00999643 5532.88 6.30085 -0.00999643 5532.88 
11.3 5.85101 -0.00998464 5530.45 0 0 0 18.0189 0 0 2.31215e-07 1.79308e-11 2.24691e-06 0.00290538 -3.21826 -0.0154216 4.89201 6.67467 -0.0101411 5532.79 6.67467 -0.0101411 5532.79 
11.4 6.21811 -0.0101464 5530.31 0 0 0 18.0189 0 0 2.31266e-07 1.7836e-11 2.24725e-06 0.00295809 -2.82997 -0.0152627 4.89215 7.04668 -0.0103268 5532.69 7.04668 -0.0103268 5532.69 
11.5 6.55092 -0.0102759 5530.49 0 0 0 18.0189 0 0 2.32246e-07 1.77081e-11 2.2442e-06 0.0029893 -4.06494 -0.0151718 4.89244 7.38474 -0.0104604 5532.93 7.38474 -0.0104604 5532.93 
11.6 6.84134 -0.0103727 5530.29 0 0 0 18.0189 0 0 2.31463e-07 1.76291e-11 2.24363e-06 0.0030129 -3.62361 -0.0150802 4.89266 7.68111 -0.0105602 5532.79 7.68111 -0.0105602 5532.79 
11.7 7.07939 -0.0104272 5530.84 0 0 0 18.0189 0 0 2.32364e-07 1.75145e-11 2.24131e-06 0.0030284 -4.15181 -0.0149463 4.89311 7.92419 -0.0106192 5533.4 7.92419 -0.0106192 5533.4 
11.8 7.25539 -0.0103206 5530.59 0 0 0 18.0189 0 0 2.32495e-07 1.74467e-11 2.24571e-06 0.00301695 -3.72611 -0.0147315 4.89344 8.10443 -0.0105158 5533.23 8.10443 -0.0105158 5533.23 
11.9 7.36699 -0.0100243 5531.26 0 0 0 18.0189 0 0 2.3277e-07 1.73662e-11 2.23842e-06 0.00297996 -3.52425 -0.0145457 4.89395 8.21918 -0.0102242 5533.96 8.21918 -0.0102242 5533.96 
12 7.40474 -0.00957434 5531.01 0 0 0 18.0189 0 0 2.32744e-07 1.73248e-11 2.23962e-06 0.0029237 -3.19417 -0.0144274 4.89429 8.25852 -0.00977941 5533.79 8.25852 -0.00977941 5533.79 
12.1 7.37097 -0.00897336 5530.96 0 0 0 18.0189 0 0 2.32851e-07 1.72941e-11 2.23849e-06 0.00285936 -2.89642 -0.0144056 4.89463 8.22494 -0.00918426 5533.81 8.22494 -0.00918426 5533.81 
12.2 7.26722 -0.00828226 5530.88 0 0 0 18.0189 0 0 2.32949e-07 1.72768e-11 2.24041e-06 0.00279382 -2.64695 -0.014543 4.89494 8.12006 -0.00849869 5533.8 8.12006 -0.00849869 5533.8 
12.3 7.09292 -0.0076632 5531.94 0 0 0 18.0189 0 0 2.33008e-07 1.72764e-11 2.23577e-06 0.00274839 -0.8704 -0.0150098 4.89532 7.94354 -0.00788771 5534.91 7.94354 -0.00788771 5534.91 
12.4 6.85719 -0.00721291 5531.75 0 0 0 18.0189 0 0 2.33006e-07 1.7297e-11 2.24027e-06 0.00272589 -0.482256 -0.0158437 4.89552 7.70461 -0.00744235 5534.77 7.70461 -0.00744235 5534.77 
12.5 6.57004 -0.00688799 5531.29 0 0 0 18.0189 0 0 2.3297e-07 1.73284e-11 2.23978e-06 0.00272453 -0.866385 -0.016914 4.89565 7.41353 -0.00711994 5534.35 7.41353 -0.00711994 5534.35 
12.6 6.23884 -0.00663253 5531.24 0 0 0 18.0189 0 0 2.32883e-07 1.73873e-11 2.2409e-06 0.00273917 -0.571115 -0.0181158 4.89577 7.07787 -0.00687091 5534.33 7.07787 -0.00687091 5534.33 
12.7 5.87432 -0.00643284 5531.38 0 0 0 18.0189 0 0 2.32781e-07 1.74483e-11 2.24144e-06 0.00275935 0.530783 -0.0192624 4.89584 6.70853 -0.00667276 5534.48 6.70853 -0.00667276 5534.48 
12.8 5.48874 -0.00640226 5531.3 0 0 0 18.0189 0 0 2.32652e-07 1.75097e-11 2.24252e-06 0.00279181 0.457578 -0.020478 4.89584 6.31793 -0.00663825 5534.4 6.31793 -0.00663825 5534.4 
12.9 5.09622 -0.0065806 5531.37 0 0 0 18.0189 0 0 2.32379e-07 1.76555e-11 2.24335e-06 0.00284566 2.74254 -0.0217175 4.89578 5.92026 -0.00681637 5534.46 5.92026 -0.00681637 5534.46 
13 4.70684 -0.00695006 5531.3 0 0 0 18.0189 0 0 2.32193e-07 1.77549e-11 2.24369e-06 0.00292772 2.57984 -0.0230042 4.89568 5.52583 -0.00718304 5534.37 5.52583 -0.00718304 5534.37 
13.1 4.33349 -0.00742908 5531.32 0 0 0 18.0189 0 0 2.31981e-07 1.78465e-11 2.24531e-06 0.00302162 2.41866 -0.024146 4.89553 5.14765 -0.00765881 5534.35 5.14765 -0.00765881 5534.35 
13.2 3.98968 -0.00795749 5530.91 0 0 0 18.0189 0 0 2.31667e-07 1.79829e-11 2.2462e-06 0.00310113 4.08808 -0.0249734 4.89524 4.79929 -0.00818043 5533.89 4.79929 -0.00818043 5533.89 
13.3 3.68323 -0.00857287 5530.8 0 0 0 18.0189 0 0 2.31428e-07 1.80905e-11 2.24891e-06 0.00318923 4.07741 -0.0256413 4.89498 4.48891 -0.00878903 5533.73 4.48891 -0.00878903 5533.73 
13.4 3.42375 -0.0092558 5530.51 0 0 0 18.0189 0 0 2.31167e-07 1.82052e-11 2.25064e-06 0.00327541 4.20598 -0.0260891 4.89464 4.22619 -0.00946508 5533.37 4.22619 -0.00946508 5533.37 
13.5 3.2165 -0.0099994 5531.25 0 0 0 18.0189 0 0 2.31099e-07 1.82509e-11 2.25215e-06 0.00337272 3.19475 -0.0263677 4.89446 4.01662 -0.0102027 5534.05 4.01662 -0.0102027 5534.05 
13.6 3.07431 -0.0107318 5531.02 0 0 0 18.0189 0 0 2.30825e-07 1.83383e-11 2.25285e-06 0.00343625 3.30151 -0.0262742 4.8941 3.87286 -0.0109264 5533.76 3.87286 -0.0109264 5533.76 
13.7 2.99671 -0.0113987 5530.78 0 0 0 18.0189 0 0 2.30615e-07 1.84044e-11 2.25319e-06 0.00348228 3.14267 -0.0258729 4.89373 3.79466 -0.011585 5533.44 3.79466 -0.011585 5533.44 
13.8 2.98504 -0.0119612 5530.53 0 0 0 18.0189 0 0 2.30464e-07 1.84477e-11 2.25427e-06 0.00351305 2.71377 -0.0252037 4.89337 3.78329 -0.0121405 5533.13 3.78329 -0.0121405 5533.13 
13.9 3.03922 -0.0123849 5530.32 0 0 0 18.0189 0 0 2.30336e-07 1.84764e-11 2.25195e-06 0.00351972 2.04966 -0.0242597 4.89303 3.83866 -0.0125575 5532.86 3.83866 -0.0125575 5532.86 
14 3.15662 -0.0127054 5530.15 0 0 0 18.0189 0 0 2.30252e-07 1.84847e-11 2.2526e-06 0.00350973 1.18688 -0.0231504 4.89274 3.95803 -0.012873 5532.63 3.95803 -0.012873 5532.63 
14.1 3.33255 -0.0129497 5530.05 0 0 0 18.0189 0 0 2.30141e-07 1.84746e-11 2.25358e-06 0.00348574 0.172656 -0.0219681 4.89248 4.13663 -0.0131133 5532.48 4.13663 -0.0131133 5532.48 
14.2 3.56092 -0.013078 5530.61 0 0 0 18.0189 0 0 2.30219e-07 1.8456e-11 2.2521e-06 0.00344358 1.04835 -0.0206932 4.89235 4.36832 -0.0132391 5533 4.36832 -0.0132391 5533 
14.3 3.8345 -0.0130287 5530.32 0 0 0 18.0189 0 0 2.30286e-07 1.84032e-11 2.25e-06 0.00338802 -0.68841 -0.0194106 4.89216 4.64552 -0.0131877 5532.69 4.64552 -0.0131877 5532.69 
14.4 4.14258 -0.0127693 5530.26 0 0 0 18.0189 0 0 2.304e-07 1.83276e-11 2.24903e-06 0.00331947 -2.55543 -0.0180912 4.89205 4.95761 -0.0129272 5532.61 4.95761 -0.0129272 5532.61 
14.5 4.47433 -0.0123055 5530.52 0 0 0 18.0189 0 0 2.30571e-07 1.82835e-11 2.24914e-06 0.00321349 -1.26933 -0.0167216 4.89203 5.29354 -0.0124641 5532.87 5.29354 -0.0124641 5532.87 
14.6 4.82203 -0.0117456 5530.57 0 0 0 18.0189 0 0 2.30668e-07 1.81931e-11 2.25083e-06 0.00311469 -2.04801 -0.0155517 4.89203 5.6454 -0.0119067 5532.92 5.6454 -0.0119067 5532.92 
14.7 5.17207 -0.0111631 5530.69 0 0 0 18.0189 0 0 2.30916e-07 1.81019e-11 2.24505e-06 0.00301879 -2.76815 -0.0146326 4.89211 5.99959 -0.0113269 5533.05 5.99959 -0.0113269 5533.05 
14.8 5.51442 -0.0105785 5530.85 0 0 0 18.0189 0 0 2.31132e-07 1.80026e-11 2.24439e-06 0.00293102 -3.36911 -0.013977 4.89224 6.34586 -0.0107461 5533.24 6.34586 -0.0107461 5533.24 
14.9 5.83861 -0.00997294 5531.05 0 0 0 18.0189 0 0 2.31276e-07 1.78922e-11 2.24652e-06 0.00284892 -3.80916 -0.0135523 4.89243 6.67358 -0.0101456 5533.47 6.67358 -0.0101456 5533.47 
15 6.13425 -0.00933753 5531.27 0 0 0 18.0189 0 0 2.31366e-07 1.77871e-11 2.24822e-06 0.00277345 -4.06896 -0.0133554 4.89266 6.97231 -0.00951612 5533.73 6.97231 -0.00951612 5533.73 
15.1 6.38692 -0.00868696 5531.48 0 0 0 18.0189 0 0 2.31772e-07 1.76898e-11 2.24283e-06 0.00270679 -4.17157 -0.013413 4.89293 7.22757 -0.00887244 5533.99 7.22757 -0.00887244 5533.99 
15.2 6.59765 -0.00805985 5531.36 0 0 0 18.0189 0 0 2.31951e-07 1.7614e-11 2.24205e-06 0.00265024 -3.71027 -0.0136721 4.89318 7.44022 -0.00825216 5533.93 7.44022 -0.00825216 5533.93 
15.3 6.76159 -0.00748428 5531.25 0 0 0 18.0189 0 0 2.32167e-07 1.7535e-11 2.24349e-06 0.00260758 -3.31979 -0.0141434 4.89344 7.60538 -0.00768326 5533.88 7.60538 -0.00768326 5533.88 
15.4 6.86775 -0.00696417 5531.05 0 0 0 18.0189 0 0 2.32314e-07 1.74834e-11 2.24562e-06 0.00257243 -3.03682 -0.014753 4.89371 7.71204 -0.00716937 5533.74 7.71204 -0.00716937 5533.74 
15.5 6.91917 -0.00655572 5530.85 0 0 0 18.0189 0 0 2.32434e-07 1.74308e-11 2.2423e-06 0.00255797 -2.81725 -0.0155655 4.89398 7.76327 -0.00676659 5533.6 7.76327 -0.00676659 5533.6 
15.6 6.90345 -0.00630267 5531.59 0 0 0 18.0189 0 0 2.32567e-07 1.73739e-11 2.23952e-06 0.00256751 -2.12473 -0.0165434 4.89439 7.74666 -0.00652028 5534.4 7.74666 -0.00652028 5534.4 
15.7 6.83611 -0.00618419 5531.97 0 0 0 18.0189 0 0 2.3265e-07 1.73477e-11 2.23946e-06 0.0025952 -0.973034 -0.0176365 4.89474 7.67772 -0.00640741 5534.84 7.67772 -0.00640741 5534.84 
15.8 6.71534 -0.00622496 5531.14 0 0 0 18.0189 0 0 2.32688e-07 1.73452e-11 2.23941e-06 0.00265322 -1.71642 -0.0188451 4.89487 7.55461 -0.00645152 5534.06 7.55461 -0.00645152 5534.06 
15.9 6.5412 -0.00643307 5531.13 0 0 0 18.0189 0 0 2.32685e-07 1.73462e-11 2.23932e-06 0.00272691 -1.35994 -0.0200694 4.8951 7.37756 -0.00666301 5534.09 7.37756 -0.00666301 5534.09 
16 6.3227 -0.00678244 5531.72 0 0 0 18.0189 0 0 2.32658e-07 1.7389e-11 2.2404e-06 0.00280287 1.72736 -0.0212064 4.89539 7.15566 -0.00701405 5534.71 7.15566 -0.00701405 5534.71 
16.1 6.06736 -0.00724606 5531.46 0 0 0 18.0189 0 0 2.32578e-07 1.74192e-11 2.23988e-06 0.00290144 1.46483 -0.0222526 4.89549 6.89643 -0.0074769 5534.47 6.89643 -0.0074769 5534.47 
16.2 5.78818 -0.00778139 5531.28 0 0 0 18.0189 0 0 2.32076e-07 1.74687e-11 2.22907e-06 0.00299614 1.06316 -0.0231557 4.89556 6.61318 -0.00800883 5534.31 6.61318 -0.00800883 5534.31 
16.3 5.49232 -0.00838845 5531.22 0 0 0 18.0189 0 0 2.33449e-07 1.75172e-11 2.26583e-06 0.00309883 0.561052 -0.0239218 4.89559 6.31307 -0.00861493 5534.25 6.31307 -0.00861493 5534.25 
16.4 5.18765 -0.00900869 5530.97 0 0 0 18.0189 0 0 2.31821e-07 1.76458e-11 2.23046e-06 0.00317474 3.47213 -0.0243462 4.89556 6.00417 -0.00922947 5533.99 6.00417 -0.00922947 5533.99 
16.5 4.88651 -0.00966724 5530.98 0 0 0 18.0189 0 0 2.32512e-07 1.77111e-11 2.2534e-06 0.00326985 2.83503 -0.0247062 4.89549 5.69897 -0.00988483 5533.98 5.69897 -0.00988483 5533.98 
16.6 4.59659 -0.0102981 5531.1 0 0 0 18.0189 0 0 2.32301e-07 1.7774e-11 2.2504e-06 0.00334694 2.22131 -0.0248207 4.89539 5.40536 -0.0105096 5534.07 5.40536 -0.0105096 5534.07 
16.7 4.33137 -0.0108341 5530.27 0 0 0 18.0189 0 0 2.29339e-07 1.79297e-11 2.21507e-06 0.00339064 4.26127 -0.0246068 4.89513 5.13687 -0.0110401 5533.2 5.13687 -0.0110401 5533.2 
16.8 4.09394 -0.0113325 5530.47 0 0 0 18.0189 0 0 2.33484e-07 1.79989e-11 2.2727e-06 0.00343809 3.53743 -0.0242921 4.89495 4.89684 -0.0115319 5533.35 4.89684 -0.0115319 5533.35 
16.9 3.89255 -0.0117388 5530.74 0 0 0 18.0189 0 0 2.30397e-07 1.8066e-11 2.23504e-06 0.00346705 2.96087 -0.0238021 4.89477 4.69354 -0.0119332 5533.58 4.69354 -0.0119332 5533.58 
17 3.73618 -0.0119919 5530.03 0 0 0 18.0189 0 0 2.31203e-07 1.81716e-11 2.2504e-06 0.00346589 3.29293 -0.0230638 4.89441 4.53603 -0.0121806 5532.81 4.53603 -0.0121806 5532.81 
17.1 3.62384 -0.0121706 5530.57 0 0 0 18.0189 0 0 2.3109e-07 1.82238e-11 2.24348e-06 0.0034537 2.7193 -0.0222812 4.89421 4.42343 -0.0123545 5533.3 4.42343 -0.0123545 5533.3 
17.2 3.56472 -0.0122153 5530.04 0 0 0 18.0189 0 0 2.30945e-07 1.82947e-11 2.2486e-06 0.00342899 2.3825 -0.021407 4.89385 4.36479 -0.012397 5532.7 4.36479 -0.012397 5532.7 
17.3 3.55402 -0.0121503 5530.69 0 0 0 18.0189 0 0 2.30862e-07 1.83173e-11 2.25204e-06 0.00338033 2.26808 -0.0204371 4.89367 4.35544 -0.0123264 5533.31 4.35544 -0.0123264 5533.31 
17.4 3.59548 -0.0119753 5530.32 0 0 0 18.0189 0 0 2.30705e-07 1.83729e-11 2.25269e-06 0.00332501 1.60804 -0.0195012 4.89334 4.39892 -0.0121491 5532.89 4.39892 -0.0121491 5532.89 
17.5 3.68529 -0.0117283 5530.06 0 0 0 18.0189 0 0 2.30714e-07 1.83832e-11 2.24943e-06 0.00326723 0.618894 -0.0186358 4.89304 4.49137 -0.0119009 5532.59 4.49137 -0.0119009 5532.59 
17.6 3.81739 -0.011404 5530.54 0 0 0 18.0189 0 0 2.30646e-07 1.83886e-11 2.25228e-06 0.00319441 1.06234 -0.0177955 4.89289 4.62667 -0.0115752 5533.03 4.62667 -0.0115752 5533.03 
17.7 3.99022 -0.0110242 5530.5 0 0 0 18.0189 0 0 2.30631e-07 1.83741e-11 2.25154e-06 0.00312535 0.399093 -0.0170737 4.89268 4.80304 -0.0111951 5532.95 4.80304 -0.0111951 5532.95 
17.8 4.19446 -0.0106001 5530.62 0 0 0 18.0189 0 0 2.30662e-07 1.83518e-11 2.2515e-06 0.00305068 0.448316 -0.0164403 4.89255 5.01107 -0.0107711 5533.06 5.01107 -0.0107711 5533.06 
17.9 4.42559 -0.0101629 5530.64 0 0 0 18.0189 0 0 2.30697e-07 1.8311e-11 2.25111e-06 0.00298388 0.0202051 -0.015979 4.89243 5.24604 -0.0103355 5533.06 5.24604 -0.0103355 5533.06 
18 4.67514 -0.00973896 5530.67 0 0 0 18.0189 0 0 2.30777e-07 1.82512e-11 2.2486e-06 0.00292672 -1.00816 -0.015689 4.89235 5.49934 -0.00991294 5533.09 5.49934 -0.00991294 5533.09 
18.1 4.9339 -0.00932975 5530.82 0 0 0 18.0189 0 0 2.30892e-07 1.81779e-11 2.24826e-06 0.00287618 -1.98567 -0.0155516 4.89233 5.76165 -0.00950619 5533.24 5.76165 -0.00950619 5533.24 
18.2 5.19287 -0.00893113 5530.69 0 0 0 18.0189 0 0 2.30983e-07 1.81312e-11 2.24835e-06 0.00282503 -0.978678 -0.0155056 4.89235 6.02386 -0.00910969 5533.12 6.02386 -0.00910969 5533.12 
18.3 5.4451 -0.00860506 5531.02 0 0 0 18.0189 0 0 2.31153e-07 1.80308e-11 2.24701e-06 0.0027965 -2.44812 -0.0156888 4.89245 6.27884 -0.00878703 5533.48 6.27884 -0.00878703 5533.48 
18.4 5.68264 -0.00832492 5531.49 0 0 0 18.0189 0 0 2.31383e-07 1.79274e-11 2.24242e-06 0.002774 -3.54204 -0.0159831 4.89261 6.5186 -0.00851032 5533.98 6.5186 -0.00851032 5533.98 
18.5 5.89838 -0.00808157 5531.17 0 0 0 18.0189 0 0 2.31433e-07 1.78725e-11 2.24882e-06 0.00275573 -2.60687 -0.0163393 4.89272 6.73597 -0.0082698 5533.69 6.73597 -0.0082698 5533.69 
18.6 6.08617 -0.00792383 5531.67 0 0 0 18.0189 0 0 2.31647e-07 1.77761e-11 2.24687e-06 0.00275338 -3.22128 -0.0168455 4.89297 6.92471 -0.0081156 5534.23 6.92471 -0.0081156 5534.23 
18.7 6.24138 -0.00780655 5531.25 0 0 0 18.0189 0 0 2.31694e-07 1.77223e-11 2.24586e-06 0.00275693 -2.50101 -0.0173797 4.89311 7.08022 -0.00800136 5533.86 7.08022 -0.00800136 5533.86 
18.8 6.36008 -0.00776403 5531.53 0 0 0 18.0189 0 0 2.31951e-07 1.76476e-11 2.2397e-06 0.00277136 -2.48837 -0.0179939 4.89339 7.1986 -0.00796254 5534.18 7.1986 -0.00796254 5534.18 
18.9 6.44074 -0.00776157 5531.01 0 0 0 18.0189 0 0 2.31969e-07 1.76103e-11 2.24391e-06 0.00279125 -2.08587 -0.0186084 4.89353 7.27825 -0.00796265 5533.71 7.27825 -0.00796265 5533.71 
19 6.47755 -0.00782954 5531.25 0 0 0 18.0189 0 0 2.3214e-07 1.75509e-11 2.24147e-06 0.00281992 -1.90424 -0.0192482 4.89382 7.31357 -0.00803384 5533.99 7.31357 -0.00803384 5533.99 
19.1 6.4731 -0.00794151 5531.42 0 0 0 18.0189 0 0 2.32231e-07 1.7505e-11 2.24085e-06 0.00285193 -1.43158 -0.0198603 4.89411 7.30713 -0.00814848 5534.2 7.30713 -0.00814848 5534.2 
19.2 6.42974 -0.00809271 5531.48 0 0 0 18.0189 0 0 2.32361e-07 1.74788e-11 2.23995e-06 0.00288688 -0.678183 -0.0204286 4.89437 7.26144 -0.00830141 5534.31 7.26144 -0.00830141 5534.31 
19.3 6.34992 -0.00828587 5531.16 0 0 0 18.0189 0 0 2.32341e-07 1.74697e-11 2.24074e-06 0.00292986 -1.0155 -0.0209687 4.8945 7.17897 -0.00849598 5534.01 7.17897 -0.00849598 5534.01 
19.4 6.23311 -0.00850291 5531.19 0 0 0 18.0189 0 0 2.32341e-07 1.74671e-11 2.2409e-06 0.00297055 -0.0700292 -0.0214185 4.89473 7.0594 -0.00871465 5534.07 7.0594 -0.00871465 5534.07 
19.5 6.08462 -0.00873692 5531.13 0 0 0 18.0189 0 0 2.32377e-07 1.74807e-11 2.2413e-06 0.00301011 0.967088 -0.0217667 4.89492 6.90817 -0.00894944 5534.04 6.90817 -0.00894944 5534.04 
19.6 5.91522 -0.00897302 5530.98 0 0 0 18.0189 0 0 2.32343e-07 1.75062e-11 2.24158e-06 0.0030459 1.37959 -0.0220234 4.89503 6.73608 -0.00918597 5533.9 6.73608 -0.00918597 5533.9 
19.7 5.72668 -0.00922253 5530.82 0 0 0 18.0189 0 0 2.32263e-07 1.75494e-11 2.24099e-06 0.00308163 1.84043 -0.0222152 4.89511 6.54501 -0.0094341 5533.75 6.54501 -0.0094341 5533.75 
19.8 5.52429 -0.0094781 5530.69 0 0 0 18.0189 0 0 2.32126e-07 1.7584e-11 2.23956e-06 0.00312462 2.1184 -0.0223287 4.89514 6.34038 -0.00968809 5533.62 6.34038 -0.00968809 5533.62 
19.9 5.31417 -0.00971628 5530.57 0 0 0 18.0189 0 0 2.32127e-07 1.76416e-11 2.24025e-06 0.00315302 2.33789 -0.0223291 4.89515 6.12835 -0.00992566 5533.51 6.12835 -0.00992566 5533.51 
20 5.10204 -0.00995062 5530.48 0 0 0 18.0189 0 0 2.32065e-07 1.76895e-11 2.24742e-06 0.00318445 2.48039 -0.0222591 4.89512 5.91466 -0.0101579 5533.4 5.91466 -0.0101579 5533.4 
20.1 4.89404 -0.0101664 5530.41 0 0 0 18.0189 0 0 2.31995e-07 1.77519e-11 2.24074e-06 0.00320912 2.55108 -0.0221024 4.89506 5.70555 -0.0103713 5533.32 5.70555 -0.0103713 5533.32 
20.2 4.69337 -0.0103668 5530.46 0 0 0 18.0189 0 0 2.31894e-07 1.78096e-11 2.24538e-06 0.00323002 2.28461 -0.0218856 4.89497 5.50417 -0.0105696 5533.34 5.50417 -0.0105696 5533.34 
20.3 4.50873 -0.0105257 5530.1 0 0 0 18.0189 0 0 2.31696e-07 1.7899e-11 2.24716e-06 0.00323956 3.04852 -0.0215527 4.89479 5.31922 -0.0107257 5532.96 5.31922 -0.0107257 5532.96 
20.4 4.34499 -0.0106724 5530.16 0 0 0 18.0189 0 0 2.31603e-07 1.79627e-11 2.24781e-06 0.00324655 2.74571 -0.0212084 4.89464 5.15556 -0.0108697 5532.98 5.15556 -0.0108697 5532.98 
20.5 4.20219 -0.0107916 5530.4 0 0 0 18.0189 0 0 2.31485e-07 1.80036e-11 2.24882e-06 0.00325427 2.19147 -0.0208257 4.89451 5.01332 -0.0109864 5533.19 5.01332 -0.0109864 5533.19 
20.6 4.08562 -0.0109027 5530.61 0 0 0 18.0189 0 0 2.31409e-07 1.80475e-11 2.24996e-06 0.00325918 1.81179 -0.0204686 4.89436 4.89757 -0.0110949 5533.36 4.89757 -0.0110949 5533.36 
20.7 4.00013 -0.0109137 5530.27 0 0 0 18.0189 0 0 2.31125e-07 1.81253e-11 2.25833e-06 0.00324268 1.83497 -0.0199441 4.89408 4.81313 -0.0111024 5532.99 4.81313 -0.0111024 5532.99 
20.8 3.94392 -0.0109203 5530.49 0 0 0 18.0189 0 0 2.31266e-07 1.81607e-11 2.24199e-06 0.00322934 1.50715 -0.0194847 4.89392 4.75824 -0.0111068 5533.18 4.75824 -0.0111068 5533.18 
20.9 3.91725 -0.010915 5530.69 0 0 0 18.0189 0 0 2.31076e-07 1.81917e-11 2.2524e-06 0.00321541 1.32092 -0.0190857 4.89377 4.73299 -0.0110998 5533.34 4.73299 -0.0110998 5533.34 
21 3.92156 -0.010832 5530.85 0 0 0 18.0189 0 0 2.31018e-07 1.82097e-11 2.25041e-06 0.003186 1.32822 -0.0185942 4.89363 4.73882 -0.0110146 5533.47 4.73882 -0.0110146 5533.47 
21.1 3.9608 -0.0107428 5530.73 0 0 0 18.0189 0 0 2.30882e-07 1.82338e-11 2.25122e-06 0.00316724 0.47515 -0.0182393 4.89336 4.77948 -0.0109245 5533.32 4.77948 -0.0109245 5533.32 
21.2 4.02443 -0.0106192 5530.86 0 0 0 18.0189 0 0 2.30831e-07 1.82469e-11 2.24914e-06 0.00313317 0.568432 -0.0178836 4.89324 4.84458 -0.0107991 5533.43 4.84458 -0.0107991 5533.43 
21.3 4.11391 -0.0104675 5530.93 0 0 0 18.0189 0 0 2.30789e-07 1.82415e-11 2.25247e-06 0.00310308 0.792866 -0.0175761 4.89313 4.93542 -0.0106464 5533.48 4.93542 -0.0106464 5533.48 
21.4 4.23136 -0.0102956 5530.96 0 0 0 18.0189 0 0 2.30841e-07 1.82252e-11 2.24984e-06 0.00307421 -0.349978 -0.0173743 4.89296 5.05403 -0.0104743 5533.49 5.05403 -0.0104743 5533.49 
21.5 4.36464 -0.0100943 5530.99 0 0 0 18.0189 0 0 2.3104e-07 1.82105e-11 2.25138e-06 0.00303783 0.131602 -0.0171796 4.8929 5.18841 -0.0102728 5533.51 5.18841 -0.0102728 5533.51 
21.6 4.5176 -0.00988609 5531.07 0 0 0 18.0189 0 0 2.30843e-07 1.81697e-11 2.24807e-06 0.00300752 -0.995702 -0.0171048 4.89281 5.34222 -0.0100653 5533.58 5.34222 -0.0100653 5533.58 
21.7 4.6802 -0.00965708 5531.03 0 0 0 18.0189 0 0 2.30797e-07 1.81437e-11 2.24658e-06 0.00297212 -0.38827 -0.0170503 4.89279 5.50552 -0.00983693 5533.55 5.50552 -0.00983693 5533.55 
21.8 4.85251 -0.00941816 5531.03 0 0 0 18.0189 0 0 2.31015e-07 1.81031e-11 2.24817e-06 0.00293822 -0.418916 -0.0170714 4.89278 5.67835 -0.00959928 5533.55 5.67835 -0.00959928 5533.55 
21.9 5.02834 -0.00919227 5531 0 0 0 18.0189 0 0 2.31068e-07 1.80604e-11 2.24744e-06 0.00290916 -0.440931 -0.0171886 4.8928 5.85454 -0.00937323 5533.52 5.85454 -0.00937323 5533.52 
22 5.20185 -0.00898894 5531.3 0 0 0 18.0189 0 0 2.31253e-07 1.79629e-11 2.24587e-06 0.00289333 -2.67555 -0.017431 4.89292 6.02817 -0.00917279 5533.84 6.02817 -0.00917279 5533.84 
22.1 5.37031 -0.00877062 5531.16 0 0 0 18.0189 0 0 2.31312e-07 1.7927e-11 2.2458e-06 0.0028698 -1.82881 -0.0176513 4.89297 6.19663 -0.00896054 5533.71 6.19663 -0.00896054 5533.71 
22.2 5.53075 -0.00857507 5531.01 0 0 0 18.0189 0 0 2.31381e-07 1.78982e-11 2.24533e-06 0.00284984 -1.09779 -0.0179299 4.89303 6.35693 -0.00876461 5533.58 6.35693 -0.00876461 5533.58 
22.3 5.67734 -0.00840946 5531.04 0 0 0 18.0189 0 0 2.31512e-07 1.78316e-11 2.24284e-06 0.00284194 -1.46848 -0.0182759 4.89318 6.50331 -0.00860169 5533.63 6.50331 -0.00860169 5533.63 
22.4 5.80733 -0.00826832 5531.07 0 0 0 18.0189 0 0 2.31635e-07 1.77713e-11 2.24387e-06 0.00283586 -1.68018 -0.0186458 4.89335 6.63303 -0.00846364 5533.69 6.63303 -0.00846364 5533.69 
22.5 5.91922 -0.0081512 5530.92 0 0 0 18.0189 0 0 2.31715e-07 1.77423e-11 2.24414e-06 0.00283101 -1.22953 -0.0190193 4.89344 6.74456 -0.00834848 5533.56 6.74456 -0.00834848 5533.56 
22.6 6.00599 -0.00809204 5531 0 0 0 18.0189 0 0 2.31863e-07 1.7688e-11 2.24453e-06 0.00283794 -1.43974 -0.0194391 4.89367 6.83103 -0.00829215 5533.66 6.83103 -0.00829215 5533.66 
22.7 6.07052 -0.0080616 5530.92 0 0 0 18.0189 0 0 2.31935e-07 1.76561e-11 2.2428e-06 0.00284901 -1.28873 -0.0198441 4.89381 6.8952 -0.00826399 5533.62 6.8952 -0.00826399 5533.62 
22.8 6.11148 -0.00807351 5530.86 0 0 0 18.0189 0 0 2.32036e-07 1.76312e-11 2.24304e-06 0.00286716 -1.18803 -0.0202525 4.89395 6.93583 -0.00827855 5533.57 6.93583 -0.00827855 5533.57 
22.9 6.12131 -0.00812643 5530.99 0 0 0 18.0189 0 0 2.32135e-07 1.75943e-11 2.24233e-06 0.00288579 -0.710344 -0.0205881 4.89421 6.94544 -0.00833282 5533.73 6.94544 -0.00833282 5533.73 
23 6.11002 -0.00821389 5530.91 0 0 0 18.0189 0 0 2.32198e-07 1.75853e-11 2.24291e-06 0.00291041 -0.620882 -0.0209164 4.89433 6.93389 -0.00842173 5533.67 6.93389 -0.00842173 5533.67 
23.1 6.07356 -0.00834583 5530.84 0 0 0 18.0189 0 0 2.32174e-07 1.75807e-11 2.24178e-06 0.00294137 -0.658774 -0.0212117 4.89443 6.89719 -0.00855391 5533.62 6.89719 -0.00855391 5533.62 
23.2 6.01358 -0.00852441 5530.77 0 0 0 18.0189 0 0 2.3221e-07 1.75823e-11 2.24368e-06 0.0029788 -0.792472 -0.0214736 4.89452 6.83701 -0.00873296 5533.58 6.83701 -0.00873296 5533.58 
23.3 5.92413 -0.00873346 5530.98 0 0 0 18.0189 0 0 2.32252e-07 1.7608e-11 2.24307e-06 0.00300616 1.21626 -0.0215844 4.8947 6.7475 -0.00894112 5533.8 6.7475 -0.00894112 5533.8 
23.4 5.8233 -0.00898193 5530.78 0 0 0 18.0189 0 0 2.32252e-07 1.7608e-11 2.24307e-06 0.00305311 -0.390825 -0.0217528 4.8947 6.64642 -0.00919048 5533.62 6.64642 -0.00919048 5533.62 
23.5 5.70759 -0.00924064 5530.79 0 0 0 18.0189 0 0 2.32216e-07 1.76291e-11 2.2432e-06 0.00309137 -0.315871 -0.0218143 4.89475 6.53055 -0.00944694 5533.63 6.53055 -0.00944694 5533.63 
23.6 5.56908 -0.00951165 5530.91 0 0 0 18.0189 0 0 2.32123e-07 1.76881e-11 2.24324e-06 0.00312033 1.6398 -0.0217297 4.89478 6.39189 -0.00971622 5533.76 6.39189 -0.00971622 5533.76 
23.7 5.42527 -0.00979348 5530.89 0 0 0 18.0189 0 0 2.32088e-07 1.77279e-11 2.24312e-06 0.00315472 1.66518 -0.0216323 4.89477 6.24783 -0.00999603 5533.74 6.24783 -0.00999603 5533.74 
23.8 5.27453 -0.0100752 5530.89 0 0 0 18.0189 0 0 2.3202e-07 1.77636e-11 2.24568e-06 0.00318789 1.65855 -0.0214739 4.89474 6.09674 -0.0102757 5533.73 6.09674 -0.0102757 5533.73 
23.9 5.12085 -0.0103524 5530.88 0 0 0 18.0189 0 0 2.31952e-07 1.77971e-11 2.24586e-06 0.00322076 1.3695 -0.0212703 4.89469 5.9427 -0.0105508 5533.72 5.9427 -0.0105508 5533.72 
24 4.96756 -0.0106005 5530.9 0 0 0 18.0189 0 0 2.31877e-07 1.78355e-11 2.24513e-06 0.00324364 1.15565 -0.0209806 4.89462 5.78894 -0.0107967 5533.73 5.78894 -0.0107967 5533.73 
24.1 4.81915 -0.0108166 5530.91 0 0 0 18.0189 0 0 2.31765e-07 1.78773e-11 2.24669e-06 0.00325849 1.38197 -0.0206393 4.89452 5.64003 -0.0110109 5533.72 5.64003 -0.0110109 5533.72 
24.2 4.67971 -0.0110017 5530.91 0 0 0 18.0189 0 0 2.31662e-07 1.79401e-11 2.24738e-06 0.00326746 1.38728 -0.0202653 4.89441 5.49995 -0.0111924 5533.71 5.49995 -0.0111924 5533.71 
24.3 4.55241 -0.0111367 5530.93 0 0 0 18.0189 0 0 2.31553e-07 1.79762e-11 2.24794e-06 0.0032715 1.36276 -0.0198801 4.89429 5.37199 -0.0113258 5533.71 5.37199 -0.0113258 5533.71 
24.4 4.44122 -0.0112269 5530.93 0 0 0 18.0189 0 0 2.31463e-07 1.80212e-11 2.24853e-06 0.0032685 1.35008 -0.0194843 4.89414 5.26009 -0.0114139 5533.69 5.26009 -0.0114139 5533.69 
24.5 4.34834 -0.011252 5530.94 0 0 0 18.0189 0 0 2.31445e-07 1.8049e-11 2.2431e-06 0.00325641 1.31034 -0.0190737 4.89401 5.16654 -0.0114375 5533.68 5.16654 -0.0114375 5533.68 
24.6 4.27529 -0.0112149 5530.95 0 0 0 18.0189 0 0 2.30991e-07 1.80839e-11 2.26069e-06 0.00323447 1.23237 -0.018665 4.89386 5.09281 -0.0113985 5533.66 5.09281 -0.0113985 5533.66 
24.7 4.2231 -0.0111302 5531.04 0 0 0 18.0189 0 0 2.31209e-07 1.81035e-11 2.2469e-06 0.00320674 1.11382 -0.01828 4.89376 5.04006 -0.011313 5533.74 5.04006 -0.011313 5533.74 
24.8 4.19922 -0.0109616 5530.71 0 0 0 18.0189 0 0 2.31032e-07 1.81322e-11 2.25339e-06 0.00317611 0.926533 -0.0179497 4.89353 5.01563 -0.011144 5533.39 5.01563 -0.011144 5533.39 
24.9 4.19639 -0.0107602 5530.81 0 0 0 18.0189 0 0 2.30967e-07 1.81458e-11 2.24841e-06 0.00313415 0.828102 -0.0176598 4.89344 5.01253 -0.0109418 5533.46 5.01253 -0.0109418 5533.46 
25 4.2165 -0.0105166 5530.92 0 0 0 18.0189 0 0 2.30966e-07 1.81446e-11 2.24774e-06 0.00309415 0.800371 -0.0174311 4.89334 5.03244 -0.0106981 5533.55 5.03244 -0.0106981 5533.55 
25.1 4.26342 -0.010232 5530.54 0 0 0 18.0189 0 0 2.30926e-07 1.81397e-11 2.24983e-06 0.00305654 -0.0359977 -0.0173039 4.89319 5.07931 -0.0104145 5533.16 5.07931 -0.0104145 5533.16 
25.2 4.33173 -0.00991865 5530.59 0 0 0 18.0189 0 0 2.30926e-07 1.81284e-11 2.24877e-06 0.00301149 -0.187707 -0.017225 4.89313 5.14785 -0.0101017 5533.19 5.14785 -0.0101017 5533.19 
25.3 4.41945 -0.00959467 5530.62 0 0 0 18.0189 0 0 2.30994e-07 1.81089e-11 2.24794e-06 0.00296935 -0.351774 -0.0172261 4.89307 5.236 -0.00977913 5533.21 5.236 -0.00977913 5533.21 
25.4 4.52468 -0.00926938 5530.66 0 0 0 18.0189 0 0 2.30992e-07 1.80897e-11 2.24858e-06 0.00292785 -0.465778 -0.017302 4.89304 5.34181 -0.00945494 5533.23 5.34181 -0.00945494 5533.23 
25.5 4.64416 -0.00894822 5530.77 0 0 0 18.0189 0 0 2.31008e-07 1.80675e-11 2.24749e-06 0.00288932 -0.260237 -0.0174392 4.89303 5.46215 -0.00913483 5533.34 5.46215 -0.00913483 5533.34 
25.6 4.77533 -0.00866651 5530.83 0 0 0 18.0189 0 0 2.31065e-07 1.80449e-11 2.24708e-06 0.00286262 -0.0720307 -0.0176983 4.89304 5.59432 -0.0088546 5533.39 5.59432 -0.0088546 5533.39 
25.7 4.91714 -0.00841307 5530.7 0 0 0 18.0189 0 0 2.31182e-07 1.79782e-11 2.246e-06 0.00284508 -1.31512 -0.0180016 4.89308 5.7373 -0.00860421 5533.26 5.7373 -0.00860421 5533.26 
25.8 5.06143 -0.0081878 5530.75 0 0 0 18.0189 0 0 2.31254e-07 1.79518e-11 2.24651e-06 0.00282436 -1.06012 -0.0183201 4.89313 5.88289 -0.00838077 5533.32 5.88289 -0.00838077 5533.32 
25.9 5.20612 -0.00801596 5530.78 0 0 0 18.0189 0 0 2.31306e-07 1.79222e-11 2.24529e-06 0.00281538 -0.801466 -0.0186955 4.89318 6.02889 -0.00821063 5533.35 6.02889 -0.00821063 5533.35 
26 5.34695 -0.0079275 5530.91 0 0 0 18.0189 0 0 2.3148e-07 1.78556e-11 2.24502e-06 0.00282016 -1.84957 -0.0191268 4.89333 6.17113 -0.00812427 5533.49 6.17113 -0.00812427 5533.49 
26.1 5.47995 -0.00787853 5530.9 0 0 0 18.0189 0 0 2.31588e-07 1.78248e-11 2.24435e-06 0.00282753 -1.54139 -0.019539 4.89341 6.30552 -0.00807705 5533.5 6.30552 -0.00807705 5533.5 
26.2 5.60163 -0.0078889 5530.86 0 0 0 18.0189 0 0 2.31623e-07 1.77946e-11 2.24607e-06 0.00284293 -1.28108 -0.019943 4.89351 6.42829 -0.00808869 5533.47 6.42829 -0.00808869 5533.47 
26.3 5.70934 -0.00796218 5530.77 0 0 0 18.0189 0 0 2.31721e-07 1.77661e-11 2.24443e-06 0.00286616 -1.0509 -0.0203399 4.89361 6.5374 -0.00816331 5533.4 6.5374 -0.00816331 5533.4 
26.4 5.79084 -0.00813558 5531.13 0 0 0 18.0189 0 0 2.31808e-07 1.77168e-11 2.24619e-06 0.00289876 -1.55646 -0.0207003 4.89381 6.6199 -0.00833745 5533.78 6.6199 -0.00833745 5533.78 
26.5 5.85738 -0.00833365 5531.47 0 0 0 18.0189 0 0 2.32095e-07 1.76912e-11 2.23807e-06 0.00293095 -1.5269 -0.0210006 4.89399 6.68613 -0.0085347 5534.15 6.68613 -0.0085347 5534.15 
26.6 5.91383 -0.00852129 5530.78 0 0 0 18.0189 0 0 2.32095e-07 1.76912e-11 2.23807e-06 0.00296924 -1.04537 -0.0212642 4.89399 6.74398 -0.00872195 5533.47 6.74398 -0.00872195 5533.47 
26.7 5.93034 -0.00880952 5531.2 0 0 0 18.0189 0 0 2.32097e-07 1.76895e-11 2.24527e-06 0.00300681 -1.16054 -0.0214461 4.89417 6.75726 -0.00900791 5533.94 6.75726 -0.00900791 5533.94 
26.8 5.92952 -0.0090935 5531.32 0 0 0 18.0189 0 0 2.32121e-07 1.76642e-11 2.24194e-06 0.00304707 -0.708833 -0.0215437 4.8943 6.75788 -0.00929269 5534.08 6.75788 -0.00929269 5534.08 
26.9 5.91038 -0.00938698 5530.96 0 0 0 18.0189 0 0 2.32138e-07 1.76664e-11 2.24452e-06 0.00309035 -0.864604 -0.0216211 4.89435 6.73952 -0.00958783 5533.72 6.73952 -0.00958783 5533.72 
27 5.86444 -0.00969335 5530.94 0 0 0 18.0189 0 0 2.3216e-07 1.76373e-11 2.24334e-06 0.00312897 -0.768219 -0.0215799 4.89444 6.69341 -0.0098951 5533.72 6.69341 -0.0098951 5533.72 
27.1 5.79636 -0.00999037 5531.01 0 0 0 18.0189 0 0 2.32166e-07 1.76569e-11 2.24367e-06 0.00316248 -0.501873 -0.0214585 4.89452 6.62342 -0.0101891 5533.81 6.62342 -0.0101891 5533.81 
27.2 5.70444 -0.0102665 5531.01 0 0 0 18.0189 0 0 2.32155e-07 1.76635e-11 2.24397e-06 0.00318757 -0.455882 -0.0212528 4.89457 6.53151 -0.0104654 5533.81 6.53151 -0.0104654 5533.81 
27.3 5.60078 -0.0105035 5531.02 0 0 0 18.0189 0 0 2.32128e-07 1.77075e-11 2.24432e-06 0.00320865 -0.278786 -0.0209956 4.8946 6.4255 -0.0106996 5533.84 6.4255 -0.0106996 5533.84 
27.4 5.46179 -0.0107264 5531.09 0 0 0 18.0189 0 0 2.32072e-07 1.77384e-11 2.24485e-06 0.00322475 0.0638568 -0.0206337 4.89461 6.28485 -0.0109214 5533.92 6.28485 -0.0109214 5533.92 
27.5 5.35405 -0.0108358 5531.05 0 0 0 18.0189 0 0 2.32013e-07 1.77634e-11 2.24516e-06 0.00323033 0.312847 -0.0203457 4.89459 6.17537 -0.0110305 5533.88 6.17537 -0.0110305 5533.88 
27.6 5.22444 -0.010923 5531.01 0 0 0 18.0189 0 0 2.31932e-07 1.78033e-11 2.24576e-06 0.00322787 0.837412 -0.0199625 4.89455 6.04401 -0.0111159 5533.83 6.04401 -0.0111159 5533.83 
27.7 5.09274 -0.0109443 5530.64 0 0 0 18.0189 0 0 2.31786e-07 1.78632e-11 2.24659e-06 0.00321863 2.2854 -0.0195482 4.89443 5.91055 -0.0111362 5533.46 5.91055 -0.0111362 5533.46 
27.8 4.9648 -0.0109589 5531.03 0 0 0 18.0189 0 0 2.31786e-07 1.78632e-11 2.24659e-06 0.00320848 0.711686 -0.0192111 4.89443 5.7811 -0.0111503 5533.84 5.7811 -0.0111503 5533.84 
27.9 4.84331 -0.0108903 5530.87 0 0 0 18.0189 0 0 2.31687e-07 1.79106e-11 2.24724e-06 0.00319 1.15976 -0.0188567 4.89432 5.65824 -0.0110811 5533.66 5.65824 -0.0110811 5533.66 
28 4.73139 -0.0107883 5530.83 0 0 0 18.0189 0 0 2.31584e-07 1.79405e-11 2.24791e-06 0.00316675 1.17218 -0.0185225 4.89422 5.54522 -0.010978 5533.62 5.54522 -0.010978 5533.62 
28.1 4.63221 -0.010635 5530.76 0 0 0 18.0189 0 0 2.3154e-07 1.79744e-11 2.24603e-06 0.00313988 1.24695 -0.018245 4.8941 5.44527 -0.0108247 5533.53 5.44527 -0.0108247 5533.53 
28.2 4.54888 -0.0104574 5530.72 0 0 0 18.0189 0 0 2.31421e-07 1.80081e-11 2.24841e-06 0.00311184 1.23655 -0.0180051 4.89398 5.36149 -0.0106465 5533.46 5.36149 -0.0106465 5533.46 
28.3 4.48383 -0.0102405 5530.68 0 0 0 18.0189 0 0 2.31322e-07 1.80325e-11 2.24948e-06 0.00307941 1.19771 -0.0178217 4.89386 5.29644 -0.0104299 5533.41 5.29644 -0.0104299 5533.41 
28.4 4.43872 -0.0100009 5530.65 0 0 0 18.0189 0 0 2.31247e-07 1.80527e-11 2.25108e-06 0.00304757 1.12108 -0.0177014 4.89375 5.25153 -0.0101906 5533.36 5.25153 -0.0101906 5533.36 
28.5 4.41437 -0.00975091 5530.64 0 0 0 18.0189 0 0 2.31183e-07 1.80689e-11 2.24781e-06 0.00301603 1.01331 -0.0176531 4.89363 5.22793 -0.00994079 5533.32 5.22793 -0.00994079 5533.32 
28.6 4.41173 -0.00949553 5530.63 0 0 0 18.0189 0 0 2.31125e-07 1.80794e-11 2.24922e-06 0.002986 0.878422 -0.017662 4.89353 5.22621 -0.00968581 5533.29 5.22621 -0.00968581 5533.29 
28.7 4.43044 -0.0092481 5530.64 0 0 0 18.0189 0 0 2.31105e-07 1.80841e-11 2.24953e-06 0.0029579 0.709859 -0.01774 4.89343 5.24609 -0.00943924 5533.28 5.24609 -0.00943924 5533.28 
28.8 4.46943 -0.00901797 5530.65 0 0 0 18.0189 0 0 2.31113e-07 1.80835e-11 2.24804e-06 0.00293464 0.528538 -0.0178788 4.89335 5.28679 -0.00920841 5533.27 5.28679 -0.00920841 5533.27 
28.9 4.52827 -0.00880369 5530.67 0 0 0 18.0189 0 0 2.31034e-07 1.80758e-11 2.24765e-06 0.00291452 0.339851 -0.0180684 4.89328 5.34696 -0.00899652 5533.28 5.34696 -0.00899652 5533.28 
29 4.6005 -0.0086176 5530.76 0 0 0 18.0189 0 0 2.31088e-07 1.80641e-11 2.24807e-06 0.00290014 0.403825 -0.0183074 4.89324 5.4211 -0.00881024 5533.36 5.4211 -0.00881024 5533.36 
29.1 4.69164 -0.00847038 5530.75 0 0 0 18.0189 0 0 2.31112e-07 1.80429e-11 2.24752e-06 0.0028915 0.0130437 -0.0185964 4.89321 5.51399 -0.00866394 5533.34 5.51399 -0.00866394 5533.34 
29.2 4.79461 -0.00837159 5530.91 0 0 0 18.0189 0 0 2.31194e-07 1.8005e-11 2.24689e-06 0.00288988 -1.20139 -0.0189322 4.89319 5.619 -0.00856553 5533.49 5.619 -0.00856553 5533.49 
29.3 4.9041 -0.00830167 5530.95 0 0 0 18.0189 0 0 2.31231e-07 1.79831e-11 2.24651e-06 0.00289077 -1.09807 -0.0192444 4.89321 5.73019 -0.00849599 5533.53 5.73019 -0.00849599 5533.53 
29.4 5.01944 -0.00826333 5530.94 0 0 0 18.0189 0 0 2.31285e-07 1.79486e-11 2.24573e-06 0.00289324 -0.852192 -0.0195467 4.89324 5.84794 -0.0084583 5533.51 5.84794 -0.0084583 5533.51 
29.5 5.13123 -0.00827975 5531.04 0 0 0 18.0189 0 0 2.31357e-07 1.79147e-11 2.24562e-06 0.00290514 -1.0595 -0.0198782 4.89329 5.9614 -0.00847574 5533.62 5.9614 -0.00847574 5533.62 
29.6 5.24321 -0.00833693 5530.97 0 0 0 18.0189 0 0 2.31415e-07 1.78922e-11 2.24443e-06 0.00292176 -0.908231 -0.0201892 4.89334 6.07358 -0.00853421 5533.57 6.07358 -0.00853421 5533.57 
29.7 5.35644 -0.00846451 5530.88 0 0 0 18.0189 0 0 2.31487e-07 1.78639e-11 2.24522e-06 0.00294565 -0.750832 -0.0204874 4.89342 6.18772 -0.00865893 5533.48 6.18772 -0.00865893 5533.48 
29.8 5.44448 -0.00858331 5530.87 0 0 0 18.0189 0 0 2.31557e-07 1.78393e-11 2.24493e-06 0.00296395 -0.767165 -0.0206783 4.89349 6.27609 -0.00877857 5533.49 6.27609 -0.00877857 5533.49 
29.9 5.52895 -0.00878639 5530.96 0 0 0 18.0189 0 0 2.31655e-07 1.78073e-11 2.24419e-06 0.00299312 -0.975476 -0.0208771 4.89361 6.36067 -0.00898136 5533.6 6.36067 -0.00898136 5533.6 
30 5.58972 -0.00897698 5531.34 0 0 0 18.0189 0 0 2.31744e-07 1.77717e-11 2.24423e-06 0.00301628 -1.14456 -0.0209964 4.89376 6.4212 -0.00917171 5534 6.4212 -0.00917171 5534 
30.1 5.63444 -0.00916246 5531.22 0 0 0 18.0189 0 0 2.31791e-07 1.77563e-11 2.24319e-06 0.0030403 -0.995892 -0.0210706 4.89384 6.46527 -0.00935672 5533.9 6.46527 -0.00935672 5533.9 
30.2 5.66281 -0.00937904 5531.57 0 0 0 18.0189 0 0 2.31875e-07 1.77313e-11 2.2439e-06 0.00306294 -0.936583 -0.021084 4.894 6.49285 -0.00957273 5534.26 6.49285 -0.00957273 5534.26 
30.3 5.67549 -0.00959327 5531.68 0 0 0 18.0189 0 0 2.31927e-07 1.77182e-11 2.24389e-06 0.00308621 -0.579596 -0.0210545 4.89412 6.50436 -0.009787 5534.39 6.50436 -0.009787 5534.39 
30.4 5.67863 -0.00980669 5531.1 0 0 0 18.0189 0 0 2.31927e-07 1.77182e-11 2.24389e-06 0.00311328 -0.740115 -0.0210043 4.89412 6.50604 -0.0100005 5533.84 6.50604 -0.0100005 5533.84 
30.5 5.65558 -0.0100058 5531.26 0 0 0 18.0189 0 0 2.31965e-07 1.7715e-11 2.24448e-06 0.00313075 -0.417149 -0.0208606 4.89424 6.48145 -0.0101994 5534.01 6.48145 -0.0101994 5534.01 
30.6 5.61717 -0.0101892 5531.23 0 0 0 18.0189 0 0 2.31981e-07 1.77159e-11 2.24421e-06 0.00314586 0.0365953 -0.0206869 4.89432 6.44142 -0.0103824 5534 6.44142 -0.0103824 5534 
30.7 5.56522 -0.0103486 5531.14 0 0 0 18.0189 0 0 2.31971e-07 1.77298e-11 2.24413e-06 0.00315748 0.720572 -0.0204716 4.89438 6.38777 -0.0105406 5533.92 6.38777 -0.0105406 5533.92 
30.8 5.50703 -0.0105152 5531.05 0 0 0 18.0189 0 0 2.31971e-07 1.77298e-11 2.24413e-06 0.00317357 -0.263065 -0.0202768 4.89438 6.32782 -0.0107069 5533.84 6.32782 -0.0107069 5533.84 
30.9 5.43168 -0.0106154 5531 0 0 0 18.0189 0 0 2.31952e-07 1.77452e-11 2.24468e-06 0.00317588 0.0583021 -0.0199991 4.89442 6.2508 -0.0108074 5533.79 6.2508 -0.0108074 5533.79 
31 5.34624 -0.0106884 5530.85 0 0 0 18.0189 0 0 2.31915e-07 1.77647e-11 2.24501e-06 0.00317879 0.667148 -0.0197236 4.89443 6.16384 -0.010882 5533.65 6.16384 -0.010882 5533.65 
31.1 5.25686 -0.0107383 5530.94 0 0 0 18.0189 0 0 2.31906e-07 1.77881e-11 2.24457e-06 0.00317634 0.2688 -0.019458 4.89442 6.07219 -0.0109322 5533.75 6.07219 -0.0109322 5533.75 
31.2 5.16534 -0.0107392 5530.94 0 0 0 18.0189 0 0 2.31848e-07 1.78079e-11 2.24567e-06 0.00316488 0.329869 -0.0191645 4.89441 5.98035 -0.0109317 5533.73 5.98035 -0.0109317 5533.73 
31.3 5.07169 -0.0107006 5530.63 0 0 0 18.0189 0 0 2.3177e-07 1.78486e-11 2.24622e-06 0.00315611 1.04464 -0.0189008 4.89435 5.88557 -0.0108926 5533.42 5.88557 -0.0108926 5533.42 
31.4 4.9812 -0.0106377 5530.78 0 0 0 18.0189 0 0 2.31718e-07 1.78782e-11 2.24833e-06 0.00313988 0.68519 -0.0186706 4.89431 5.7933 -0.0108279 5533.57 5.7933 -0.0108279 5533.57 
31.5 4.89966 -0.0105271 5530.41 0 0 0 18.0189 0 0 2.31633e-07 1.79282e-11 2.24929e-06 0.00312125 1.24972 -0.0184393 4.89421 5.71196 -0.0107115 5533.19 5.71196 -0.0107115 5533.19 
31.6 4.8179 -0.0103485 5530.64 0 0 0 18.0189 0 0 2.31601e-07 1.78747e-11 2.2445e-06 0.00309926 1.07381 -0.0182373 4.89417 5.63881 -0.0105686 5533.32 5.63881 -0.0105686 5533.32 
31.7 4.72395 -0.0102594 5530.95 0 0 0 18.0189 0 0 2.31542e-07 1.79818e-11 2.24801e-06 0.00307603 -0.309389 -0.0182063 4.89408 5.5303 -0.010454 5533.75 5.5303 -0.010454 5533.75 
31.8 4.68811 -0.0101049 5530.86 0 0 0 18.0189 0 0 2.31479e-07 1.79688e-11 2.24735e-06 0.00308674 0.705699 -0.0182118 4.89399 5.50845 -0.0103107 5533.53 5.50845 -0.0103107 5533.53 
31.9 4.65245 -0.00967564 5530.95 0 0 0 18.0189 0 0 2.31429e-07 1.80779e-11 2.24789e-06 0.00292374 0.129174 -0.0175005 4.89392 5.46305 -0.00985117 5533.69 5.46305 -0.00985117 5533.69 
32 4.65649 -0.00956943 5530.76 0 0 0 18.0189 0 0 2.31385e-07 1.80387e-11 2.24783e-06 0.00299647 0.869616 -0.0179548 4.89384 5.47372 -0.00976795 5533.43 5.47372 -0.00976795 5533.43 
32.1 4.64684 -0.00936767 5530.78 0 0 0 18.0189 0 0 2.31351e-07 1.80452e-11 2.24788e-06 0.00297857 0.444854 -0.0180745 4.89374 5.46538 -0.00956028 5533.44 5.46538 -0.00956028 5533.44 
32.2 4.67122 -0.00913616 5530.74 0 0 0 18.0189 0 0 2.31317e-07 1.80367e-11 2.24786e-06 0.00295742 0.410067 -0.0181774 4.89364 5.49022 -0.00933093 5533.39 5.49022 -0.00933093 5533.39 
32.3 4.70342 -0.00893018 5530.69 0 0 0 18.0189 0 0 2.31307e-07 1.8016e-11 2.24787e-06 0.00294149 0.304958 -0.0183445 4.89354 5.52434 -0.0091286 5533.32 5.52434 -0.0091286 5533.32 
32.4 4.72994 -0.00883954 5530.77 0 0 0 18.0189 0 0 2.31245e-07 1.80337e-11 2.24684e-06 0.00293269 0.215502 -0.0184831 4.8935 5.54981 -0.00903253 5533.42 5.54981 -0.00903253 5533.42 
32.5 4.78281 -0.00867992 5530.75 0 0 0 18.0189 0 0 2.31281e-07 1.80213e-11 2.24753e-06 0.00292152 0.11728 -0.0187016 4.89344 5.60457 -0.00887303 5533.39 5.60457 -0.00887303 5533.39 
32.6 4.83287 -0.00858409 5530.84 0 0 0 18.0189 0 0 2.31265e-07 1.80204e-11 2.2472e-06 0.00291511 -0.241926 -0.018912 4.8934 5.65455 -0.00877146 5533.49 5.65455 -0.00877146 5533.49 
32.7 4.88533 -0.00849475 5530.96 0 0 0 18.0189 0 0 2.31307e-07 1.7989e-11 2.2468e-06 0.002909 -0.63764 -0.0191452 4.89338 5.70951 -0.00868058 5533.6 5.70951 -0.00868058 5533.6 
32.8 4.91661 -0.0083903 5531.2 0 0 0 18.0189 0 0 2.31308e-07 1.79502e-11 2.24575e-06 0.00287946 -1.41586 -0.0193054 4.89336 5.75087 -0.00858711 5533.76 5.75087 -0.00858711 5533.76 
32.9 4.91893 -0.00798946 5531.39 0 0 0 18.0189 0 0 2.31323e-07 1.7833e-11 2.24596e-06 0.00269003 -2.15722 -0.0187871 4.89335 5.76195 -0.00826395 5533.89 5.76195 -0.00826395 5533.89 
33 5.09005 -0.00838638 5530.76 0 0 0 18.0189 0 0 2.31335e-07 1.8003e-11 2.24698e-06 0.00291771 0.404648 -0.0198117 4.89333 5.91902 -0.00857395 5533.39 5.91902 -0.00857395 5533.39 
33.1 5.15192 -0.00845397 5531.01 0 0 0 18.0189 0 0 2.31391e-07 1.80164e-11 2.24652e-06 0.00294189 0.0610952 -0.0200969 4.89343 5.98158 -0.00864604 5533.64 5.98158 -0.00864604 5533.64 
33.2 5.21095 -0.00852122 5530.95 0 0 0 18.0189 0 0 2.31435e-07 1.79629e-11 2.24575e-06 0.00295254 0.166481 -0.0202835 4.89351 6.04132 -0.00871607 5533.57 6.04132 -0.00871607 5533.57 
33.3 5.27224 -0.00864351 5531.27 0 0 0 18.0189 0 0 2.31515e-07 1.79089e-11 2.24529e-06 0.00297027 -0.463728 -0.0204827 4.89363 6.10226 -0.00883845 5533.89 6.10226 -0.00883845 5533.89 
33.4 5.32992 -0.00878367 5531.27 0 0 0 18.0189 0 0 2.31575e-07 1.78676e-11 2.24501e-06 0.00299137 -0.683444 -0.0206322 4.89369 6.15897 -0.00897859 5533.9 6.15897 -0.00897859 5533.9 
33.5 5.38282 -0.00894832 5531.31 0 0 0 18.0189 0 0 2.31638e-07 1.78182e-11 2.24461e-06 0.00301336 -0.998407 -0.0207313 4.89374 6.21019 -0.00914289 5533.95 6.21019 -0.00914289 5533.95 
33.6 5.42801 -0.00912412 5531.14 0 0 0 18.0189 0 0 2.31677e-07 1.77961e-11 2.24383e-06 0.00303109 -0.96595 -0.0207675 4.89375 6.25361 -0.00931793 5533.81 6.25361 -0.00931793 5533.81 
33.7 5.46106 -0.00933261 5531.11 0 0 0 18.0189 0 0 2.31721e-07 1.77784e-11 2.2444e-06 0.0030546 -1.07459 -0.0208073 4.89378 6.28544 -0.00952527 5533.8 6.28544 -0.00952527 5533.8 
33.8 5.48237 -0.00954794 5531.06 0 0 0 18.0189 0 0 2.31769e-07 1.77826e-11 2.24419e-06 0.00307717 -0.940279 -0.0208157 4.89383 6.30523 -0.00973992 5533.77 6.30523 -0.00973992 5533.77 
33.9 5.49021 -0.00981329 5530.99 0 0 0 18.0189 0 0 2.31781e-07 1.7764e-11 2.2445e-06 0.0031122 -0.793372 -0.0207712 4.89388 6.31276 -0.0100052 5533.72 6.31276 -0.0100052 5533.72 
34 5.48381 -0.00996163 5530.93 0 0 0 18.0189 0 0 2.31798e-07 1.77648e-11 2.2446e-06 0.00312738 -0.638161 -0.0206779 4.89394 6.30542 -0.0101539 5533.68 6.30542 -0.0101539 5533.68 
34.1 5.4645 -0.0101176 5530.9 0 0 0 18.0189 0 0 2.31811e-07 1.77605e-11 2.24464e-06 0.00313976 -0.34744 -0.0205309 4.89405 6.28538 -0.0103096 5533.66 6.28538 -0.0103096 5533.66 
34.2 5.43283 -0.0102555 5530.93 0 0 0 18.0189 0 0 2.31819e-07 1.77616e-11 2.24471e-06 0.003146 -0.24748 -0.0203191 4.89413 6.25299 -0.010447 5533.7 6.25299 -0.010447 5533.7 
34.3 5.39198 -0.0103944 5530.93 0 0 0 18.0189 0 0 2.31823e-07 1.77731e-11 2.24484e-06 0.00315646 0.0534084 -0.0201461 4.89422 6.21114 -0.0105845 5533.7 6.21114 -0.0105845 5533.7 
34.4 5.3439 -0.0104949 5530.92 0 0 0 18.0189 0 0 2.31817e-07 1.77839e-11 2.24489e-06 0.00316106 0.276385 -0.0199343 4.89427 6.16184 -0.0106861 5533.68 6.16184 -0.0106861 5533.68 
34.5 5.29027 -0.0105687 5530.87 0 0 0 18.0189 0 0 2.31808e-07 1.77927e-11 2.24512e-06 0.00316385 0.445162 -0.0197185 4.8943 6.1068 -0.010761 5533.64 6.1068 -0.010761 5533.64 
34.6 5.23341 -0.0106056 5530.85 0 0 0 18.0189 0 0 2.31795e-07 1.78074e-11 2.2454e-06 0.00315916 0.458794 -0.0194779 4.8943 6.04858 -0.0107985 5533.62 6.04858 -0.0107985 5533.62 
34.7 5.17547 -0.0106194 5530.83 0 0 0 18.0189 0 0 2.31778e-07 1.78229e-11 2.24569e-06 0.00315349 0.449276 -0.0192665 4.89429 5.98934 -0.0108135 5533.59 5.98934 -0.0108135 5533.59 
34.8 5.11802 -0.0105986 5530.8 0 0 0 18.0189 0 0 2.31752e-07 1.78325e-11 2.24595e-06 0.00314383 0.42886 -0.0190588 4.89425 5.93113 -0.0107924 5533.56 5.93113 -0.0107924 5533.56 
34.9 5.06221 -0.0105355 5530.78 0 0 0 18.0189 0 0 2.31723e-07 1.78537e-11 2.24621e-06 0.00312942 0.395846 -0.0188443 4.89421 5.8752 -0.0107266 5533.54 5.8752 -0.0107266 5533.54 
35 5.00881 -0.010439 5530.77 0 0 0 18.0189 0 0 2.31692e-07 1.78707e-11 2.2463e-06 0.00311359 0.349962 -0.0186568 4.89416 5.8223 -0.0106281 5533.52 5.8223 -0.0106281 5533.52 
35.1 4.95879 -0.0103085 5530.78 0 0 0 18.0189 0 0 2.31659e-07 1.78886e-11 2.24668e-06 0.00309475 0.282006 -0.0185025 4.89412 5.77288 -0.0104962 5533.52 5.77288 -0.0104962 5533.52 
35.2 4.90981 -0.0101448 5530.83 0 0 0 18.0189 0 0 2.31623e-07 1.79054e-11 2.24742e-06 0.0030725 0.091008 -0.0183735 4.89407 5.72415 -0.0103269 5533.56 5.72415 -0.0103269 5533.56 
35.3 4.87479 -0.00992061 5530.66 0 0 0 18.0189 0 0 2.3157e-07 1.79077e-11 2.24692e-06 0.0030508 0.304883 -0.0182828 4.89401 5.68974 -0.0101254 5533.39 5.68974 -0.0101254 5533.39 
35.4 4.82436 -0.00969829 5530.79 0 0 0 18.0189 0 0 2.31528e-07 1.79158e-11 2.24729e-06 0.00301478 -0.0271793 -0.0182041 4.89395 5.64819 -0.00989773 5533.44 5.64819 -0.00989773 5533.44 
35.5 4.68741 -0.00932881 5531.41 0 0 0 18.0189 0 0 2.31482e-07 1.77827e-11 2.24674e-06 0.00297804 -1.92112 -0.0181755 4.89388 5.54185 -0.00966511 5533.81 5.54185 -0.00966511 5533.81 
35.6 4.7155 -0.00926586 5531.01 0 0 0 18.0189 0 0 2.31426e-07 1.79557e-11 2.24793e-06 0.00291127 -1.80778 -0.0181204 4.89377 5.52115 -0.00942306 5533.84 5.52115 -0.00942306 5533.84 
35.7 4.79137 -0.00910649 5530.54 0 0 0 18.0189 0 0 2.31378e-07 1.80152e-11 2.24791e-06 0.00295816 1.38103 -0.0183719 4.89371 5.6124 -0.00929856 5533.22 5.6124 -0.00929856 5533.22 
35.8 4.78374 -0.00898645 5530.63 0 0 0 18.0189 0 0 2.31351e-07 1.81269e-11 2.24818e-06 0.00294563 1.29397 -0.0185194 4.89369 5.60571 -0.00917517 5533.3 5.60571 -0.00917517 5533.3 
35.9 4.79125 -0.00888098 5530.83 0 0 0 18.0189 0 0 2.31348e-07 1.81023e-11 2.24706e-06 0.00294639 0.888223 -0.0187392 4.89371 5.6166 -0.00908232 5533.46 5.6166 -0.00908232 5533.46 
36 4.80669 -0.00878282 5530.99 0 0 0 18.0189 0 0 2.31369e-07 1.80419e-11 2.24809e-06 0.00294259 0.511951 -0.0189297 4.89372 5.63583 -0.00899375 5533.58 5.63583 -0.00899375 5533.58 
36.1 4.82889 -0.00867185 5531.11 0 0 0 18.0189 0 0 2.31374e-07 1.79661e-11 2.24685e-06 0.00293271 0.104361 -0.0190666 4.89368 5.66474 -0.00890046 5533.64 5.66474 -0.00890046 5533.64 
36.2 4.88664 -0.00858488 5530.98 0 0 0 18.0189 0 0 2.31385e-07 1.79427e-11 2.24679e-06 0.00292567 -0.233836 -0.0192537 4.89357 5.71704 -0.00880679 5533.56 5.71704 -0.00880679 5533.56 
36.3 4.94329 -0.0085704 5530.85 0 0 0 18.0189 0 0 2.31397e-07 1.79044e-11 2.24639e-06 0.00293395 -0.294295 -0.019439 4.89349 5.77184 -0.00878444 5533.46 5.77184 -0.00878444 5533.46 
36.4 4.99494 -0.0086026 5530.76 0 0 0 18.0189 0 0 2.31398e-07 1.79502e-11 2.24669e-06 0.00294786 0.0562513 -0.0196124 4.89346 5.82151 -0.00880226 5533.39 5.82151 -0.00880226 5533.39 
36.5 5.02879 -0.00863665 5530.8 0 0 0 18.0189 0 0 2.31408e-07 1.79698e-11 2.24662e-06 0.00294955 -0.342801 -0.0197963 4.89343 5.85622 -0.00882951 5533.43 5.85622 -0.00882951 5533.43 
36.6 5.08174 -0.0086977 5530.86 0 0 0 18.0189 0 0 2.31427e-07 1.79599e-11 2.24643e-06 0.00296791 -0.402269 -0.019997 4.89344 5.91016 -0.00889295 5533.5 5.91016 -0.00889295 5533.5 
36.7 5.13015 -0.00878149 5530.82 0 0 0 18.0189 0 0 2.31452e-07 1.79237e-11 2.24606e-06 0.00298492 -0.296929 -0.0201561 4.89348 5.95978 -0.00897829 5533.47 5.95978 -0.00897829 5533.47 
36.8 5.17129 -0.00890578 5531.1 0 0 0 18.0189 0 0 2.31483e-07 1.78925e-11 2.24584e-06 0.00300063 -0.585401 -0.0202952 4.89356 6.00188 -0.00909861 5533.76 6.00188 -0.00909861 5533.76 
36.9 5.20908 -0.00905048 5531.09 0 0 0 18.0189 0 0 2.3151e-07 1.78783e-11 2.24548e-06 0.00301847 -0.558068 -0.0204064 4.89362 6.03921 -0.00924296 5533.76 6.03921 -0.00924296 5533.76 
37 5.24046 -0.00922437 5531.07 0 0 0 18.0189 0 0 2.31536e-07 1.78641e-11 2.24499e-06 0.00303889 -0.598315 -0.0205125 4.89367 6.06887 -0.00941919 5533.76 6.06887 -0.00941919 5533.76 
37.1 5.27305 -0.0093939 5531.16 0 0 0 18.0189 0 0 2.31572e-07 1.78292e-11 2.24529e-06 0.00305673 -0.417882 -0.0205411 4.89373 6.10342 -0.00959416 5533.84 6.10342 -0.00959416 5533.84 
37.2 5.27219 -0.0095723 5531.31 0 0 0 18.0189 0 0 2.31598e-07 1.77928e-11 2.24472e-06 0.00306513 -0.809593 -0.0205468 4.89377 6.10657 -0.00978092 5533.95 6.10657 -0.00978092 5533.95 
37.3 5.14861 -0.00957674 5531.91 0 0 0 18.0189 0 0 2.31608e-07 1.77208e-11 2.24426e-06 0.00294838 -3.81063 -0.0202637 4.89378 5.99823 -0.00986971 5534.44 5.99823 -0.00986971 5534.44 
37.4 5.32117 -0.00993191 5530.75 0 0 0 18.0189 0 0 2.31612e-07 1.7676e-11 2.24557e-06 0.00314288 0.985155 -0.0205237 4.89377 6.16297 -0.0101795 5533.35 6.16297 -0.0101795 5533.35 
37.5 5.31111 -0.0101131 5530.74 0 0 0 18.0189 0 0 2.31611e-07 1.78886e-11 2.24582e-06 0.00312368 0.843504 -0.0203004 4.89378 6.14018 -0.0102968 5533.44 6.14018 -0.0102968 5533.44 
37.6 5.30361 -0.0102483 5530.83 0 0 0 18.0189 0 0 2.31642e-07 1.79459e-11 2.24585e-06 0.00313795 0.796321 -0.0201825 4.89389 6.13134 -0.010434 5533.53 6.13134 -0.010434 5533.53 
37.7 5.29312 -0.0103427 5531.06 0 0 0 18.0189 0 0 2.3169e-07 1.79214e-11 2.24539e-06 0.00314367 0.501693 -0.0200298 4.89404 6.12082 -0.0105321 5533.75 6.12082 -0.0105321 5533.75 
37.8 5.28418 -0.0103949 5531.23 0 0 0 18.0189 0 0 2.31737e-07 1.7871e-11 2.24501e-06 0.0031413 0.102553 -0.0198365 4.89414 6.11098 -0.0105855 5533.91 6.11098 -0.0105855 5533.91 
37.9 5.27476 -0.0104065 5531.24 0 0 0 18.0189 0 0 2.31769e-07 1.78348e-11 2.24473e-06 0.00313632 -0.280743 -0.0196217 4.89418 6.09926 -0.0105979 5533.93 6.09926 -0.0105979 5533.93 
38 5.2666 -0.0103774 5531.24 0 0 0 18.0189 0 0 2.31793e-07 1.78001e-11 2.24466e-06 0.00312652 -0.552314 -0.0193984 4.89418 6.08871 -0.0105688 5533.93 6.08871 -0.0105688 5533.93 
38.1 5.25342 -0.0103482 5531.15 0 0 0 18.0189 0 0 2.31794e-07 1.7801e-11 2.2448e-06 0.00312177 -0.673433 -0.0192757 4.89415 6.07335 -0.0105399 5533.86 6.07335 -0.0105399 5533.86 
38.2 5.23402 -0.0102722 5531.06 0 0 0 18.0189 0 0 2.31786e-07 1.78065e-11 2.24504e-06 0.00310535 -0.665067 -0.0190979 4.8941 6.0523 -0.010464 5533.79 6.0523 -0.010464 5533.79 
38.3 5.20664 -0.0102231 5530.97 0 0 0 18.0189 0 0 2.31765e-07 1.78255e-11 2.24534e-06 0.00310427 -0.507017 -0.0190543 4.89406 6.02391 -0.0104159 5533.71 6.02391 -0.0104159 5533.71 
38.4 5.17537 -0.0101366 5530.84 0 0 0 18.0189 0 0 2.31736e-07 1.78248e-11 2.24577e-06 0.00309453 -0.209311 -0.0189424 4.89405 5.99208 -0.0103328 5533.59 5.99208 -0.0103328 5533.59 
38.5 5.13844 -0.00999826 5530.59 0 0 0 18.0189 0 0 2.31699e-07 1.78702e-11 2.24577e-06 0.00306037 0.414315 -0.0187365 4.89406 5.95485 -0.0101902 5533.35 5.95485 -0.0101902 5533.35 
38.6 5.0925 -0.00986475 5530.89 0 0 0 18.0189 0 0 2.31672e-07 1.78644e-11 2.24633e-06 0.00304761 0.222488 -0.0186984 4.89407 5.90882 -0.0100582 5533.64 5.90882 -0.0100582 5533.64 
38.7 5.04504 -0.0096668 5530.89 0 0 0 18.0189 0 0 2.31634e-07 1.78886e-11 2.24646e-06 0.00302151 0.535918 -0.0186227 4.89409 5.86116 -0.00986042 5533.64 5.86116 -0.00986042 5533.64 
38.8 5.0153 -0.00955346 5530.92 0 0 0 18.0189 0 0 2.31608e-07 1.78993e-11 2.24708e-06 0.00300962 0.540617 -0.0185991 4.89408 5.83113 -0.00974752 5533.66 5.83113 -0.00974752 5533.66 
38.9 4.98254 -0.00939766 5530.7 0 0 0 18.0189 0 0 2.31582e-07 1.7914e-11 2.24639e-06 0.00299448 0.711348 -0.0185885 4.89404 5.79804 -0.0095925 5533.43 5.79804 -0.0095925 5533.43 
39 4.95517 -0.00925775 5530.46 0 0 0 18.0189 0 0 2.31542e-07 1.79272e-11 2.24691e-06 0.00298197 0.804632 -0.0186073 4.89398 5.77036 -0.00945409 5533.19 5.77036 -0.00945409 5533.19 
39.1 4.9322 -0.00912269 5530.33 0 0 0 18.0189 0 0 2.31519e-07 1.79369e-11 2.24695e-06 0.00297075 0.716299 -0.018662 4.89392 5.74718 -0.00931902 5533.04 5.74718 -0.00931902 5533.04 
39.2 4.91411 -0.00899879 5530.86 0 0 0 18.0189 0 0 2.31519e-07 1.79369e-11 2.24695e-06 0.0029607 0.456272 -0.0187522 4.89392 5.7291 -0.00919501 5533.56 5.7291 -0.00919501 5533.56 
39.3 4.90355 -0.00889581 5530.71 0 0 0 18.0189 0 0 2.31501e-07 1.79457e-11 2.24709e-06 0.00295568 0.372078 -0.0188548 4.89384 5.71879 -0.0090925 5533.4 5.71879 -0.0090925 5533.4 
39.4 4.90021 -0.00881793 5530.59 0 0 0 18.0189 0 0 2.31437e-07 1.79512e-11 2.24736e-06 0.00295012 0.234366 -0.018989 4.89377 5.71593 -0.00901548 5533.27 5.71593 -0.00901548 5533.27 
39.5 4.90377 -0.0087703 5530.5 0 0 0 18.0189 0 0 2.31525e-07 1.79485e-11 2.24562e-06 0.0029536 0.0763284 -0.0191476 4.89371 5.72026 -0.00896777 5533.17 5.72026 -0.00896777 5533.17 
39.6 4.91354 -0.0087416 5530.46 0 0 0 18.0189 0 0 2.31321e-07 1.79524e-11 2.24949e-06 0.00295418 -0.0992216 -0.0193051 4.89367 5.73103 -0.00893922 5533.14 5.73103 -0.00893922 5533.14 
39.7 4.9291 -0.00874142 5530.49 0 0 0 18.0189 0 0 2.31652e-07 1.79474e-11 2.24111e-06 0.00296206 -0.272084 -0.0194772 4.89364 5.74783 -0.00893844 5533.16 5.74783 -0.00893844 5533.16 
39.8 4.94981 -0.00876083 5530.58 0 0 0 18.0189 0 0 2.31296e-07 1.79423e-11 2.25071e-06 0.00296922 -0.442215 -0.0196387 4.89363 5.7698 -0.00895773 5533.24 5.7698 -0.00895773 5533.24 
39.9 4.97385 -0.00878864 5530.72 0 0 0 18.0189 0 0 2.31296e-07 1.79423e-11 2.25071e-06 0.00297831 -0.0599228 -0.0197826 4.89363 5.79522 -0.00898477 5533.39 5.79522 -0.00898477 5533.39 
40 5.00247 -0.0088672 5530.75 0 0 0 18.0189 0 0 2.31646e-07 1.79367e-11 2.23947e-06 0.00299123 -0.165791 -0.0199382 4.89363 5.8252 -0.00906298 5533.42 5.8252 -0.00906298 5533.42 
40.1 5.0334 -0.00896877 5530.84 0 0 0 18.0189 0 0 2.31319e-07 1.79304e-11 2.25085e-06 0.00300694 -0.279976 -0.0200738 4.89363 5.85747 -0.00916329 5533.5 5.85747 -0.00916329 5533.5 
40.2 5.06567 -0.00908183 5530.84 0 0 0 18.0189 0 0 2.31485e-07 1.79227e-11 2.24559e-06 0.00302331 -0.135365 -0.0201922 4.89363 5.89091 -0.00927613 5533.5 5.89091 -0.00927613 5533.5 
40.3 5.09946 -0.00922733 5531.02 0 0 0 18.0189 0 0 2.31486e-07 1.79101e-11 2.24611e-06 0.00303775 -0.380563 -0.0202813 4.89364 5.92577 -0.00942116 5533.68 5.92577 -0.00942116 5533.68 
40.4 5.13297 -0.00938985 5530.95 0 0 0 18.0189 0 0 2.31552e-07 1.79032e-11 2.24435e-06 0.00305888 -0.239882 -0.0203584 4.89365 5.96014 -0.00958314 5533.61 5.96014 -0.00958314 5533.61 
40.5 5.16542 -0.00955208 5530.85 0 0 0 18.0189 0 0 2.3152e-07 1.78934e-11 2.24576e-06 0.00307749 -0.110247 -0.0203862 4.89366 5.99345 -0.00974486 5533.51 5.99345 -0.00974486 5533.51 
40.6 5.19797 -0.00971282 5531.47 0 0 0 18.0189 0 0 2.31571e-07 1.78695e-11 2.24541e-06 0.00309025 -0.694772 -0.0203833 4.89371 6.02665 -0.00990469 5534.13 6.02665 -0.00990469 5534.13 
40.7 5.22552 -0.0098527 5530.92 0 0 0 18.0189 0 0 2.31571e-07 1.78695e-11 2.24541e-06 0.00310408 -0.240269 -0.0203247 4.89371 6.05469 -0.0100448 5533.59 6.05469 -0.0100448 5533.59 
40.8 5.25146 -0.00997188 5531.21 0 0 0 18.0189 0 0 2.31633e-07 1.78514e-11 2.24452e-06 0.00311273 -0.473523 -0.0202452 4.89375 6.08103 -0.0101631 5533.88 6.08103 -0.0101631 5533.88 
40.9 5.27323 -0.0100703 5531.34 0 0 0 18.0189 0 0 2.31618e-07 1.78428e-11 2.24576e-06 0.00311855 -0.511992 -0.0201415 4.89379 6.10299 -0.0102613 5534.02 6.10299 -0.0102613 5534.02 
41 5.29066 -0.0101487 5531.52 0 0 0 18.0189 0 0 2.31634e-07 1.78301e-11 2.24619e-06 0.0031235 -0.551019 -0.0200264 4.89384 6.12046 -0.0103396 5534.2 6.12046 -0.0103396 5534.2 
41.1 5.30278 -0.0102006 5531.64 0 0 0 18.0189 0 0 2.31708e-07 1.78254e-11 2.24449e-06 0.00312491 -0.495559 -0.019888 4.89388 6.13233 -0.0103914 5534.33 6.13233 -0.0103914 5534.33 
41.2 5.30946 -0.0102405 5531.04 0 0 0 18.0189 0 0 2.31708e-07 1.78254e-11 2.24449e-06 0.00312383 -0.354048 -0.0197411 4.89388 6.13869 -0.0104316 5533.73 6.13869 -0.0104316 5533.73 
41.3 5.30983 -0.0102648 5531.04 0 0 0 18.0189 0 0 2.31675e-07 1.78188e-11 2.24648e-06 0.00312246 -0.32471 -0.0196207 4.89393 6.13853 -0.0104557 5533.74 6.13853 -0.0104557 5533.74 
41.4 5.30109 -0.0102626 5531.03 0 0 0 18.0189 0 0 2.31712e-07 1.78187e-11 2.24522e-06 0.00311776 -0.269723 -0.0194834 4.89397 6.12891 -0.010454 5533.74 6.12891 -0.010454 5533.74 
41.5 5.28415 -0.0102367 5531.07 0 0 0 18.0189 0 0 2.3172e-07 1.78171e-11 2.24517e-06 0.00310837 -0.236967 -0.0193536 4.894 6.11106 -0.0104282 5533.79 6.11106 -0.0104282 5533.79 
41.6 5.26414 -0.010209 5531.09 0 0 0 18.0189 0 0 2.31727e-07 1.78194e-11 2.24535e-06 0.00310297 -0.180172 -0.0192666 4.89403 6.08997 -0.010401 5533.81 6.08997 -0.010401 5533.81 
41.7 5.23425 -0.0101308 5531.06 0 0 0 18.0189 0 0 2.31712e-07 1.78278e-11 2.24546e-06 0.00308733 -0.0341742 -0.0191363 4.89405 6.05891 -0.0103225 5533.79 6.05891 -0.0103225 5533.79 
41.8 5.20719 -0.0100589 5531.13 0 0 0 18.0189 0 0 2.31716e-07 1.78337e-11 2.24553e-06 0.00307553 -0.0513704 -0.0190501 4.89407 6.03062 -0.0102511 5533.86 6.03062 -0.0102511 5533.86 
41.9 5.17878 -0.00998623 5531.12 0 0 0 18.0189 0 0 2.31667e-07 1.78413e-11 2.24538e-06 0.00306649 -0.0163355 -0.0189961 4.89407 6.00094 -0.0101794 5533.85 6.00094 -0.0101794 5533.85 
42 5.1464 -0.00988054 5530.95 0 0 0 18.0189 0 0 2.3168e-07 1.78493e-11 2.2458e-06 0.00305549 0.460397 -0.0189225 4.89407 5.96731 -0.0100749 5533.69 5.96731 -0.0100749 5533.69 
42.1 5.11284 -0.00976359 5530.72 0 0 0 18.0189 0 0 2.31551e-07 1.78693e-11 2.24547e-06 0.00303981 0.931889 -0.0188532 4.89405 5.93255 -0.00995822 5533.45 5.93255 -0.00995822 5533.45 
42.2 5.0799 -0.00965279 5530.93 0 0 0 18.0189 0 0 2.31551e-07 1.78693e-11 2.24547e-06 0.00302414 0.434451 -0.01882 4.89405 5.89848 -0.00984785 5533.66 5.89848 -0.00984785 5533.66 
42.3 5.0458 -0.00952591 5530.54 0 0 0 18.0189 0 0 2.31474e-07 1.78791e-11 2.2582e-06 0.00301748 0.860315 -0.0187976 4.89404 5.86328 -0.009721 5533.28 5.86328 -0.009721 5533.28 
42.4 5.01382 -0.00940972 5530.89 0 0 0 18.0189 0 0 2.31474e-07 1.78791e-11 2.2582e-06 0.00300395 0.367103 -0.0188071 4.89404 5.83037 -0.00960495 5533.62 5.83037 -0.00960495 5533.62 
42.5 4.98394 -0.00928418 5530.51 0 0 0 18.0189 0 0 2.31712e-07 1.78987e-11 2.23636e-06 0.00298961 0.703495 -0.0188189 4.89399 5.79974 -0.00948121 5533.23 5.79974 -0.00948121 5533.23 
42.6 4.95658 -0.0091774 5530.46 0 0 0 18.0189 0 0 2.31551e-07 1.79076e-11 2.24702e-06 0.00298196 0.625312 -0.0188711 4.89396 5.7718 -0.00937449 5533.18 5.7718 -0.00937449 5533.18 
42.7 4.93271 -0.00908042 5530.35 0 0 0 18.0189 0 0 2.31532e-07 1.79163e-11 2.2457e-06 0.00297532 0.608856 -0.0189414 4.89393 5.74747 -0.00927871 5533.07 5.74747 -0.00927871 5533.07 
42.8 4.91395 -0.00900079 5530.07 0 0 0 18.0189 0 0 2.31505e-07 1.79266e-11 2.24614e-06 0.00296977 0.617148 -0.0190181 4.89388 5.72881 -0.00919791 5532.78 5.72881 -0.00919791 5532.78 
42.9 4.90097 -0.00894263 5530.67 0 0 0 18.0189 0 0 2.31505e-07 1.79266e-11 2.24614e-06 0.00297004 0.36565 -0.0191387 4.89388 5.71556 -0.00914102 5533.37 5.71556 -0.00914102 5533.37 
43 4.89408 -0.00890738 5530.35 0 0 0 18.0189 0 0 2.31483e-07 1.79221e-11 2.24765e-06 0.00297272 0.428487 -0.0192478 4.89383 5.70995 -0.00910617 5533.04 5.70995 -0.00910617 5533.04 
43.1 4.89576 -0.00889034 5530.11 0 0 0 18.0189 0 0 2.31461e-07 1.79597e-11 2.24735e-06 0.00296878 0.259368 -0.0193537 4.89379 5.70879 -0.00908789 5532.82 5.70879 -0.00908789 5532.82 
43.2 4.89823 -0.00888269 5530.65 0 0 0 18.0189 0 0 2.31461e-07 1.79597e-11 2.24735e-06 0.00297294 0.180597 -0.0194807 4.89379 5.70947 -0.00908238 5533.37 5.70947 -0.00908238 5533.37 
43.3 4.90983 -0.00891853 5530.53 0 0 0 18.0189 0 0 2.31451e-07 1.79512e-11 2.24667e-06 0.00298896 0.201795 -0.01961 4.89375 5.72443 -0.00911514 5533.23 5.72443 -0.00911514 5533.23 
43.4 4.92332 -0.00895337 5530.54 0 0 0 18.0189 0 0 2.31455e-07 1.79391e-11 2.24663e-06 0.00299239 0.0516094 -0.0197008 4.89374 5.74434 -0.00915554 5533.18 5.74434 -0.00915554 5533.18 
43.5 4.94507 -0.00903879 5530.65 0 0 0 18.0189 0 0 2.31458e-07 1.79154e-11 2.24655e-06 0.00300997 -0.030751 -0.019833 4.89373 5.76412 -0.00922005 5533.31 5.76412 -0.00922005 5533.31 
43.6 4.96189 -0.00908515 5530.85 0 0 0 18.0189 0 0 2.31461e-07 1.79354e-11 2.24654e-06 0.00300697 -0.160942 -0.0198756 4.89371 5.78309 -0.00927444 5533.5 5.78309 -0.00927444 5533.5 
43.7 5.00681 -0.00917712 5530.78 0 0 0 18.0189 0 0 2.31467e-07 1.79223e-11 2.24645e-06 0.00302469 0.0329825 -0.0199634 4.89369 5.82637 -0.00937334 5533.44 5.82637 -0.00937334 5533.44 
43.8 5.05029 -0.00931888 5530.78 0 0 0 18.0189 0 0 2.31483e-07 1.79233e-11 2.24636e-06 0.00304119 -0.109298 -0.0200112 4.89367 5.8718 -0.0095116 5533.44 5.8718 -0.0095116 5533.44 
43.9 5.0822 -0.00942571 5530.71 0 0 0 18.0189 0 0 2.31495e-07 1.79235e-11 2.24625e-06 0.00305451 -0.178755 -0.0200506 4.89366 5.90481 -0.00961762 5533.37 5.90481 -0.00961762 5533.37 
44 5.11287 -0.00950454 5530.78 0 0 0 18.0189 0 0 2.31507e-07 1.79131e-11 2.24621e-06 0.00306382 -0.0627652 -0.0200633 4.89367 5.93667 -0.00969694 5533.44 5.93667 -0.00969694 5533.44 
44.1 5.15275 -0.00963519 5530.78 0 0 0 18.0189 0 0 2.31531e-07 1.78952e-11 2.246e-06 0.00307584 -0.189548 -0.0200438 4.89369 5.978 -0.00982728 5533.44 5.978 -0.00982728 5533.44 
44.2 5.1777 -0.00970713 5530.78 0 0 0 18.0189 0 0 2.31544e-07 1.78965e-11 2.24597e-06 0.00308185 -0.198449 -0.0200298 4.8937 6.00249 -0.00989932 5533.45 6.00249 -0.00989932 5533.45 
44.3 5.20934 -0.00980665 5530.83 0 0 0 18.0189 0 0 2.31569e-07 1.78815e-11 2.24585e-06 0.00309021 -0.232482 -0.0199839 4.89372 6.0354 -0.00999743 5533.5 6.0354 -0.00999743 5533.5 
44.4 5.23628 -0.00989238 5530.88 0 0 0 18.0189 0 0 2.31592e-07 1.78694e-11 2.2459e-06 0.00309653 -0.282461 -0.0199254 4.89375 6.06329 -0.0100827 5533.55 6.06329 -0.0100827 5533.55 
44.5 5.25269 -0.00992905 5530.85 0 0 0 18.0189 0 0 2.31603e-07 1.78625e-11 2.24629e-06 0.0030972 -0.227532 -0.0198694 4.89377 6.08021 -0.0101211 5533.53 6.08021 -0.0101211 5533.53 
44.6 5.2712 -0.00999043 5530.94 0 0 0 18.0189 0 0 2.31626e-07 1.78562e-11 2.24573e-06 0.00310136 -0.266064 -0.0198063 4.8938 6.09883 -0.0101813 5533.62 6.09883 -0.0101813 5533.62 
44.7 5.28449 -0.0100206 5531.14 0 0 0 18.0189 0 0 2.31652e-07 1.78439e-11 2.24579e-06 0.00309864 -0.330024 -0.0197126 4.89384 6.11288 -0.0102137 5533.82 6.11288 -0.0102137 5533.82 
44.8 5.29091 -0.0100556 5531.01 0 0 0 18.0189 0 0 2.31668e-07 1.78543e-11 2.2453e-06 0.0030996 -0.414065 -0.0196418 4.89385 6.1163 -0.010245 5533.72 6.1163 -0.010245 5533.72 
44.9 5.29052 -0.0100632 5531.01 0 0 0 18.0189 0 0 2.31672e-07 1.78393e-11 2.24548e-06 0.00309468 -0.411661 -0.0195556 4.89387 6.11827 -0.0102562 5533.7 6.11827 -0.0102562 5533.7 
45 5.29189 -0.0100294 5531.03 0 0 0 18.0189 0 0 2.31686e-07 1.78394e-11 2.24548e-06 0.00308617 -0.197937 -0.0194198 4.89391 6.11801 -0.0102207 5533.74 6.11801 -0.0102207 5533.74 
