0 0.221264 0 0 -0 -0 0 0 0 0 0 0 0 
0.1 0.221264 3.7234e-38 -0.000794902 -4.51338e-41 5.6294e-05 -6.03579e-38 0 0 -0.0155698 -6.20914e-40 -0.00104561 -3.25382e-44 
0.2 0.221264 3.7234e-38 -0.00296407 -1.15206e-40 0.000183268 -6.0354e-38 0 0 -0.0268253 -7.21547e-40 -0.0013294 -1.24632e-43 
0.3 0.221264 3.7234e-38 -0.00591759 -1.79881e-40 0.000290544 -6.03508e-38 0 0 -0.0310717 -4.64523e-40 -0.000604511 -1.21901e-43 
0.4 0.221264 3.7234e-38 -0.0089262 -1.97909e-40 0.000267694 -6.03514e-38 0 0 -0.028116 4.40711e-41 0.000829925 2.16652e-44 
0.5 0.221264 3.7234e-38 -0.0113449 -1.58155e-40 8.77699e-05 -6.03569e-38 0 0 -0.0196581 6.68879e-40 0.00259205 7.11079e-44 
0.6 0.221264 3.7234e-38 -0.0127605 -5.87881e-41 -0.000262499 -6.03675e-38 0 0 -0.0085418 1.22305e-39 0.00415478 -3.01023e-43 
0.7 0.221264 3.7234e-38 -0.0130748 7.85066e-41 -0.000719102 -6.03812e-38 0 0 0.00190686 1.47891e-39 0.00487616 -1.05475e-42 
0.8 0.221264 3.7234e-38 -0.0124941 2.16312e-40 -0.00117521 -6.03947e-38 0 0 0.00907955 1.34836e-39 0.00450821 -1.62187e-42 
0.9 0.221264 3.7234e-38 -0.0114184 3.46229e-40 -0.00162853 -6.04081e-38 0 0 0.0118733 8.53454e-40 0.00311356 -1.38289e-42 
1 0.221264 3.7234e-38 -0.0102822 3.74793e-40 -0.00177282 -6.04123e-38 0 0 0.0104637 7.01588e-41 0.000906529 -1.92726e-43 
1.1 0.221264 3.7234e-38 -0.00944578 3.36216e-40 -0.00172503 -6.0411e-38 0 0 0.0060387 -8.2986e-40 -0.00162928 1.34739e-42 
1.2 0.221264 3.7234e-38 -0.00914622 2.0653e-40 -0.00143072 -6.04024e-38 0 0 3.01079e-05 -1.74705e-39 -0.00421367 2.42721e-42 
1.3 0.221264 3.7234e-38 -0.00941929 -2.7482e-41 -0.000847396 -6.03852e-38 0 0 -0.00521295 -2.51642e-39 -0.006382 2.19746e-42 
1.4 0.221264 3.7234e-38 -0.01013 -3.01993e-40 -0.000142341 -6.03641e-38 0 0 -0.00864873 -3.05157e-39 -0.00789066 5.07735e-43 
1.5 0.221264 3.7234e-38 -0.0110657 -6.26798e-40 0.000700722 -6.03383e-38 0 0 -0.00966426 -3.24086e-39 -0.00842447 -2.09693e-42 
1.6 0.221264 3.7234e-38 -0.011978 -9.40249e-40 0.00151363 -6.0313e-38 0 0 -0.00820634 -3.03446e-39 -0.00784209 -4.42465e-42 
1.7 0.221264 3.7234e-38 -0.0126441 -1.23322e-39 0.00226323 -6.02891e-38 0 0 -0.00492936 -2.50932e-39 -0.00635983 -5.41902e-42 
1.8 0.221264 3.7234e-38 -0.0129453 -1.43981e-39 0.00277444 -6.02726e-38 0 0 -0.00110745 -1.80265e-39 -0.0043646 -4.82758e-42 
1.9 0.221264 3.7234e-38 -0.0128859 -1.56539e-39 0.00306057 -6.02633e-38 0 0 0.00213474 -9.98785e-40 -0.00209444 -2.95172e-42 
2 0.221264 3.7234e-38 -0.0125639 -1.62115e-39 0.00314982 -6.02603e-38 0 0 0.00411631 -2.58446e-40 -3.46514e-06 -7.23578e-43 
2.1 0.221264 3.7234e-38 -0.0121044 -1.61639e-39 0.00306296 -6.0263e-38 0 0 0.00490696 2.58199e-40 0.00145573 8.7848e-43 
2.2 0.221264 3.7234e-38 -0.0115996 -1.57953e-39 0.00288531 -6.02686e-38 0 0 0.00512889 4.12857e-40 0.00189252 1.27411e-42 
2.3 0.221264 3.7234e-38 -0.0110936 -1.54301e-39 0.00271073 -6.02742e-38 0 0 0.00490156 3.00617e-40 0.00157556 8.90032e-43 
2.4 0.221264 3.7234e-38 -0.0106427 -1.52457e-39 0.00258309 -6.02782e-38 0 0 0.00399217 5.82336e-41 0.000891147 2.20662e-43 
2.5 0.221264 3.7234e-38 -0.0103222 -1.53296e-39 0.00253335 -6.02797e-38 0 0 0.00232312 -1.92506e-40 0.000183166 -4.20079e-43 
2.6 0.221264 3.7234e-38 -0.0101865 -1.56611e-39 0.00255049 -6.02791e-38 0 0 0.000419537 -3.95658e-40 -0.000390443 -9.39228e-43 
2.7 0.221264 3.7234e-38 -0.0102192 -1.60893e-39 0.00260663 -6.02772e-38 0 0 -0.000940288 -5.37442e-40 -0.000790784 -1.33057e-42 
2.8 0.221264 3.7234e-38 -0.0103402 -1.67458e-39 0.0027094 -6.02738e-38 0 0 -0.00132699 -5.99218e-40 -0.000965222 -1.54178e-42 
2.9 0.221264 3.7234e-38 -0.0104522 -1.73533e-39 0.00280658 -6.02705e-38 0 0 -0.00080401 -5.85482e-40 -0.000926432 -1.55699e-42 
3 0.221264 3.7234e-38 -0.010479 -1.78175e-39 0.00287661 -6.02681e-38 0 0 0.000334046 -5.24316e-40 -0.0007537 -1.42738e-42 
3.1 0.221264 3.7234e-38 -0.0103698 -1.83158e-39 0.00293759 -6.0266e-38 0 0 0.00183129 -4.12504e-40 -0.000437937 -1.12711e-42 
3.2 0.221264 3.7234e-38 -0.0101204 -1.86499e-39 0.00296374 -6.02651e-38 0 0 0.00306959 -3.10051e-40 -0.000148595 -8.34695e-43 
3.3 0.221264 3.7234e-38 -0.00978013 -1.88805e-39 0.00295773 -6.02652e-38 0 0 0.00358573 -1.58827e-40 0.000278485 -3.86019e-43 
3.4 0.221264 3.7234e-38 -0.00943485 -1.89227e-39 0.00289505 -6.02671e-38 0 0 0.00317312 7.85831e-41 0.000948957 3.0916e-43 
3.5 0.221264 3.7234e-38 -0.00917042 -1.86827e-39 0.00275427 -6.02716e-38 0 0 0.00204579 3.75925e-40 0.00178864 1.11432e-42 
3.6 0.221264 3.7234e-38 -0.00902859 -1.81613e-39 0.00253399 -6.02786e-38 0 0 0.000828778 6.20618e-40 0.00247959 1.64809e-42 
3.7 0.221264 3.7234e-38 -0.00898981 -1.74803e-39 0.00226964 -6.02871e-38 0 0 3.01797e-05 7.19299e-40 0.00275821 1.69902e-42 
3.8 0.221264 3.7234e-38 -0.00900527 -1.67711e-39 0.00199626 -6.02958e-38 0 0 -0.000273692 6.75523e-40 0.00263464 1.40579e-42 
3.9 0.221264 3.7234e-38 -0.00903193 -1.61638e-39 0.00175162 -6.03035e-38 0 0 -0.000218135 5.34819e-40 0.00223748 9.83432e-43 
4 0.221264 3.7234e-38 -0.00904229 -1.57524e-39 0.00156654 -6.03094e-38 0 0 2.14813e-05 3.39595e-40 0.00168649 5.65175e-43 
4.1 0.221264 3.7234e-38 -0.00902367 -1.54989e-39 0.00142028 -6.03139e-38 0 0 0.000276341 1.5944e-40 0.00117808 2.54811e-43 
4.2 0.221264 3.7234e-38 -0.00899651 -1.54134e-39 0.00132327 -6.0317e-38 0 0 0.000217435 2.99771e-41 0.000812736 6.3839e-44 
4.3 0.221264 3.7234e-38 -0.008989 -1.54222e-39 0.00124437 -6.03194e-38 0 0 -9.36603e-05 -2.7798e-41 0.000649704 -1.3525e-44 
4.4 0.221264 3.7234e-38 -0.00901794 -1.54559e-39 0.00118802 -6.03211e-38 0 0 -0.000485648 -4.02202e-41 0.000614651 -2.89798e-44 
4.5 0.221264 3.7234e-38 -0.00908492 -1.54939e-39 0.00111478 -6.03234e-38 0 0 -0.00084336 -2.66723e-41 0.000652879 -1.35834e-44 
4.6 0.221264 3.7234e-38 -0.009183 -1.55025e-39 0.00105309 -6.03253e-38 0 0 -0.00109855 -2.52234e-43 0.000727425 1.36299e-44 
4.7 0.221264 3.7234e-38 -0.00929985 -1.54893e-39 0.000978284 -6.03276e-38 0 0 -0.00121996 2.22062e-41 0.000790791 3.28829e-44 
4.8 0.221264 3.7234e-38 -0.00942301 -1.54604e-39 0.000893183 -6.03303e-38 0 0 -0.00123035 2.88297e-41 0.000809478 3.4086e-44 
4.9 0.221264 3.7234e-38 -0.0095436 -1.54423e-39 0.000823728 -6.03324e-38 0 0 -0.00117657 9.51847e-42 0.000754996 1.29975e-44 
5 0.221264 3.7234e-38 -0.00965847 -1.54598e-39 0.000746 -6.03348e-38 0 0 -0.00112608 -3.66522e-41 0.000624743 -2.49736e-44 
5.1 0.221264 3.7234e-38 -0.00977123 -1.5522e-39 0.000700598 -6.03362e-38 0 0 -0.00113951 -9.92341e-41 0.000448196 -6.88863e-44 
5.2 0.221264 3.7234e-38 -0.00988499 -1.56575e-39 0.000660621 -6.03374e-38 0 0 -0.00120837 -1.60593e-40 0.000275103 -1.07139e-43 
5.3 0.221264 3.7234e-38 -0.0100145 -1.58861e-39 0.000646672 -6.03378e-38 0 0 -0.00138265 -2.45815e-40 3.46962e-05 -1.60393e-43 
5.4 0.221264 3.7234e-38 -0.0101605 -1.616e-39 0.000657953 -6.03375e-38 0 0 -0.00152794 -3.4029e-40 -0.000231815 -2.24496e-43 
5.5 0.221264 3.7234e-38 -0.0103169 -1.65669e-39 0.000698252 -6.03362e-38 0 0 -0.00158453 -4.42025e-40 -0.000518807 -3.06529e-43 
5.6 0.221264 3.7234e-38 -0.0104731 -1.70744e-39 0.00076796 -6.0334e-38 0 0 -0.00152338 -5.45957e-40 -0.000812005 -4.12699e-43 
5.7 0.221264 3.7234e-38 -0.0106175 -1.77908e-39 0.000884894 -6.03302e-38 0 0 -0.00135135 -6.44281e-40 -0.00108939 -5.4537e-43 
5.8 0.221264 3.7234e-38 -0.0107402 -1.83228e-39 0.000979638 -6.03272e-38 0 0 -0.0010955 -7.30428e-40 -0.00133244 -7.0323e-43 
5.9 0.221264 3.7234e-38 -0.0108347 -1.92257e-39 0.00114941 -6.03218e-38 0 0 -0.000790972 -8.00997e-40 -0.00153155 -8.81715e-43 
6 0.221264 3.7234e-38 -0.0108983 -2.00902e-39 0.00131805 -6.03164e-38 0 0 -0.000482393 -8.51456e-40 -0.00167393 -1.06862e-42 
6.1 0.221264 3.7234e-38 -0.0109326 -2.07689e-39 0.00145261 -6.03121e-38 0 0 -0.000207542 -8.77264e-40 -0.00174676 -1.24507e-42 
6.2 0.221264 3.7234e-38 -0.0109389 -2.1797e-39 0.00165569 -6.03055e-38 0 0 2.61399e-05 -8.64466e-40 -0.00171065 -1.36691e-42 
6.3 0.221264 3.7234e-38 -0.0109294 -2.2509e-39 0.00179613 -6.03009e-38 0 0 0.000145406 -8.50214e-40 -0.00167042 -1.48125e-42 
6.4 0.221264 3.7234e-38 -0.0109111 -2.34165e-39 0.0019722 -6.02952e-38 0 0 0.00021261 -8.06851e-40 -0.00154802 -1.52734e-42 
6.5 0.221264 3.7234e-38 -0.0108877 -2.41537e-39 0.00211011 -6.02906e-38 0 0 0.000254366 -7.37405e-40 -0.00135199 -1.49328e-42 
6.6 0.221264 3.7234e-38 -0.0108601 -2.48152e-39 0.00222668 -6.02868e-38 0 0 0.00030007 -6.48276e-40 -0.00110037 -1.3811e-42 
6.7 0.221264 3.7234e-38 -0.0108266 -2.54703e-39 0.00233031 -6.02833e-38 0 0 0.000374775 -5.48649e-40 -0.000819104 -1.20873e-42 
6.8 0.221264 3.7234e-38 -0.0107837 -2.60275e-39 0.00240196 -6.02809e-38 0 0 0.000484459 -4.49472e-40 -0.000539096 -1.00603e-42 
6.9 0.221264 3.7234e-38 -0.0107285 -2.63179e-39 0.00242892 -6.02799e-38 0 0 0.000621245 -3.59399e-40 -0.000284786 -8.04781e-43 
7 0.221264 3.7234e-38 -0.0106591 -2.66354e-39 0.00244462 -6.02793e-38 0 0 0.000766498 -2.84083e-40 -7.21363e-05 -6.26607e-43 
7.1 0.221264 3.7234e-38 -0.0105756 -2.68628e-39 0.00244307 -6.02793e-38 0 0 0.000899614 -2.2688e-40 8.93739e-05 -4.8671e-43 
7.2 0.221264 3.7234e-38 -0.010477 -2.70603e-39 0.00242279 -6.02799e-38 0 0 0.00103817 -1.73826e-40 0.000239167 -3.54483e-43 
7.3 0.221264 3.7234e-38 -0.0103694 -2.72466e-39 0.00239156 -6.02808e-38 0 0 0.00110908 -1.56586e-40 0.000287842 -3.09509e-43 
7.4 0.221264 3.7234e-38 -0.0102567 -2.7388e-39 0.002364 -6.02816e-38 0 0 0.00113961 -1.51667e-40 0.00030173 -2.94321e-43 
7.5 0.221264 3.7234e-38 -0.0101426 -2.75509e-39 0.00233142 -6.02826e-38 0 0 0.00113649 -1.51231e-40 0.000302963 -2.89837e-43 
7.6 0.221264 3.7234e-38 -0.0100302 -2.76983e-39 0.00230076 -6.02835e-38 0 0 0.00111049 -1.47364e-40 0.000313879 -2.77437e-43 
7.7 0.221264 3.7234e-38 -0.00992085 -2.78265e-39 0.00227025 -6.02844e-38 0 0 0.00107677 -1.35108e-40 0.000348481 -2.45977e-43 
7.8 0.221264 3.7234e-38 -0.00981484 -2.794e-39 0.00223479 -6.02855e-38 0 0 0.0010432 -1.11635e-40 0.00041475 -1.89829e-43 
7.9 0.221264 3.7234e-38 -0.00971203 -2.80438e-39 0.00218122 -6.02872e-38 0 0 0.00101325 -7.6447e-41 0.00051409 -1.09423e-43 
8 0.221264 3.7234e-38 -0.0096122 -2.80918e-39 0.00212102 -6.02891e-38 0 0 0.000983098 -3.24234e-41 0.000638371 -1.36032e-44 
8.1 0.221264 3.7234e-38 -0.00951567 -2.80954e-39 0.00206116 -6.02909e-38 0 0 0.000946184 1.60398e-41 0.000775181 8.58405e-44 
8.2 0.221264 3.7234e-38 -0.00941953 -2.80354e-39 0.00196862 -6.02939e-38 0 0 0.00094285 8.23429e-41 0.000962346 2.11587e-43 
8.3 0.221264 3.7234e-38 -0.00932867 -2.79195e-39 0.00185831 -6.02974e-38 0 0 0.000869105 1.26082e-40 0.00108581 2.80866e-43 
8.4 0.221264 3.7234e-38 -0.00924754 -2.77697e-39 0.00174051 -6.03012e-38 0 0 0.00074708 1.5497e-40 0.00116735 3.13157e-43 
8.5 0.221264 3.7234e-38 -0.00918081 -2.76272e-39 0.00163669 -6.03045e-38 0 0 0.000580639 1.67669e-40 0.00120319 3.11056e-43 
8.6 0.221264 3.7234e-38 -0.00913311 -2.74439e-39 0.00150453 -6.03087e-38 0 0 0.000376754 1.63637e-40 0.00119181 2.80428e-43 
8.7 0.221264 3.7234e-38 -0.00910782 -2.72663e-39 0.00136831 -6.0313e-38 0 0 0.000152673 1.4472e-40 0.00113843 2.30736e-43 
8.8 0.221264 3.7234e-38 -0.00910437 -2.71536e-39 0.0012693 -6.03162e-38 0 0 -8.20114e-05 1.15143e-40 0.00105496 1.72613e-43 
8.9 0.221264 3.7234e-38 -0.00912407 -2.70488e-39 0.00114822 -6.032e-38 0 0 -0.000311121 7.76277e-41 0.000949101 1.127e-43 
9 0.221264 3.7234e-38 -0.00916591 -2.70183e-39 0.00108721 -6.03219e-38 0 0 -0.000524992 3.48545e-41 0.000828409 5.53518e-44 
9.1 0.221264 3.7234e-38 -0.00922813 -2.70118e-39 0.00102544 -6.03239e-38 0 0 -0.000717026 -1.10756e-41 0.000698814 2.67734e-45 
9.2 0.221264 3.7234e-38 -0.00930283 -2.70436e-39 0.000950547 -6.03262e-38 0 0 -0.000823245 -4.76833e-41 0.000595527 -3.4108e-44 
9.3 0.221264 3.7234e-38 -0.00939286 -2.71157e-39 0.000903884 -6.03277e-38 0 0 -0.000976413 -9.87263e-41 0.000451514 -7.98868e-44 
9.4 0.221264 3.7234e-38 -0.00949776 -2.72598e-39 0.00086425 -6.03289e-38 0 0 -0.00111916 -1.5112e-40 0.000303694 -1.23125e-43 
9.5 0.221264 3.7234e-38 -0.00961595 -2.74194e-39 0.000845601 -6.03295e-38 0 0 -0.00124173 -2.04039e-40 0.000154393 -1.65363e-43 
9.6 0.221264 3.7234e-38 -0.00974504 -2.77688e-39 0.000839745 -6.03296e-38 0 0 -0.00133668 -2.57368e-40 3.93747e-06 -2.08826e-43 
9.7 0.221264 3.7234e-38 -0.00988209 -2.79484e-39 0.00084678 -6.03294e-38 0 0 -0.00139612 -3.11028e-40 -0.000147452 -2.56095e-43 
9.8 0.221264 3.7234e-38 -0.0100231 -2.84333e-39 0.000883413 -6.03282e-38 0 0 -0.00141945 -3.64774e-40 -0.000299084 -3.0912e-43 
9.9 0.221264 3.7234e-38 -0.0101645 -2.87017e-39 0.00091085 -6.03273e-38 0 0 -0.00140672 -4.17898e-40 -0.000448966 -3.69697e-43 
10 0.221264 3.7234e-38 -0.010303 -2.91468e-39 0.000964037 -6.03255e-38 0 0 -0.0013598 -4.69596e-40 -0.000594826 -4.39309e-43 
10.1 0.221264 3.7234e-38 -0.0104351 -2.95975e-39 0.00102489 -6.03235e-38 0 0 -0.00128277 -5.18402e-40 -0.000732531 -5.18174e-43 
10.2 0.221264 3.7234e-38 -0.0105535 -3.01534e-39 0.00110499 -6.03209e-38 0 0 -0.00114125 -5.54452e-40 -0.000834251 -5.94394e-43 
10.3 0.221264 3.7234e-38 -0.0106629 -3.08342e-39 0.00121238 -6.03174e-38 0 0 -0.00104434 -6.05334e-40 -0.000977823 -7.01924e-43 
10.4 0.221264 3.7234e-38 -0.0107616 -3.13605e-39 0.00130004 -6.03145e-38 0 0 -0.000927372 -6.46049e-40 -0.00109271 -8.13535e-43 
10.5 0.221264 3.7234e-38 -0.0108472 -3.20735e-39 0.00142273 -6.03105e-38 0 0 -0.000782051 -6.74013e-40 -0.00117163 -9.21836e-43 
10.6 0.221264 3.7234e-38 -0.0109167 -3.28079e-39 0.00155149 -6.03062e-38 0 0 -0.000603833 -6.87743e-40 -0.00121037 -1.01878e-42 
10.7 0.221264 3.7234e-38 -0.0109666 -3.35463e-39 0.00168135 -6.03019e-38 0 0 -0.000392971 -6.86684e-40 -0.00120739 -1.0955e-42 
10.8 0.221264 3.7234e-38 -0.0109942 -3.42705e-39 0.00180722 -6.02977e-38 0 0 -0.000158867 -6.72541e-40 -0.00116747 -1.1468e-42 
10.9 0.221264 3.7234e-38 -0.0109978 -3.50363e-39 0.00193719 -6.02934e-38 0 0 8.56316e-05 -6.47286e-40 -0.00109618 -1.17062e-42 
11 0.221264 3.7234e-38 -0.0109772 -3.54007e-39 0.00199693 -6.02914e-38 0 0 0.000325663 -6.1281e-40 -0.000998865 -1.16571e-42 
11.1 0.221264 3.7234e-38 -0.0109336 -3.59225e-39 0.00207927 -6.02886e-38 0 0 0.000548274 -5.71151e-40 -0.000881265 -1.133e-42 
11.2 0.221264 3.7234e-38 -0.0108662 -3.65579e-39 0.00217011 -6.02855e-38 0 0 0.000760382 -5.09134e-40 -0.000706192 -1.03972e-42 
11.3 0.221264 3.7234e-38 -0.0107827 -3.69907e-39 0.00222667 -6.02836e-38 0 0 0.000902836 -4.68356e-40 -0.000591072 -9.79791e-43 
11.4 0.221264 3.7234e-38 -0.0106869 -3.74711e-39 0.00228254 -6.02816e-38 0 0 0.00101076 -4.25225e-40 -0.000469305 -9.04622e-43 
11.5 0.221264 3.7234e-38 -0.0105818 -3.78972e-39 0.00232306 -6.02802e-38 0 0 0.00108865 -3.7863e-40 -0.000337757 -8.12503e-43 
11.6 0.221264 3.7234e-38 -0.0104703 -3.81488e-39 0.0023409 -6.02795e-38 0 0 0.00114032 -3.2808e-40 -0.00019504 -7.03331e-43 
11.7 0.221264 3.7234e-38 -0.0103546 -3.84732e-39 0.00235272 -6.0279e-38 0 0 0.00117201 -2.73443e-40 -4.07817e-05 -5.78313e-43 
11.8 0.221264 3.7234e-38 -0.0102367 -3.87306e-39 0.00234561 -6.02792e-38 0 0 0.00118471 -2.16119e-40 0.000121063 -4.42853e-43 
11.9 0.221264 3.7234e-38 -0.0101187 -3.89579e-39 0.00230875 -6.02803e-38 0 0 0.00117611 -1.58112e-40 0.000284836 -3.04493e-43 
12 0.221264 3.7234e-38 -0.0100028 -3.90163e-39 0.00228649 -6.0281e-38 0 0 0.00114337 -1.01344e-40 0.000445108 -1.70352e-43 
12.1 0.221264 3.7234e-38 -0.00989154 -3.90868e-39 0.00222892 -6.02828e-38 0 0 0.00108266 -4.79594e-41 0.000595824 -4.76702e-44 
12.2 0.221264 3.7234e-38 -0.00978777 -3.91021e-39 0.00215577 -6.02852e-38 0 0 0.000993456 -3.99004e-43 0.000730094 5.62907e-44 
12.3 0.221264 3.7234e-38 -0.00969425 -3.90707e-39 0.00206944 -6.02879e-38 0 0 0.000877526 3.93079e-41 0.000842188 1.36559e-43 
12.4 0.221264 3.7234e-38 -0.00961352 -3.90031e-39 0.0019729 -6.02911e-38 0 0 0.000738127 6.9693e-41 0.000927963 1.90712e-43 
12.5 0.221264 3.7234e-38 -0.00954766 -3.89215e-39 0.00187932 -6.02941e-38 0 0 0.000579415 8.99567e-41 0.000985164 2.19316e-43 
12.6 0.221264 3.7234e-38 -0.00949829 -3.88381e-39 0.00179214 -6.02969e-38 0 0 0.000409901 9.96645e-41 0.00101257 2.24659e-43 
12.7 0.221264 3.7234e-38 -0.00946617 -3.86822e-39 0.00163361 -6.03021e-38 0 0 0.000234225 9.923e-41 0.00101134 2.10648e-43 
12.8 0.221264 3.7234e-38 -0.00945114 -3.86163e-39 0.00155773 -6.03045e-38 0 0 6.5403e-05 8.90644e-41 0.00098265 1.81307e-43 
12.9 0.221264 3.7234e-38 -0.00945262 -3.85658e-39 0.00148623 -6.03068e-38 0 0 -9.65745e-05 7.02561e-41 0.000929568 1.40933e-43 
13 0.221264 3.7234e-38 -0.00946958 -3.85226e-39 0.00141676 -6.0309e-38 0 0 -0.000245185 4.40598e-41 0.000855637 9.38982e-44 
13.1 0.221264 3.7234e-38 -0.00950058 -3.85013e-39 0.00129621 -6.03129e-38 0 0 -0.000378342 1.18079e-41 0.000764621 4.35748e-44 
13.2 0.221264 3.7234e-38 -0.00954397 -3.85242e-39 0.0012454 -6.03145e-38 0 0 -0.000494334 -2.53446e-41 0.000659778 -7.51304e-45 
13.3 0.221264 3.7234e-38 -0.00959807 -3.8572e-39 0.00120159 -6.03159e-38 0 0 -0.000592027 -6.60346e-41 0.000544956 -5.81508e-44 
13.4 0.221264 3.7234e-38 -0.00966103 -3.86454e-39 0.00116505 -6.03171e-38 0 0 -0.000670889 -1.09222e-40 0.00042309 -1.07588e-43 
13.5 0.221264 3.7234e-38 -0.0097309 -3.88461e-39 0.00111857 -6.03186e-38 0 0 -0.000730558 -1.53963e-40 0.000296844 -1.55885e-43 
13.6 0.221264 3.7234e-38 -0.00980586 -3.89655e-39 0.00110589 -6.0319e-38 0 0 -0.000770959 -1.99247e-40 0.000169066 -2.03575e-43 
13.7 0.221264 3.7234e-38 -0.00988391 -3.92318e-39 0.00109572 -6.03192e-38 0 0 -0.000791883 -2.44204e-40 4.22126e-05 -2.51417e-43 
13.8 0.221264 3.7234e-38 -0.00996288 -3.95267e-39 0.00110112 -6.0319e-38 0 0 -0.000794127 -2.88203e-40 -8.19398e-05 -3.0056e-43 
13.9 0.221264 3.7234e-38 -0.0100411 -3.98331e-39 0.00111755 -6.03184e-38 0 0 -0.000778361 -3.30072e-40 -0.000200082 -3.5121e-43 
14 0.221264 3.7234e-38 -0.0101168 -4.01781e-39 0.00114489 -6.03175e-38 0 0 -0.000744985 -3.69373e-40 -0.000310976 -4.03864e-43 
14.1 0.221264 3.7234e-38 -0.0101887 -4.08105e-39 0.00120886 -6.03153e-38 0 0 -0.000695614 -4.0564e-40 -0.000413314 -4.58742e-43 
14.2 0.221264 3.7234e-38 -0.0102548 -4.11563e-39 0.00124921 -6.0314e-38 0 0 -0.000631894 -4.37959e-40 -0.000504511 -5.1505e-43 
14.3 0.221264 3.7234e-38 -0.010314 -4.1519e-39 0.00129432 -6.03125e-38 0 0 -0.000555898 -4.65748e-40 -0.000582929 -5.72007e-43 
14.4 0.221264 3.7234e-38 -0.0103652 -4.18962e-39 0.00134351 -6.03108e-38 0 0 -0.00046945 -4.8847e-40 -0.000647046 -6.28424e-43 
14.5 0.221264 3.7234e-38 -0.0104073 -4.2683e-39 0.00145106 -6.03072e-38 0 0 -0.000374685 -5.0572e-40 -0.000695726 -6.8254e-43 
14.6 0.221264 3.7234e-38 -0.0104396 -4.30872e-39 0.00150789 -6.03052e-38 0 0 -0.00027446 -5.17116e-40 -0.000727889 -7.32239e-43 
14.7 0.221264 3.7234e-38 -0.0104618 -4.34512e-39 0.0015591 -6.03035e-38 0 0 -0.000170407 -5.22553e-40 -0.000743232 -7.75584e-43 
14.8 0.221264 3.7234e-38 -0.0104736 -4.41487e-39 0.00165805 -6.03002e-38 0 0 -6.52253e-05 -5.22121e-40 -0.000742013 -8.10637e-43 
14.9 0.221264 3.7234e-38 -0.0104749 -4.44777e-39 0.00170453 -6.02986e-38 0 0 3.88159e-05 -5.15807e-40 -0.000724192 -8.35218e-43 
15 0.221264 3.7234e-38 -0.010466 -4.5119e-39 0.00179276 -6.02955e-38 0 0 0.000138756 -5.03878e-40 -0.000690523 -8.47757e-43 
15.1 0.221264 3.7234e-38 -0.0104473 -4.5482e-39 0.00184093 -6.02939e-38 0 0 0.000234237 -4.86825e-40 -0.000642388 -8.47515e-43 
15.2 0.221264 3.7234e-38 -0.0104197 -4.59349e-39 0.00189875 -6.02919e-38 0 0 0.0003186 -4.65181e-40 -0.000581293 -8.34003e-43 
15.3 0.221264 3.7234e-38 -0.0103842 -4.63646e-39 0.00195001 -6.02901e-38 0 0 0.000394312 -4.39605e-40 -0.000509099 -8.07424e-43 
15.4 0.221264 3.7234e-38 -0.0103416 -4.70762e-39 0.00202481 -6.02875e-38 0 0 0.000459924 -4.10863e-40 -0.000427963 -7.6891e-43 
15.5 0.221264 3.7234e-38 -0.0102932 -4.73957e-39 0.00205197 -6.02865e-38 0 0 0.00051197 -3.79527e-40 -0.000339506 -7.19435e-43 
15.6 0.221264 3.7234e-38 -0.0102403 -4.76907e-39 0.0020722 -6.02858e-38 0 0 0.000551251 -3.46252e-40 -0.000245572 -6.60709e-43 
15.7 0.221264 3.7234e-38 -0.0101841 -4.79601e-39 0.00208523 -6.02853e-38 0 0 0.000576438 -3.1182e-40 -0.000148372 -5.95055e-43 
15.8 0.221264 3.7234e-38 -0.0101262 -4.82042e-39 0.0020911 -6.0285e-38 0 0 0.000587357 -2.76891e-40 -4.9768e-05 -5.2491e-43 
15.9 0.221264 3.7234e-38 -0.0100678 -4.84223e-39 0.00208964 -6.0285e-38 0 0 0.000584203 -2.42206e-40 4.8148e-05 -4.525e-43 
16 0.221264 3.7234e-38 -0.0100104 -4.87521e-39 0.00206928 -6.02856e-38 0 0 0.000567827 -2.08473e-40 0.000143377 -3.80429e-43 
16.1 0.221264 3.7234e-38 -0.00995527 -4.88878e-39 0.00205086 -6.02861e-38 0 0 0.000538657 -1.7637e-40 0.000234005 -3.10655e-43 
16.2 0.221264 3.7234e-38 -0.0099036 -4.90059e-39 0.00202747 -6.02868e-38 0 0 0.000497862 -1.46509e-40 0.000318303 -2.46035e-43 
16.3 0.221264 3.7234e-38 -0.00985646 -4.91934e-39 0.00196697 -6.02888e-38 0 0 0.000447198 -1.19641e-40 0.000394149 -1.88471e-43 
16.4 0.221264 3.7234e-38 -0.00981484 -4.92663e-39 0.00193081 -6.02899e-38 0 0 0.000387772 -9.62077e-41 0.000460297 -1.39171e-43 
16.5 0.221264 3.7234e-38 -0.00977949 -4.93274e-39 0.00189134 -6.02912e-38 0 0 0.00032133 -7.66605e-41 0.000515475 -9.90532e-44 
16.6 0.221264 3.7234e-38 -0.00975097 -4.93955e-39 0.00183446 -6.0293e-38 0 0 0.000249585 -6.14009e-41 0.000558549 -6.86612e-44 
16.7 0.221264 3.7234e-38 -0.00972981 -4.94764e-39 0.00174316 -6.0296e-38 0 0 0.000173834 -5.06942e-41 0.00058877 -4.81053e-44 
16.8 0.221264 3.7234e-38 -0.00971627 -4.95138e-39 0.00169282 -6.02976e-38 0 0 9.74508e-05 -4.47113e-41 0.000605658 -3.67321e-44 
16.9 0.221264 3.7234e-38 -0.00971057 -4.9548e-39 0.00164157 -6.02993e-38 0 0 1.75723e-05 -4.33378e-41 0.000609535 -3.37721e-44 
17 0.221264 3.7234e-38 -0.00971257 -4.95882e-39 0.00159199 -6.03009e-38 0 0 -5.82678e-05 -4.67149e-41 0.000600003 -3.85673e-44 
17.1 0.221264 3.7234e-38 -0.00972207 -4.96331e-39 0.00154374 -6.03025e-38 0 0 -0.000132313 -5.4507e-41 0.000578011 -4.9804e-44 
17.2 0.221264 3.7234e-38 -0.00973875 -4.96855e-39 0.00149764 -6.0304e-38 0 0 -0.000202087 -6.65255e-41 0.000544092 -6.64862e-44 
17.3 0.221264 3.7234e-38 -0.0097621 -4.9822e-39 0.00141432 -6.03067e-38 0 0 -0.000266316 -8.23704e-41 0.000499376 -8.72557e-44 
17.4 0.221264 3.7234e-38 -0.00979156 -4.99009e-39 0.00138268 -6.03077e-38 0 0 -0.00032407 -1.01612e-40 0.000445075 -1.10892e-43 
17.5 0.221264 3.7234e-38 -0.00982647 -4.99721e-39 0.0013588 -6.03084e-38 0 0 -0.000374623 -1.23849e-40 0.000382321 -1.38396e-43 
17.6 0.221264 3.7234e-38 -0.00986599 -5.01616e-39 0.00131428 -6.03099e-38 0 0 -0.000416966 -1.48222e-40 0.000313538 -1.67871e-43 
17.7 0.221264 3.7234e-38 -0.00990931 -5.02741e-39 0.001297 -6.03104e-38 0 0 -0.000450415 -1.74488e-40 0.000239415 -1.99432e-43 
17.8 0.221264 3.7234e-38 -0.00995545 -5.05355e-39 0.00127275 -6.03112e-38 0 0 -0.000473862 -2.02211e-40 0.000161182 -2.31352e-43 
17.9 0.221264 3.7234e-38 -0.0100035 -5.0685e-39 0.00126594 -6.03114e-38 0 0 -0.000487816 -2.30529e-40 8.12734e-05 -2.64694e-43 
18 0.221264 3.7234e-38 -0.010052 -5.10222e-39 0.00126309 -6.03114e-38 0 0 -0.000491407 -2.58824e-40 1.42658e-06 -2.99761e-43 
18.1 0.221264 3.7234e-38 -0.0101004 -5.13463e-39 0.00127156 -6.0311e-38 0 0 -0.000484836 -2.86524e-40 -7.67411e-05 -3.35816e-43 
18.2 0.221264 3.7234e-38 -0.0101478 -5.17059e-39 0.00129006 -6.03104e-38 0 0 -0.000468453 -3.13223e-40 -0.000152085 -3.72963e-43 
18.3 0.221264 3.7234e-38 -0.010193 -5.20534e-39 0.00131357 -6.03095e-38 0 0 -0.000442021 -3.38554e-40 -0.000223568 -4.11146e-43 
18.4 0.221264 3.7234e-38 -0.0102351 -5.23879e-39 0.00134089 -6.03086e-38 0 0 -0.000405819 -3.62094e-40 -0.000289998 -4.50085e-43 
18.5 0.221264 3.7234e-38 -0.0102734 -5.26372e-39 0.00136347 -6.03078e-38 0 0 -0.000361898 -3.8325e-40 -0.0003497 -4.89123e-43 
18.6 0.221264 3.7234e-38 -0.0103069 -5.31325e-39 0.00141248 -6.03061e-38 0 0 -0.000309831 -4.01761e-40 -0.000401942 -5.28073e-43 
18.7 0.221264 3.7234e-38 -0.0103349 -5.33765e-39 0.00143834 -6.03052e-38 0 0 -0.000250191 -4.17212e-40 -0.000445544 -5.65741e-43 
18.8 0.221264 3.7234e-38 -0.0103566 -5.41296e-39 0.00152187 -6.03023e-38 0 0 -0.000184274 -4.29313e-40 -0.000479697 -6.012e-43 
18.9 0.221264 3.7234e-38 -0.0103714 -5.46491e-39 0.00158248 -6.03002e-38 0 0 -0.000114324 -4.37862e-40 -0.000503826 -6.33321e-43 
19 0.221264 3.7234e-38 -0.0103789 -5.46491e-39 0.00158248 -6.03002e-38 0 0 -3.98391e-05 -4.42802e-40 -0.000517767 -6.6166e-43 
19.1 0.221264 3.7234e-38 -0.0103791 -5.5109e-39 0.00163586 -6.02983e-38 0 0 3.6544e-05 -4.43967e-40 -0.000521055 -6.84658e-43 
19.2 0.221264 3.7234e-38 -0.0103715 -5.55704e-39 0.00168965 -6.02964e-38 0 0 0.000114041 -4.41394e-40 -0.000513794 -7.01299e-43 
19.3 0.221264 3.7234e-38 -0.0103564 -5.60257e-39 0.00174173 -6.02946e-38 0 0 0.000189518 -4.35169e-40 -0.000496224 -7.10682e-43 
19.4 0.221264 3.7234e-38 -0.0103339 -5.64746e-39 0.00179201 -6.02928e-38 0 0 0.000261774 -4.25432e-40 -0.00046874 -7.11954e-43 
19.5 0.221264 3.7234e-38 -0.0103044 -5.69088e-39 0.00183811 -6.02912e-38 0 0 0.000329811 -4.1238e-40 -0.000431895 -7.03816e-43 
19.6 0.221264 3.7234e-38 -0.0102684 -5.72607e-39 0.00187243 -6.029e-38 0 0 0.000391931 -3.96266e-40 -0.000386408 -6.87657e-43 
19.7 0.221264 3.7234e-38 -0.0102267 -5.76047e-39 0.00190447 -6.02888e-38 0 0 0.000446467 -3.77455e-40 -0.00033331 -6.64501e-43 
19.8 0.221264 3.7234e-38 -0.0101799 -5.81781e-39 0.00194926 -6.02872e-38 0 0 0.000491818 -3.56318e-40 -0.000273645 -6.33886e-43 
19.9 0.221264 3.7234e-38 -0.0101291 -5.8443e-39 0.00196552 -6.02866e-38 0 0 0.000526697 -3.33234e-40 -0.000208481 -5.96452e-43 
20 0.221264 3.7234e-38 -0.0100754 -5.86928e-39 0.00197749 -6.02861e-38 0 0 0.000550126 -3.08652e-40 -0.000139091 -5.53119e-43 
20.1 0.221264 3.7234e-38 -0.01002 -5.89263e-39 0.00198487 -6.02858e-38 0 0 0.00056086 -2.8309e-40 -6.69327e-05 -5.05374e-43 
20.2 0.221264 3.7234e-38 -0.00996417 -5.93437e-39 0.00198562 -6.02857e-38 0 0 0.000558737 -2.57173e-40 6.22759e-06 -4.54831e-43 
20.3 0.221264 3.7234e-38 -0.00990928 -5.95279e-39 0.0019791 -6.02858e-38 0 0 0.000543139 -2.31338e-40 7.91582e-05 -4.0281e-43 
20.4 0.221264 3.7234e-38 -0.00985663 -5.96958e-39 0.00196796 -6.02862e-38 0 0 0.000513954 -2.06115e-40 0.000150359 -3.51013e-43 
20.5 0.221264 3.7234e-38 -0.00980753 -5.98484e-39 0.00195251 -6.02866e-38 0 0 0.000471498 -1.82023e-40 0.000218367 -3.00971e-43 
20.6 0.221264 3.7234e-38 -0.00976334 -6.01099e-39 0.00190924 -6.0288e-38 0 0 0.000416759 -1.5961e-40 0.000281636 -2.54273e-43 
20.7 0.221264 3.7234e-38 -0.00972519 -6.02209e-39 0.00188207 -6.02889e-38 0 0 0.00035036 -1.39335e-40 0.000338867 -2.12117e-43 
20.8 0.221264 3.7234e-38 -0.00969415 -6.0321e-39 0.00185177 -6.02899e-38 0 0 0.000273867 -1.21689e-40 0.000388678 -1.756e-43 
20.9 0.221264 3.7234e-38 -0.00967114 -6.04107e-39 0.00181859 -6.02909e-38 0 0 0.000189229 -1.07098e-40 0.000429864 -1.45582e-43 
21 0.221264 3.7234e-38 -0.0096569 -6.05682e-39 0.00174599 -6.02933e-38 0 0 9.73039e-05 -9.57912e-41 0.00046178 -1.22349e-43 
21.1 0.221264 3.7234e-38 -0.00965195 -6.06392e-39 0.00170749 -6.02946e-38 0 0 1.99101e-06 -8.81882e-41 0.00048324 -1.06356e-43 
21.2 0.221264 3.7234e-38 -0.00965658 -6.07076e-39 0.00166827 -6.02959e-38 0 0 -9.55126e-05 -8.44293e-41 0.00049385 -9.74958e-44 
21.3 0.221264 3.7234e-38 -0.00967095 -6.07757e-39 0.00162895 -6.02971e-38 0 0 -0.000192846 -8.45276e-41 0.000493572 -9.53271e-44 
21.4 0.221264 3.7234e-38 -0.00969491 -6.09029e-39 0.00155952 -6.02994e-38 0 0 -0.000286902 -8.85899e-41 0.000482107 -9.94064e-44 
21.5 0.221264 3.7234e-38 -0.00972793 -6.09719e-39 0.00152631 -6.03005e-38 0 0 -0.000374671 -9.65345e-41 0.000459685 -1.09116e-43 
21.6 0.221264 3.7234e-38 -0.00976935 -6.11268e-39 0.00146469 -6.03025e-38 0 0 -0.000455694 -1.08165e-40 0.000426859 -1.23621e-43 
21.7 0.221264 3.7234e-38 -0.00981817 -6.13168e-39 0.00141295 -6.03042e-38 0 0 -0.00052621 -1.23005e-40 0.000384979 -1.42175e-43 
21.8 0.221264 3.7234e-38 -0.00987311 -6.13168e-39 0.00141295 -6.03042e-38 0 0 -0.000583735 -1.41463e-40 0.000332887 -1.65101e-43 
21.9 0.221264 3.7234e-38 -0.00993296 -6.15411e-39 0.00137091 -6.03056e-38 0 0 -0.000629864 -1.61561e-40 0.000276168 -1.8978e-43 
22 0.221264 3.7234e-38 -0.00999698 -6.17736e-39 0.00134729 -6.03063e-38 0 0 -0.000662682 -1.83531e-40 0.000214164 -2.16657e-43 
22.1 0.221264 3.7234e-38 -0.0100635 -6.2012e-39 0.00133423 -6.03067e-38 0 0 -0.00067883 -2.07741e-40 0.000145842 -2.4654e-43 
22.2 0.221264 3.7234e-38 -0.0101309 -6.22409e-39 0.00132761 -6.03069e-38 0 0 -0.000679209 -2.33537e-40 7.3045e-05 -2.79032e-43 
22.3 0.221264 3.7234e-38 -0.0101987 -6.23989e-39 0.00132728 -6.03068e-38 0 0 -0.00067742 -2.5299e-40 1.81462e-05 -3.03978e-43 
22.4 0.221264 3.7234e-38 -0.0102645 -6.25658e-39 0.00132945 -6.03067e-38 0 0 -0.000644415 -2.78726e-40 -5.44827e-05 -3.387e-43 
22.5 0.221264 3.7234e-38 -0.0103258 -6.28821e-39 0.00134013 -6.03063e-38 0 0 -0.000583072 -3.09078e-40 -0.000140136 -3.81734e-43 
22.6 0.221264 3.7234e-38 -0.0103795 -6.31873e-39 0.00135889 -6.03056e-38 0 0 -0.000495581 -3.45081e-40 -0.00024174 -4.35943e-43 
22.7 0.221264 3.7234e-38 -0.0104255 -6.35725e-39 0.00138899 -6.03046e-38 0 0 -0.000420875 -3.7162e-40 -0.000316636 -4.8129e-43 
22.8 0.221264 3.7234e-38 -0.0104642 -6.40435e-39 0.0014321 -6.0303e-38 0 0 -0.000353416 -3.88817e-40 -0.000365168 -5.17128e-43 
22.9 0.221264 3.7234e-38 -0.0104954 -6.44002e-39 0.00146746 -6.03018e-38 0 0 -0.000273219 -4.03242e-40 -0.000405881 -5.51794e-43 
23 0.221264 3.7234e-38 -0.0105183 -6.47426e-39 0.00150296 -6.03005e-38 0 0 -0.00018599 -4.12234e-40 -0.000431257 -5.80765e-43 
23.1 0.221264 3.7234e-38 -0.0105324 -6.52028e-39 0.00155131 -6.02988e-38 0 0 -9.44494e-05 -4.14037e-40 -0.000436348 -5.99994e-43 
23.2 0.221264 3.7234e-38 -0.0105367 -6.56631e-39 0.00159968 -6.02971e-38 0 0 9.94428e-06 -4.13269e-40 -0.00043418 -6.15233e-43 
23.3 0.221264 3.7234e-38 -0.0105299 -6.60989e-39 0.00164523 -6.02955e-38 0 0 0.000127354 -4.12852e-40 -0.000433003 -6.30966e-43 
23.4 0.221264 3.7234e-38 -0.010511 -6.65115e-39 0.00168831 -6.02939e-38 0 0 0.00025557 -4.15353e-40 -0.000440062 -6.5134e-43 
23.5 0.221264 3.7234e-38 -0.0104821 -6.6893e-39 0.00172627 -6.02926e-38 0 0 0.000337617 -3.99114e-40 -0.000394227 -6.38755e-43 
23.6 0.221264 3.7234e-38 -0.0104448 -6.71863e-39 0.00175373 -6.02916e-38 0 0 0.000420791 -3.84268e-40 -0.000352324 -6.25853e-43 
23.7 0.221264 3.7234e-38 -0.0103966 -6.76424e-39 0.00179458 -6.02901e-38 0 0 0.00051779 -3.79518e-40 -0.000338914 -6.29331e-43 
23.8 0.221264 3.7234e-38 -0.0103403 -6.80912e-39 0.00183339 -6.02887e-38 0 0 0.00059658 -3.73221e-40 -0.000321142 -6.29255e-43 
23.9 0.221264 3.7234e-38 -0.0102776 -6.83115e-39 0.00185163 -6.0288e-38 0 0 0.000656401 -3.64904e-40 -0.000297665 -6.24243e-43 
24 0.221264 3.7234e-38 -0.0102101 -6.87105e-39 0.0018825 -6.02869e-38 0 0 0.000695131 -3.53279e-40 -0.000264851 -6.11578e-43 
24.1 0.221264 3.7234e-38 -0.0101397 -6.9065e-39 0.00190693 -6.02859e-38 0 0 0.000713307 -3.3737e-40 -0.000219942 -5.8893e-43 
24.2 0.221264 3.7234e-38 -0.0100683 -6.93986e-39 0.00192547 -6.02852e-38 0 0 0.000714081 -3.17005e-40 -0.000162457 -5.55498e-43 
24.3 0.221264 3.7234e-38 -0.00999756 -6.97074e-39 0.00193703 -6.02848e-38 0 0 0.000701315 -2.92786e-40 -9.40891e-05 -5.122e-43 
24.4 0.221264 3.7234e-38 -0.0099286 -6.99883e-39 0.0019407 -6.02846e-38 0 0 0.000678381 -2.65886e-40 -1.81551e-05 -4.6143e-43 
24.5 0.221264 3.7234e-38 -0.00986232 -7.02856e-39 0.00193411 -6.02847e-38 0 0 0.000647516 -2.37823e-40 6.10625e-05 -4.06567e-43 
24.6 0.221264 3.7234e-38 -0.00979963 -7.04391e-39 0.00192476 -6.0285e-38 0 0 0.000607807 -2.10166e-40 0.000139135 -3.51332e-43 
24.7 0.221264 3.7234e-38 -0.00974132 -7.06398e-39 0.00190443 -6.02856e-38 0 0 0.000559446 -1.84242e-40 0.000212314 -2.98845e-43 
24.8 0.221264 3.7234e-38 -0.00968827 -7.08347e-39 0.00187252 -6.02866e-38 0 0 0.000500286 -1.61117e-40 0.000277592 -2.51657e-43 
24.9 0.221264 3.7234e-38 -0.00964176 -7.09179e-39 0.00185422 -6.02872e-38 0 0 0.000430073 -1.41831e-40 0.000332033 -2.12127e-43 
25 0.221264 3.7234e-38 -0.00960296 -7.11402e-39 0.00179168 -6.02893e-38 0 0 0.00034844 -1.26699e-40 0.000374745 -1.80947e-43 
25.1 0.221264 3.7234e-38 -0.00957291 -7.12477e-39 0.00175382 -6.02905e-38 0 0 0.000257658 -1.15845e-40 0.000405383 -1.5806e-43 
25.2 0.221264 3.7234e-38 -0.00955216 -7.13397e-39 0.00171841 -6.02917e-38 0 0 0.000160398 -1.0912e-40 0.000424364 -1.43023e-43 
25.3 0.221264 3.7234e-38 -0.00954125 -7.14272e-39 0.0016817 -6.02929e-38 0 0 5.96576e-05 -1.06171e-40 0.000432689 -1.34862e-43 
25.4 0.221264 3.7234e-38 -0.00954032 -7.15174e-39 0.00164578 -6.02941e-38 0 0 -4.07402e-05 -1.06652e-40 0.000431332 -1.32613e-43 
25.5 0.221264 3.7234e-38 -0.00954919 -7.16092e-39 0.0016103 -6.02953e-38 0 0 -0.000137388 -1.10166e-40 0.000421415 -1.35272e-43 
25.6 0.221264 3.7234e-38 -0.0095673 -7.17957e-39 0.00154631 -6.02974e-38 0 0 -0.000226758 -1.16344e-40 0.000403977 -1.41926e-43 
25.7 0.221264 3.7234e-38 -0.00959391 -7.18893e-39 0.00151748 -6.02984e-38 0 0 -0.000307288 -1.24921e-40 0.000379769 -1.51958e-43 
25.8 0.221264 3.7234e-38 -0.00962804 -7.199e-39 0.00149066 -6.02993e-38 0 0 -0.000377264 -1.35597e-40 0.000349637 -1.64735e-43 
25.9 0.221264 3.7234e-38 -0.0096686 -7.22014e-39 0.00144536 -6.03007e-38 0 0 -0.000436054 -1.48344e-40 0.000313661 -1.80119e-43 
26 0.221264 3.7234e-38 -0.00971446 -7.23107e-39 0.00142648 -6.03014e-38 0 0 -0.000483086 -1.62992e-40 0.000272323 -1.97802e-43 
26.1 0.221264 3.7234e-38 -0.00976448 -7.25353e-39 0.00139759 -6.03023e-38 0 0 -0.00051855 -1.79467e-40 0.000225825 -2.17679e-43 
26.2 0.221264 3.7234e-38 -0.00981749 -7.26477e-39 0.00138673 -6.03026e-38 0 0 -0.000542455 -1.97518e-40 0.000174884 -2.39866e-43 
26.3 0.221264 3.7234e-38 -0.00987229 -7.28802e-39 0.00137146 -6.03031e-38 0 0 -0.000554185 -2.1705e-40 0.00011976 -2.64333e-43 
26.4 0.221264 3.7234e-38 -0.00992764 -7.3253e-39 0.00136171 -6.03034e-38 0 0 -0.000554135 -2.37697e-40 6.14931e-05 -2.90925e-43 
26.5 0.221264 3.7234e-38 -0.00998216 -7.35302e-39 0.00136332 -6.03033e-38 0 0 -0.000542017 -2.58878e-40 1.71624e-06 -3.19274e-43 
26.6 0.221264 3.7234e-38 -0.0100348 -7.38312e-39 0.00137162 -6.03029e-38 0 0 -0.000517817 -2.80261e-40 -5.86286e-05 -3.49414e-43 
26.7 0.221264 3.7234e-38 -0.0100846 -7.40301e-39 0.00137998 -6.03026e-38 0 0 -0.000481942 -3.01299e-40 -0.000118003 -3.80992e-43 
26.8 0.221264 3.7234e-38 -0.0101303 -7.4238e-39 0.00139088 -6.03022e-38 0 0 -0.000434958 -3.21496e-40 -0.000175003 -4.13038e-43 
26.9 0.221264 3.7234e-38 -0.0101708 -7.46772e-39 0.00141927 -6.03011e-38 0 0 -0.000378053 -3.40211e-40 -0.000227819 -4.45145e-43 
27 0.221264 3.7234e-38 -0.0102052 -7.49081e-39 0.00143666 -6.03005e-38 0 0 -0.000311968 -3.56991e-40 -0.000275177 -4.76782e-43 
27.1 0.221264 3.7234e-38 -0.0102325 -7.53864e-39 0.0014761 -6.02991e-38 0 0 -0.000238741 -3.71312e-40 -0.000315595 -5.07059e-43 
27.2 0.221264 3.7234e-38 -0.0102522 -7.5889e-39 0.00152238 -6.02974e-38 0 0 -0.000160013 -3.82921e-40 -0.000348357 -5.35313e-43 
27.3 0.221264 3.7234e-38 -0.0102638 -7.63457e-39 0.00156528 -6.02958e-38 0 0 -7.68227e-05 -3.91703e-40 -0.000373144 -5.61011e-43 
27.4 0.221264 3.7234e-38 -0.0102671 -7.68178e-39 0.0016125 -6.02941e-38 0 0 8.08875e-06 -3.97481e-40 -0.000389452 -5.83367e-43 
27.5 0.221264 3.7234e-38 -0.0102619 -7.68178e-39 0.0016125 -6.02941e-38 0 0 9.4068e-05 -4.0033e-40 -0.000397491 -6.01839e-43 
27.6 0.221264 3.7234e-38 -0.0102484 -7.72348e-39 0.00165279 -6.02926e-38 0 0 0.000177645 -4.00151e-40 -0.000396988 -6.15705e-43 
27.7 0.221264 3.7234e-38 -0.0102268 -7.76583e-39 0.00169491 -6.02911e-38 0 0 0.000256907 -3.9702e-40 -0.000388149 -6.24405e-43 
27.8 0.221264 3.7234e-38 -0.0101975 -7.8072e-39 0.00173426 -6.02897e-38 0 0 0.000330557 -3.91148e-40 -0.000371576 -6.27489e-43 
27.9 0.221264 3.7234e-38 -0.0101613 -7.84773e-39 0.00177126 -6.02883e-38 0 0 0.000397137 -3.82744e-40 -0.000347855 -6.25029e-43 
28 0.221264 3.7234e-38 -0.0101189 -7.88713e-39 0.00180504 -6.02871e-38 0 0 0.000455146 -3.72008e-40 -0.00031755 -6.17069e-43 
28.1 0.221264 3.7234e-38 -0.0100713 -7.92513e-39 0.00183488 -6.02859e-38 0 0 0.000503386 -3.59184e-40 -0.000281349 -6.02522e-43 
28.2 0.221264 3.7234e-38 -0.0100193 -7.96151e-39 0.00186015 -6.0285e-38 0 0 0.000540981 -3.44525e-40 -0.000239968 -5.81651e-43 
28.3 0.221264 3.7234e-38 -0.00996423 -7.99609e-39 0.00188036 -6.02842e-38 0 0 0.000567158 -3.28306e-40 -0.000194184 -5.56575e-43 
28.4 0.221264 3.7234e-38 -0.00990714 -8.02874e-39 0.00189509 -6.02836e-38 0 0 0.000581198 -3.10871e-40 -0.000144968 -5.26678e-43 
28.5 0.221264 3.7234e-38 -0.00984923 -8.05442e-39 0.00190271 -6.02833e-38 0 0 0.000582877 -2.9252e-40 -9.31624e-05 -4.92325e-43 
28.6 0.221264 3.7234e-38 -0.00979165 -8.07641e-39 0.00190639 -6.02831e-38 0 0 0.000572234 -2.736e-40 -3.97527e-05 -4.57431e-43 
28.7 0.221264 3.7234e-38 -0.00973576 -8.09712e-39 0.00190666 -6.0283e-38 0 0 0.000548328 -2.54438e-40 1.43385e-05 -4.21103e-43 
28.8 0.221264 3.7234e-38 -0.00968298 -8.15218e-39 0.00188756 -6.02836e-38 0 0 0.000512559 -2.35451e-40 6.79357e-05 -3.84698e-43 
28.9 0.221264 3.7234e-38 -0.00963475 -8.15218e-39 0.00188756 -6.02836e-38 0 0 0.00046618 -2.17294e-40 0.00011919 -3.4883e-43 
29 0.221264 3.7234e-38 -0.00959165 -8.18052e-39 0.00186288 -6.02843e-38 0 0 0.000409666 -2.0017e-40 0.000167527 -3.14226e-43 
29.1 0.221264 3.7234e-38 -0.00955442 -8.20539e-39 0.00182836 -6.02855e-38 0 0 0.000343824 -1.84346e-40 0.000212195 -2.81838e-43 
29.2 0.221264 3.7234e-38 -0.00952434 -8.20539e-39 0.00182836 -6.02855e-38 0 0 0.000271005 -1.70266e-40 0.000251938 -2.5249e-43 
29.3 0.221264 3.7234e-38 -0.00950173 -8.22797e-39 0.0017874 -6.02868e-38 0 0 0.000191638 -1.58012e-40 0.000286531 -2.2664e-43 
29.4 0.221264 3.7234e-38 -0.00948709 -8.24678e-39 0.00174903 -6.02881e-38 0 0 0.000106954 -1.47813e-40 0.000315319 -2.0489e-43 
29.5 0.221264 3.7234e-38 -0.00948092 -8.26351e-39 0.00170484 -6.02896e-38 0 0 1.97484e-05 -1.40168e-40 0.000336898 -1.87921e-43 
29.6 0.221264 3.7234e-38 -0.00948364 -8.26351e-39 0.00170484 -6.02896e-38 0 0 -6.99408e-05 -1.34653e-40 0.000352465 -1.74897e-43 
29.7 0.221264 3.7234e-38 -0.00949514 -8.2743e-39 0.00167814 -6.02904e-38 0 0 -0.000159066 -1.31955e-40 0.00036008 -1.66928e-43 
29.8 0.221264 3.7234e-38 -0.00951535 -8.2949e-39 0.00162194 -6.02923e-38 0 0 -0.000245395 -1.31786e-40 0.000360557 -1.63221e-43 
29.9 0.221264 3.7234e-38 -0.00954386 -8.30547e-39 0.00159463 -6.02932e-38 0 0 -0.000326147 -1.34796e-40 0.000352061 -1.64638e-43 
30 0.221264 3.7234e-38 -0.00958022 -8.31494e-39 0.00157187 -6.0294e-38 0 0 -0.000401021 -1.40274e-40 0.000336599 -1.69855e-43 
30.1 0.221264 3.7234e-38 -0.00962368 -8.33456e-39 0.0015283 -6.02955e-38 0 0 -0.00046874 -1.47947e-40 0.000314942 -1.78266e-43 
30.2 0.221264 3.7234e-38 -0.00967326 -8.34525e-39 0.001509 -6.02961e-38 0 0 -0.000523869 -1.59527e-40 0.000282262 -1.92391e-43 
30.3 0.221264 3.7234e-38 -0.00972829 -8.36756e-39 0.00147299 -6.02973e-38 0 0 -0.000575737 -1.70144e-40 0.000252297 -2.0485e-43 
30.4 0.221264 3.7234e-38 -0.00978716 -8.37902e-39 0.00146081 -6.02977e-38 0 0 -0.000612595 -1.84995e-40 0.000210381 -2.23558e-43 
30.5 0.221264 3.7234e-38 -0.00984968 -8.4011e-39 0.00143937 -6.02984e-38 0 0 -0.00064107 -1.98361e-40 0.000172659 -2.40018e-43 
30.6 0.221264 3.7234e-38 -0.00991464 -8.41936e-39 0.00142651 -6.02988e-38 0 0 -0.000654633 -2.13595e-40 0.000129665 -2.59351e-43 
30.7 0.221264 3.7234e-38 -0.00998018 -8.4557e-39 0.00141212 -6.02992e-38 0 0 -0.00065407 -2.2951e-40 8.4747e-05 -2.80027e-43 
30.8 0.221264 3.7234e-38 -0.0100447 -8.47318e-39 0.00140944 -6.02993e-38 0 0 -0.000638743 -2.46388e-40 3.71152e-05 -3.02702e-43 
30.9 0.221264 3.7234e-38 -0.0101071 -8.49154e-39 0.00140927 -6.02992e-38 0 0 -0.000609588 -2.6389e-40 -1.22806e-05 -3.27147e-43 
31 0.221264 3.7234e-38 -0.0101659 -8.53091e-39 0.0014164 -6.02989e-38 0 0 -0.000568978 -2.81333e-40 -6.15104e-05 -3.52678e-43 
31.1 0.221264 3.7234e-38 -0.0102201 -8.5519e-39 0.00142366 -6.02986e-38 0 0 -0.000517471 -2.986e-40 -0.000110242 -3.79364e-43 
31.2 0.221264 3.7234e-38 -0.0102688 -8.59633e-39 0.00144505 -6.02978e-38 0 0 -0.000457388 -3.14749e-40 -0.000155819 -4.06012e-43 
31.3 0.221264 3.7234e-38 -0.0103109 -8.61983e-39 0.00145938 -6.02973e-38 0 0 -0.000388262 -3.30329e-40 -0.00019979 -4.33575e-43 
31.4 0.221264 3.7234e-38 -0.0103459 -8.64375e-39 0.0014749 -6.02967e-38 0 0 -0.000311233 -3.44614e-40 -0.000240106 -4.6113e-43 
31.5 0.221264 3.7234e-38 -0.0103731 -8.69138e-39 0.00151055 -6.02953e-38 0 0 -0.000232023 -3.55647e-40 -0.000271244 -4.85557e-43 
31.6 0.221264 3.7234e-38 -0.0103921 -8.73189e-39 0.00154298 -6.02941e-38 0 0 -0.000149927 -3.63426e-40 -0.000293201 -5.06461e-43 
31.7 0.221264 3.7234e-38 -0.0104025 -8.75555e-39 0.00156299 -6.02934e-38 0 0 -6.03925e-05 -3.71126e-40 -0.000314934 -5.28368e-43 
31.8 0.221264 3.7234e-38 -0.0104045 -8.80301e-39 0.00160332 -6.02919e-38 0 0 2.16674e-05 -3.72886e-40 -0.000319902 -5.41644e-43 
31.9 0.221264 3.7234e-38 -0.0103983 -8.83617e-39 0.00163139 -6.02909e-38 0 0 0.000104217 -3.70337e-40 -0.000312705 -5.48033e-43 
32 0.221264 3.7234e-38 -0.010384 -8.86898e-39 0.00165843 -6.02898e-38 0 0 0.000180718 -3.63296e-40 -0.000292834 -5.46468e-43 
32.1 0.221264 3.7234e-38 -0.0103609 -8.90952e-39 0.00169091 -6.02886e-38 0 0 0.000274958 -3.6271e-40 -0.000291179 -5.5512e-43 
32.2 0.221264 3.7234e-38 -0.0103293 -8.94179e-39 0.00171645 -6.02877e-38 0 0 0.00035935 -3.59602e-40 -0.000282405 -5.5912e-43 
32.3 0.221264 3.7234e-38 -0.0102895 -8.97375e-39 0.00174111 -6.02867e-38 0 0 0.000435968 -3.55999e-40 -0.000272236 -5.61773e-43 
32.4 0.221264 3.7234e-38 -0.0102425 -9.02114e-39 0.00177654 -6.02854e-38 0 0 0.000502376 -3.52567e-40 -0.000262548 -5.64199e-43 
32.5 0.221264 3.7234e-38 -0.0101899 -9.04422e-39 0.00179292 -6.02848e-38 0 0 0.000548921 -3.4547e-40 -0.000242517 -5.59565e-43 
32.6 0.221264 3.7234e-38 -0.0101339 -9.088e-39 0.00182062 -6.02837e-38 0 0 0.000568878 -3.31185e-40 -0.000202192 -5.40561e-43 
32.7 0.221264 3.7234e-38 -0.0100766 -9.11563e-39 0.00183469 -6.02831e-38 0 0 0.000576735 -3.13986e-40 -0.000153645 -5.14313e-43 
32.8 0.221264 3.7234e-38 -0.0100189 -9.14182e-39 0.00184469 -6.02827e-38 0 0 0.000577706 -2.9509e-40 -0.000100304 -4.83012e-43 
32.9 0.221264 3.7234e-38 -0.00996119 -9.16661e-39 0.00185074 -6.02824e-38 0 0 0.000575542 -2.7648e-40 -4.77744e-05 -4.50503e-43 
33 0.221264 3.7234e-38 -0.00990366 -9.20129e-39 0.00185276 -6.02823e-38 0 0 0.000572143 -2.60236e-40 -1.92033e-06 -4.21016e-43 
33.1 0.221264 3.7234e-38 -0.00984663 -9.22315e-39 0.00185055 -6.02823e-38 0 0 0.000565056 -2.47332e-40 3.45062e-05 -3.96764e-43 
33.2 0.221264 3.7234e-38 -0.00979079 -9.24417e-39 0.00184596 -6.02824e-38 0 0 0.000550831 -2.38279e-40 6.00592e-05 -3.79044e-43 
33.3 0.221264 3.7234e-38 -0.00973677 -9.27117e-39 0.00183838 -6.02826e-38 0 0 0.00053455 -2.36687e-40 6.45532e-05 -3.74774e-43 
33.4 0.221264 3.7234e-38 -0.00968712 -9.29382e-39 0.00182875 -6.02829e-38 0 0 0.000462034 -2.20534e-40 0.00011015 -3.43345e-43 
33.5 0.221264 3.7234e-38 -0.00964538 -9.31405e-39 0.00181427 -6.02833e-38 0 0 0.000383834 -2.06354e-40 0.000150178 -3.14995e-43 
33.6 0.221264 3.7234e-38 -0.0096113 -9.33324e-39 0.00179688 -6.02839e-38 0 0 0.000301291 -1.93535e-40 0.000186362 -2.89181e-43 
33.7 0.221264 3.7234e-38 -0.00958591 -9.34897e-39 0.00177827 -6.02845e-38 0 0 0.000199968 -1.74178e-40 0.000241003 -2.51448e-43 
33.8 0.221264 3.7234e-38 -0.00957132 -9.36659e-39 0.00174718 -6.02856e-38 0 0 9.47747e-05 -1.50815e-40 0.000306948 -2.06771e-43 
33.9 0.221264 3.7234e-38 -0.00956618 -9.38027e-39 0.00171395 -6.02867e-38 0 0 1.11331e-05 -1.34035e-40 0.000354313 -1.74218e-43 
34 0.221264 3.7234e-38 -0.00956829 -9.39589e-39 0.00166825 -6.02882e-38 0 0 -5.22198e-05 -1.25625e-40 0.000378052 -1.56533e-43 
34.1 0.221264 3.7234e-38 -0.00957596 -9.40827e-39 0.00163136 -6.02895e-38 0 0 -0.000101492 -1.26167e-40 0.000376522 -1.54022e-43 
34.2 0.221264 3.7234e-38 -0.00958865 -9.41734e-39 0.00160724 -6.02903e-38 0 0 -0.000146626 -1.34869e-40 0.00035196 -1.64745e-43 
34.3 0.221264 3.7234e-38 -0.00960584 -9.43589e-39 0.00156535 -6.02917e-38 0 0 -0.000196337 -1.48823e-40 0.000312574 -1.83469e-43 
34.4 0.221264 3.7234e-38 -0.00962837 -9.45264e-39 0.00153725 -6.02927e-38 0 0 -0.000253789 -1.65624e-40 0.000265156 -2.06113e-43 
34.5 0.221264 3.7234e-38 -0.00965728 -9.4646e-39 0.00152194 -6.02932e-38 0 0 -0.000317462 -1.8333e-40 0.000215182 -2.29895e-43 
34.6 0.221264 3.7234e-38 -0.00969244 -9.48691e-39 0.00150082 -6.02939e-38 0 0 -0.000380549 -2.00319e-40 0.000167232 -2.52672e-43 
34.7 0.221264 3.7234e-38 -0.00973336 -9.51116e-39 0.0014852 -6.02944e-38 0 0 -0.000436508 -2.15375e-40 0.000124738 -2.7273e-43 
34.8 0.221264 3.7234e-38 -0.00977931 -9.53019e-39 0.00147704 -6.02946e-38 0 0 -0.000477384 -2.28254e-40 8.83882e-05 -2.89902e-43 
34.9 0.221264 3.7234e-38 -0.00982859 -9.55718e-39 0.00146971 -6.02948e-38 0 0 -0.000499248 -2.39045e-40 5.79324e-05 -3.0445e-43 
35 0.221264 3.7234e-38 -0.00987875 -9.58618e-39 0.00146594 -6.02949e-38 0 0 -0.000502001 -2.48828e-40 3.03219e-05 -3.17954e-43 
35.1 0.221264 3.7234e-38 -0.00992831 -9.60116e-39 0.00146543 -6.02949e-38 0 0 -0.000489503 -2.58102e-40 4.1483e-06 -3.31191e-43 
35.2 0.221264 3.7234e-38 -0.00997593 -9.63051e-39 0.00146673 -6.02948e-38 0 0 -0.00046292 -2.67473e-40 -2.23024e-05 -3.45137e-43 
35.3 0.221264 3.7234e-38 -0.0100205 -9.65949e-39 0.00147106 -6.02946e-38 0 0 -0.000427473 -2.77263e-40 -4.99309e-05 -3.60362e-43 
35.4 0.221264 3.7234e-38 -0.0100611 -9.68964e-39 0.00147867 -6.02942e-38 0 0 -0.000386026 -2.87839e-40 -7.97823e-05 -3.77542e-43 
35.5 0.221264 3.7234e-38 -0.0100975 -9.71944e-39 0.00148917 -6.02938e-38 0 0 -0.000341868 -2.9906e-40 -0.000111452 -3.96621e-43 
35.6 0.221264 3.7234e-38 -0.0101294 -9.74576e-39 0.00150068 -6.02934e-38 0 0 -0.000295268 -3.10688e-40 -0.000144271 -4.17407e-43 
35.7 0.221264 3.7234e-38 -0.0101565 -9.78682e-39 0.00152242 -6.02925e-38 0 0 -0.000247254 -3.22112e-40 -0.000176513 -4.39153e-43 
35.8 0.221264 3.7234e-38 -0.0101787 -9.82959e-39 0.001549 -6.02915e-38 0 0 -0.00019671 -3.32697e-40 -0.000206389 -4.60915e-43 
35.9 0.221264 3.7234e-38 -0.0101957 -9.85575e-39 0.00156679 -6.02908e-38 0 0 -0.000143467 -3.41693e-40 -0.000231781 -4.81372e-43 
36 0.221264 3.7234e-38 -0.0102071 -9.88242e-39 0.001586 -6.02901e-38 0 0 -8.66706e-05 -3.48657e-40 -0.000251434 -4.99687e-43 
36.1 0.221264 3.7234e-38 -0.0102128 -9.93634e-39 0.0016261 -6.02885e-38 0 0 -2.76783e-05 -3.53065e-40 -0.000263878 -5.14743e-43 
36.2 0.221264 3.7234e-38 -0.0102125 -9.96345e-39 0.00164655 -6.02878e-38 0 0 3.33673e-05 -3.54773e-40 -0.000268699 -5.25859e-43 
36.3 0.221264 3.7234e-38 -0.0102061 -9.99047e-39 0.00166678 -6.0287e-38 0 0 9.47382e-05 -3.53712e-40 -0.000265704 -5.32518e-43 
36.4 0.221264 3.7234e-38 -0.0101936 -1.00173e-38 0.0016865 -6.02862e-38 0 0 0.000154697 -3.50008e-40 -0.000255248 -5.34493e-43 
36.5 0.221264 3.7234e-38 -0.0101754 -1.007e-38 0.00172316 -6.02848e-38 0 0 0.000210212 -3.43973e-40 -0.000238215 -5.31886e-43 
36.6 0.221264 3.7234e-38 -0.0101519 -1.00957e-38 0.0017396 -6.02842e-38 0 0 0.000260304 -3.35978e-40 -0.000215646 -5.25023e-43 
36.7 0.221264 3.7234e-38 -0.0101238 -1.01209e-38 0.0017545 -6.02836e-38 0 0 0.000302897 -3.2647e-40 -0.000188807 -5.1444e-43 
36.8 0.221264 3.7234e-38 -0.010092 -1.01693e-38 0.00177917 -6.02826e-38 0 0 0.000336483 -3.15813e-40 -0.000158726 -5.0067e-43 
36.9 0.221264 3.7234e-38 -0.0100572 -1.01926e-38 0.00178875 -6.02822e-38 0 0 0.000361343 -3.0448e-40 -0.000126736 -4.84465e-43 
37 0.221264 3.7234e-38 -0.0100204 -1.02151e-38 0.00179639 -6.02819e-38 0 0 0.00037669 -2.92731e-40 -9.35735e-05 -4.66376e-43 
37.1 0.221264 3.7234e-38 -0.0099825 -1.02582e-38 0.00180583 -6.02815e-38 0 0 0.00038297 -2.80829e-40 -5.99757e-05 -4.46946e-43 
37.2 0.221264 3.7234e-38 -0.00994443 -1.02787e-38 0.00180763 -6.02813e-38 0 0 0.00038067 -2.68968e-40 -2.64946e-05 -4.26588e-43 
37.3 0.221264 3.7234e-38 -0.00990715 -1.03177e-38 0.00180554 -6.02813e-38 0 0 0.000370063 -2.5725e-40 6.58332e-06 -4.05696e-43 
37.4 0.221264 3.7234e-38 -0.00987138 -1.03505e-38 0.00179738 -6.02815e-38 0 0 0.000352472 -2.45898e-40 3.86259e-05 -3.84775e-43 
37.5 0.221264 3.7234e-38 -0.00983782 -1.03505e-38 0.00179738 -6.02815e-38 0 0 0.000328224 -2.34916e-40 6.96261e-05 -3.63973e-43 
37.6 0.221264 3.7234e-38 -0.00980688 -1.03813e-38 0.00178323 -6.02819e-38 0 0 0.000297742 -2.24428e-40 9.9231e-05 -3.43581e-43 
37.7 0.221264 3.7234e-38 -0.00977919 -1.04103e-38 0.0017642 -6.02825e-38 0 0 0.000261738 -2.14605e-40 0.000126958 -3.24023e-43 
37.8 0.221264 3.7234e-38 -0.00975533 -1.04103e-38 0.0017642 -6.02825e-38 0 0 0.00022133 -2.05685e-40 0.000152139 -3.05834e-43 
37.9 0.221264 3.7234e-38 -0.00973556 -1.04433e-38 0.00173577 -6.02835e-38 0 0 0.000176225 -1.97658e-40 0.000174795 -2.89053e-43 
38 0.221264 3.7234e-38 -0.00972029 -1.04592e-38 0.0017195 -6.0284e-38 0 0 0.000130022 -1.90964e-40 0.000193692 -2.74672e-43 
38.1 0.221264 3.7234e-38 -0.0097098 -1.049e-38 0.00168471 -6.02852e-38 0 0 8.1166e-05 -1.85634e-40 0.000208736 -2.6257e-43 
38.2 0.221264 3.7234e-38 -0.00970428 -1.049e-38 0.00168471 -6.02852e-38 0 0 3.12329e-05 -1.81911e-40 0.000219244 -2.53144e-43 
38.3 0.221264 3.7234e-38 -0.00970366 -1.05142e-38 0.00165511 -6.02862e-38 0 0 -1.83093e-05 -1.79881e-40 0.000224974 -2.46545e-43 
38.4 0.221264 3.7234e-38 -0.00970787 -1.05379e-38 0.00162424 -6.02872e-38 0 0 -6.63387e-05 -1.79619e-40 0.000225713 -2.42891e-43 
38.5 0.221264 3.7234e-38 -0.00971675 -1.05625e-38 0.00159592 -6.02882e-38 0 0 -0.000111892 -1.81191e-40 0.000221277 -2.42245e-43 
38.6 0.221264 3.7234e-38 -0.00972991 -1.05625e-38 0.00159592 -6.02882e-38 0 0 -0.000153896 -1.84491e-40 0.000211962 -2.44385e-43 
38.7 0.221264 3.7234e-38 -0.00974721 -1.05825e-38 0.00157637 -6.02888e-38 0 0 -0.000192107 -1.89488e-40 0.000197859 -2.49268e-43 
38.8 0.221264 3.7234e-38 -0.00976803 -1.06016e-38 0.00155851 -6.02894e-38 0 0 -0.000225469 -1.95962e-40 0.000179585 -2.56524e-43 
38.9 0.221264 3.7234e-38 -0.0097918 -1.06215e-38 0.00154251 -6.02899e-38 0 0 -0.000252736 -2.03764e-40 0.000157564 -2.6582e-43 
39 0.221264 3.7234e-38 -0.00981803 -1.06421e-38 0.00152896 -6.02904e-38 0 0 -0.000274312 -2.12569e-40 0.000132713 -2.76662e-43 
39.1 0.221264 3.7234e-38 -0.00984606 -1.06638e-38 0.00151808 -6.02907e-38 0 0 -0.000289226 -2.222e-40 0.00010553 -2.88943e-43 
39.2 0.221264 3.7234e-38 -0.00987523 -1.06864e-38 0.00150994 -6.02909e-38 0 0 -0.000297395 -2.32409e-40 7.67179e-05 -3.02382e-43 
39.3 0.221264 3.7234e-38 -0.00990499 -1.07165e-38 0.0015037 -6.02911e-38 0 0 -0.00029865 -2.42976e-40 4.68918e-05 -3.16935e-43 
39.4 0.221264 3.7234e-38 -0.00993448 -1.07379e-38 0.00150217 -6.02911e-38 0 0 -0.000293107 -2.5371e-40 1.65957e-05 -3.32436e-43 
39.5 0.221264 3.7234e-38 -0.00996309 -1.076e-38 0.00150263 -6.02911e-38 0 0 -0.000281185 -2.64266e-40 -1.31965e-05 -3.48278e-43 
39.6 0.221264 3.7234e-38 -0.00999022 -1.07828e-38 0.00150527 -6.02909e-38 0 0 -0.000262985 -2.7456e-40 -4.22525e-05 -3.64423e-43 
39.7 0.221264 3.7234e-38 -0.0100152 -1.0822e-38 0.00151382 -6.02905e-38 0 0 -0.000239196 -2.84369e-40 -6.99362e-05 -3.80587e-43 
39.8 0.221264 3.7234e-38 -0.0100377 -1.0854e-38 0.00152419 -6.02901e-38 0 0 -0.00021014 -2.93612e-40 -9.60242e-05 -3.96686e-43 
39.9 0.221264 3.7234e-38 -0.010057 -1.08937e-38 0.00154023 -6.02894e-38 0 0 -0.000176672 -3.02076e-40 -0.000119915 -4.12413e-43 
40 0.221264 3.7234e-38 -0.0100728 -1.09208e-38 0.001553 -6.02889e-38 0 0 -0.000140515 -3.0955e-40 -0.00014101 -4.27399e-43 
40.1 0.221264 3.7234e-38 -0.0100848 -1.09484e-38 0.00156701 -6.02884e-38 0 0 -0.000101859 -3.15901e-40 -0.000158933 -4.41374e-43 
40.2 0.221264 3.7234e-38 -0.0100929 -1.10044e-38 0.00159735 -6.02872e-38 0 0 -6.1931e-05 -3.21032e-40 -0.000173417 -4.54045e-43 
40.3 0.221264 3.7234e-38 -0.010097 -1.10044e-38 0.00159735 -6.02872e-38 0 0 -2.16938e-05 -3.24811e-40 -0.000184085 -4.65018e-43 
40.4 0.221264 3.7234e-38 -0.0100972 -1.10617e-38 0.00163137 -6.02858e-38 0 0 1.82268e-05 -3.2723e-40 -0.000190911 -4.74418e-43 
40.5 0.221264 3.7234e-38 -0.0100934 -1.10617e-38 0.00163137 -6.02858e-38 0 0 5.75328e-05 -3.28277e-40 -0.000193868 -4.82279e-43 
40.6 0.221264 3.7234e-38 -0.010086 -1.11188e-38 0.00166495 -6.02845e-38 0 0 9.41875e-05 -3.27887e-40 -0.000192767 -4.87368e-43 
40.7 0.221264 3.7234e-38 -0.010075 -1.11632e-38 0.00168813 -6.02836e-38 0 0 0.000128445 -3.26079e-40 -0.000187663 -4.89905e-43 
40.8 0.221264 3.7234e-38 -0.0100608 -1.11632e-38 0.00168813 -6.02836e-38 0 0 0.00015924 -3.22877e-40 -0.000178626 -4.89734e-43 
40.9 0.221264 3.7234e-38 -0.0100438 -1.1208e-38 0.00171232 -6.02826e-38 0 0 0.000185629 -3.18406e-40 -0.000166006 -4.86955e-43 
41 0.221264 3.7234e-38 -0.0100243 -1.12511e-38 0.00173206 -6.02818e-38 0 0 0.000207367 -3.12753e-40 -0.00015005 -4.81611e-43 
41.1 0.221264 3.7234e-38 -0.0100028 -1.1293e-38 0.00174801 -6.02811e-38 0 0 0.000224624 -3.06037e-40 -0.000131092 -4.73768e-43 
41.2 0.221264 3.7234e-38 -0.00998009 -1.1293e-38 0.00174801 -6.02811e-38 0 0 0.000236265 -2.9843e-40 -0.000109619 -4.63665e-43 
41.3 0.221264 3.7234e-38 -0.00995644 -1.13332e-38 0.00175943 -6.02806e-38 0 0 0.000242353 -2.90074e-40 -8.60338e-05 -4.51508e-43 
41.4 0.221264 3.7234e-38 -0.00993241 -1.13718e-38 0.00176611 -6.02803e-38 0 0 0.000242806 -2.8119e-40 -6.09553e-05 -4.37649e-43 
41.5 0.221264 3.7234e-38 -0.00990867 -1.13718e-38 0.00176611 -6.02803e-38 0 0 0.00023779 -2.72109e-40 -3.53208e-05 -4.22763e-43 
41.6 0.221264 3.7234e-38 -0.00988568 -1.14049e-38 0.00176755 -6.02801e-38 0 0 0.000227479 -2.62896e-40 -9.31547e-06 -4.07e-43 
41.7 0.221264 3.7234e-38 -0.00986394 -1.14367e-38 0.0017655 -6.02801e-38 0 0 0.00021194 -2.53722e-40 1.65817e-05 -3.90733e-43 
41.8 0.221264 3.7234e-38 -0.009844 -1.1467e-38 0.00175918 -6.02803e-38 0 0 0.000191476 -2.4482e-40 4.17094e-05 -3.74458e-43 
41.9 0.221264 3.7234e-38 -0.00982621 -1.14962e-38 0.0017496 -6.02806e-38 0 0 0.000167014 -2.36419e-40 6.54227e-05 -3.58604e-43 
42 0.221264 3.7234e-38 -0.00981114 -1.14962e-38 0.0017496 -6.02806e-38 0 0 0.000138445 -2.28339e-40 8.8229e-05 -3.42963e-43 
42.1 0.221264 3.7234e-38 -0.00979895 -1.15241e-38 0.00173641 -6.0281e-38 0 0 0.000108229 -2.21552e-40 0.000107389 -3.29313e-43 
