0 0.221264 0 0 -0 -0 0 0 0 0 0 0 0 
0.1 0.221264 1.07849e-37 -0.000966921 -9.88467e-40 7.57772e-05 -6.34436e-37 0 0 -0.0189449 -1.14305e-38 -0.001261 -7.2669e-43 
0.2 0.221264 1.07849e-37 -0.00361189 -2.24008e-39 0.000220449 -6.3439e-37 0 0 -0.0327815 -1.13347e-38 -0.00123528 -2.14276e-42 
0.3 0.221264 1.07849e-37 -0.00722799 -2.97853e-39 0.000256486 -6.34378e-37 0 0 -0.038009 -4.81188e-39 0.000514867 -9.84306e-43 
0.4 0.221264 1.07849e-37 -0.0109023 -2.92926e-39 5.943e-05 -6.34441e-37 0 0 -0.0343224 5.43081e-39 0.00326302 3.42546e-43 
0.5 0.221264 1.07849e-37 -0.013862 -1.83281e-39 -0.000412936 -6.34591e-37 0 0 -0.0240297 1.6497e-38 0.00623163 -7.27041e-42 
0.6 0.221264 1.07849e-37 -0.015586 3.30707e-40 -0.00117422 -6.3483e-37 0 0 -0.0102645 2.58372e-38 0.00873652 -3.13703e-41 
0.7 0.221264 1.07849e-37 -0.0159489 3.52083e-39 -0.00223339 -6.35158e-37 0 0 0.0025097 2.93405e-38 0.00967572 -6.3756e-41 
0.8 0.221264 1.07849e-37 -0.0152374 6.48957e-39 -0.00322572 -6.35458e-37 0 0 0.0109706 2.60519e-38 0.00879467 -8.19545e-41 
0.9 0.221264 1.07849e-37 -0.0139554 8.40699e-39 -0.00391233 -6.35664e-37 0 0 0.0138752 1.71617e-38 0.00641376 -6.88121e-41 
1 0.221264 1.07849e-37 -0.0126583 9.24171e-39 -0.00429621 -6.35779e-37 0 0 0.0113624 4.38419e-39 0.00299273 -2.28147e-41 
1.1 0.221264 1.07849e-37 -0.0118224 8.97268e-39 -0.00439597 -6.35812e-37 0 0 0.00501738 -9.18269e-39 -0.000639123 3.59298e-41 
1.2 0.221264 1.07849e-37 -0.0117277 7.28863e-39 -0.00413451 -6.3574e-37 0 0 -0.00305275 -2.22831e-38 -0.00414618 8.83022e-41 
1.3 0.221264 1.07849e-37 -0.0124005 4.62804e-39 -0.00359716 -6.35585e-37 0 0 -0.0100971 -3.18876e-38 -0.00671784 1.111e-40 
1.4 0.221264 1.07849e-37 -0.01367 8.52545e-40 -0.00278205 -6.35345e-37 0 0 -0.0148374 -3.71318e-38 -0.00812243 1.02813e-40 
1.5 0.221264 1.07849e-37 -0.0152577 -2.89831e-39 -0.00195894 -6.35096e-37 0 0 -0.0163574 -3.73838e-38 -0.00818988 7.34992e-41 
1.6 0.221264 1.07849e-37 -0.0168173 -6.16523e-39 -0.00125286 -6.34877e-37 0 0 -0.0143239 -3.27371e-38 -0.00694424 3.9857e-41 
1.7 0.221264 1.07849e-37 -0.0180348 -9.1278e-39 -0.000647564 -6.34687e-37 0 0 -0.00977745 -2.46653e-38 -0.00477978 1.57387e-41 
1.8 0.221264 1.07849e-37 -0.0187506 -1.10673e-38 -0.000310203 -6.3458e-37 0 0 -0.00459587 -1.46591e-38 -0.00209602 4.32924e-42 
1.9 0.221264 1.07849e-37 -0.0189952 -1.19523e-38 -0.000264403 -6.34565e-37 0 0 -0.00058146 -3.35274e-39 0.000936762 5.24469e-43 
2 0.221264 1.07849e-37 -0.0189484 -1.17067e-38 -0.000500474 -6.34641e-37 0 0 0.00117785 7.52112e-39 0.00385341 -4.43387e-42 
2.1 0.221264 1.07849e-37 -0.0188058 -1.05066e-38 -0.00101324 -6.34805e-37 0 0 0.00139079 1.39361e-38 0.00557379 -1.49833e-41 
2.2 0.221264 1.07849e-37 -0.0186746 -9.09407e-39 -0.0015762 -6.34984e-37 0 0 0.00123636 1.32718e-38 0.00539574 -2.22963e-41 
2.3 0.221264 1.07849e-37 -0.0185652 -8.09657e-39 -0.00202039 -6.35124e-37 0 0 0.00086941 7.08152e-39 0.00373655 -1.64229e-41 
2.4 0.221264 1.07849e-37 -0.018524 -7.8295e-39 -0.00228284 -6.35208e-37 0 0 -0.0001616 -1.68988e-39 0.00138593 1.4473e-42 
2.5 0.221264 1.07849e-37 -0.0186222 -8.49072e-39 -0.00229385 -6.35213e-37 0 0 -0.0019016 -1.00642e-38 -0.000858143 2.06719e-41 
2.6 0.221264 1.07849e-37 -0.0189222 -9.95765e-39 -0.00209899 -6.35155e-37 0 0 -0.0041373 -1.55107e-38 -0.00231766 3.07694e-41 
2.7 0.221264 1.07849e-37 -0.019445 -1.14082e-38 -0.00187112 -6.35085e-37 0 0 -0.00623159 -1.68346e-38 -0.00267247 2.95537e-41 
2.8 0.221264 1.07849e-37 -0.020129 -1.30848e-38 -0.0016128 -6.35006e-37 0 0 -0.00721668 -1.53196e-38 -0.00226637 2.31406e-41 
2.9 0.221264 1.07849e-37 -0.020832 -1.4607e-38 -0.00140729 -6.34943e-37 0 0 -0.00663794 -1.28159e-38 -0.00159521 1.67766e-41 
3 0.221264 1.07849e-37 -0.0214197 -1.55396e-38 -0.00131232 -6.34913e-37 0 0 -0.00503901 -9.70474e-39 -0.000761138 1.12788e-41 
3.1 0.221264 1.07849e-37 -0.0218112 -1.63485e-38 -0.00128356 -6.34905e-37 0 0 -0.00303965 -6.18257e-39 0.000183155 6.50438e-42 
3.2 0.221264 1.07849e-37 -0.0220349 -1.67976e-38 -0.00135652 -6.3493e-37 0 0 -0.00147534 -2.8225e-39 0.00108398 2.30995e-42 
3.3 0.221264 1.07849e-37 -0.0221204 -1.69396e-38 -0.00149861 -6.34976e-37 0 0 -0.000405482 -6.27398e-40 0.00167245 -7.18283e-43 
3.4 0.221264 1.07849e-37 -0.0221388 -1.69267e-38 -0.00169603 -6.35041e-37 0 0 -7.31993e-05 5.19128e-40 0.00197979 -2.7068e-42 
3.5 0.221264 1.07849e-37 -0.0221556 -1.68661e-38 -0.00189438 -6.35105e-37 0 0 -0.000331317 5.52755e-40 0.00198881 -3.06501e-42 
3.6 0.221264 1.07849e-37 -0.022219 -1.68738e-38 -0.00209224 -6.35169e-37 0 0 -0.000969652 -5.04617e-40 0.00170543 -1.168e-42 
3.7 0.221264 1.07849e-37 -0.0223559 -1.70164e-38 -0.00221139 -6.35209e-37 0 0 -0.00165621 -2.36974e-39 0.0012056 2.90998e-42 
3.8 0.221264 1.07849e-37 -0.02255 -1.745e-38 -0.00230288 -6.3524e-37 0 0 -0.00217175 -4.70662e-39 0.000579372 8.39468e-42 
3.9 0.221264 1.07849e-37 -0.0227834 -1.80602e-38 -0.00231739 -6.35246e-37 0 0 -0.00247292 -7.13879e-39 -7.23689e-05 1.41137e-41 
4 0.221264 1.07849e-37 -0.023036 -1.87893e-38 -0.00228208 -6.35237e-37 0 0 -0.00255158 -9.30719e-39 -0.000653431 1.88269e-41 
4.1 0.221264 1.07849e-37 -0.0232773 -1.98321e-38 -0.00219293 -6.35211e-37 0 0 -0.00234199 -1.09354e-38 -0.00108975 2.16939e-41 
4.2 0.221264 1.07849e-37 -0.0234979 -2.09714e-38 -0.00206796 -6.35173e-37 0 0 -0.00205538 -1.20975e-38 -0.00140117 2.28354e-41 
4.3 0.221264 1.07849e-37 -0.023686 -2.23534e-38 -0.00190443 -6.35124e-37 0 0 -0.00169811 -1.23418e-38 -0.00146666 2.16965e-41 
4.4 0.221264 1.07849e-37 -0.0238377 -2.35287e-38 -0.00176963 -6.35082e-37 0 0 -0.00133066 -1.17376e-38 -0.00130472 1.90336e-41 
4.5 0.221264 1.07849e-37 -0.0239509 -2.46137e-38 -0.00165901 -6.35048e-37 0 0 -0.00092711 -1.06384e-38 -0.00101006 1.59506e-41 
4.6 0.221264 1.07849e-37 -0.0240186 -2.55227e-38 -0.00158395 -6.35026e-37 0 0 -0.000477848 -9.52337e-39 -0.000711188 1.33866e-41 
4.7 0.221264 1.07849e-37 -0.0240398 -2.64824e-38 -0.0015217 -6.35007e-37 0 0 -1.54884e-05 -8.83492e-39 -0.00052664 1.18374e-41 
4.8 0.221264 1.07849e-37 -0.024021 -2.7485e-38 -0.00146567 -6.34991e-37 0 0 0.000374251 -8.64225e-39 -0.000474992 1.11618e-41 
4.9 0.221264 1.07849e-37 -0.0239715 -2.84358e-38 -0.00140936 -6.34974e-37 0 0 0.000597099 -8.84404e-39 -0.000529086 1.10653e-41 
5 0.221264 1.07849e-37 -0.02391 -2.93902e-38 -0.00134496 -6.34954e-37 0 0 0.000616837 -9.25763e-39 -0.000639964 1.11715e-41 
5.1 0.221264 1.07849e-37 -0.0238551 -3.00208e-38 -0.00129708 -6.34939e-37 0 0 0.000472099 -9.73645e-39 -0.000768328 1.12093e-41 
5.2 0.221264 1.07849e-37 -0.023814 -3.10567e-38 -0.0012136 -6.34913e-37 0 0 0.000280558 -1.01263e-38 -0.000872852 1.09962e-41 
5.3 0.221264 1.07849e-37 -0.0237993 -3.21361e-38 -0.00111506 -6.34882e-37 0 0 1.4026e-05 -1.05984e-38 -0.000999433 1.06681e-41 
5.4 0.221264 1.07849e-37 -0.0238099 -3.32387e-38 -0.00100956 -6.34849e-37 0 0 -0.000215921 -1.06933e-38 -0.00102486 9.78811e-42 
5.5 0.221264 1.07849e-37 -0.0238387 -3.42649e-38 -0.000913643 -6.34818e-37 0 0 -0.000339713 -1.0427e-38 -0.000953462 8.57877e-42 
5.6 0.221264 1.07849e-37 -0.0238719 -3.54266e-38 -0.000814628 -6.34786e-37 0 0 -0.000308514 -9.88389e-39 -0.000807827 7.29364e-42 
5.7 0.221264 1.07849e-37 -0.0238951 -3.62841e-38 -0.000752722 -6.34766e-37 0 0 -0.00014529 -9.20819e-39 -0.000626634 6.14129e-42 
5.8 0.221264 1.07849e-37 -0.0238975 -3.70322e-38 -0.000708604 -6.34752e-37 0 0 0.000103015 -8.53912e-39 -0.000447214 5.22704e-42 
5.9 0.221264 1.07849e-37 -0.0238738 -3.79599e-38 -0.000667642 -6.34739e-37 0 0 0.000366827 -8.00707e-39 -0.000304535 4.58889e-42 
6 0.221264 1.07849e-37 -0.0238262 -3.87021e-38 -0.000644029 -6.34732e-37 0 0 0.000576485 -7.6797e-39 -0.000216743 4.19609e-42 
6.1 0.221264 1.07849e-37 -0.0237625 -3.93931e-38 -0.000626422 -6.34727e-37 0 0 0.000684601 -7.54268e-39 -0.000179995 3.98052e-42 
6.2 0.221264 1.07849e-37 -0.0236872 -4.0234e-38 -0.000611019 -6.34722e-37 0 0 0.000734698 -7.45786e-39 -0.00015725 3.8432e-42 
6.3 0.221264 1.07849e-37 -0.0236191 -4.09887e-38 -0.000590619 -6.34716e-37 0 0 0.000616407 -7.76286e-39 -0.000239046 3.89803e-42 
6.4 0.221264 1.07849e-37 -0.0235659 -4.17999e-38 -0.000560273 -6.34706e-37 0 0 0.000446002 -8.10729e-39 -0.000331415 3.89896e-42 
6.5 0.221264 1.07849e-37 -0.0235304 -4.26437e-38 -0.000521173 -6.34694e-37 0 0 0.00026519 -8.40844e-39 -0.000412179 3.79278e-42 
6.6 0.221264 1.07849e-37 -0.0235105 -4.35127e-38 -0.000475314 -6.34679e-37 0 0 0.000144978 -8.61273e-39 -0.000466969 3.56387e-42 
6.7 0.221264 1.07849e-37 -0.0234989 -4.43924e-38 -0.000426592 -6.34663e-37 0 0 9.30275e-05 -8.66126e-39 -0.000479984 3.22339e-42 
6.8 0.221264 1.07849e-37 -0.0234884 -4.51798e-38 -0.00038389 -6.34649e-37 0 0 0.000116512 -8.60099e-39 -0.000463818 2.83768e-42 
6.9 0.221264 1.07849e-37 -0.0234719 -4.62674e-38 -0.000328076 -6.3463e-37 0 0 0.000212789 -8.46516e-39 -0.000427388 2.45187e-42 
7 0.221264 1.07849e-37 -0.0234443 -4.69571e-38 -0.000294736 -6.34619e-37 0 0 0.000337394 -8.34392e-39 -0.000394871 2.10623e-42 
7.1 0.221264 1.07849e-37 -0.023405 -4.76671e-38 -0.000263734 -6.34609e-37 0 0 0.000433477 -8.09719e-39 -0.000328691 1.76972e-42 
7.2 0.221264 1.07849e-37 -0.0233604 -4.85468e-38 -0.000235074 -6.34599e-37 0 0 0.000451809 -7.65922e-39 -0.000211219 1.47241e-42 
7.3 0.221264 1.07849e-37 -0.0233157 -4.92835e-38 -0.000221731 -6.34595e-37 0 0 0.000440234 -7.24133e-39 -9.9129e-05 1.27468e-42 
7.4 0.221264 1.07849e-37 -0.0232732 -5.02138e-38 -0.000217906 -6.34594e-37 0 0 0.000412902 -6.92485e-39 -1.42397e-05 1.16835e-42 
7.5 0.221264 1.07849e-37 -0.0232342 -5.0609e-38 -0.000219656 -6.34595e-37 0 0 0.000371603 -6.71661e-39 4.1614e-05 1.13014e-42 
7.6 0.221264 1.07849e-37 -0.0231993 -5.1346e-38 -0.000225539 -6.34597e-37 0 0 0.000327501 -6.64195e-39 6.16408e-05 1.14231e-42 
7.7 0.221264 1.07849e-37 -0.0231687 -5.19696e-38 -0.000230714 -6.34599e-37 0 0 0.000284396 -6.69213e-39 4.81819e-05 1.18476e-42 
7.8 0.221264 1.07849e-37 -0.0231424 -5.26831e-38 -0.000232877 -6.346e-37 0 0 0.000242349 -6.82302e-39 1.30725e-05 1.2329e-42 
7.9 0.221264 1.07849e-37 -0.0231209 -5.3412e-38 -0.000230916 -6.34599e-37 0 0 0.000199776 -6.97182e-39 -2.68388e-05 1.26026e-42 
8 0.221264 1.07849e-37 -0.0231032 -5.41564e-38 -0.000224774 -6.34598e-37 0 0 0.000161896 -7.1011e-39 -6.15143e-05 1.26089e-42 
8.1 0.221264 1.07849e-37 -0.0230886 -5.49099e-38 -0.000216201 -6.34595e-37 0 0 0.000129857 -7.18663e-39 -8.44551e-05 1.23466e-42 
8.2 0.221264 1.07849e-37 -0.0230769 -5.56276e-38 -0.000207531 -6.34592e-37 0 0 0.000106381 -7.20953e-39 -9.05999e-05 1.18518e-42 
8.3 0.221264 1.07849e-37 -0.0230673 -5.65078e-38 -0.000198511 -6.34589e-37 0 0 9.16625e-05 -7.16341e-39 -7.82286e-05 1.12404e-42 
8.4 0.221264 1.07849e-37 -0.0230586 -5.69418e-38 -0.000195629 -6.34588e-37 0 0 8.59687e-05 -7.06739e-39 -5.24733e-05 1.07038e-42 
8.5 0.221264 1.07849e-37 -0.0230502 -5.76305e-38 -0.000192516 -6.34587e-37 0 0 8.30184e-05 -6.95347e-39 -2.1917e-05 1.03035e-42 
8.6 0.221264 1.07849e-37 -0.0230421 -5.84126e-38 -0.000194217 -6.34588e-37 0 0 7.98011e-05 -6.83745e-39 9.2046e-06 1.0079e-42 
8.7 0.221264 1.07849e-37 -0.0230347 -5.91055e-38 -0.000198258 -6.3459e-37 0 0 7.33324e-05 -6.7379e-39 3.59079e-05 1.00591e-42 
8.8 0.221264 1.07849e-37 -0.0230283 -5.95663e-38 -0.000201289 -6.34591e-37 0 0 6.10216e-05 -6.66525e-39 5.53928e-05 1.02082e-42 
8.9 0.221264 1.07849e-37 -0.0230242 -6.07777e-38 -0.000214517 -6.34596e-37 0 0 4.23099e-05 -6.62783e-39 6.54296e-05 1.04987e-42 
9 0.221264 1.07849e-37 -0.0230224 -6.15063e-38 -0.000221992 -6.34599e-37 0 0 1.82992e-05 -6.61431e-39 6.90561e-05 1.08574e-42 
9.1 0.221264 1.07849e-37 -0.0230232 -6.21425e-38 -0.000228188 -6.34601e-37 0 0 -8.33702e-06 -6.61899e-39 6.78024e-05 1.12486e-42 
9.2 0.221264 1.07849e-37 -0.0230268 -6.2779e-38 -0.000234299 -6.34603e-37 0 0 -3.64424e-05 -6.63284e-39 6.40878e-05 1.16409e-42 
9.3 0.221264 1.07849e-37 -0.0230332 -6.33559e-38 -0.000238716 -6.34605e-37 0 0 -6.32099e-05 -6.65202e-39 5.8943e-05 1.2024e-42 
9.4 0.221264 1.07849e-37 -0.0230421 -6.3932e-38 -0.00024336 -6.34607e-37 0 0 -8.96934e-05 -6.67034e-39 5.40285e-05 1.23741e-42 
9.5 0.221264 1.07849e-37 -0.0230535 -6.45097e-38 -0.000247555 -6.34608e-37 0 0 -0.00011396 -6.68476e-39 5.01612e-05 1.26975e-42 
9.6 0.221264 1.07849e-37 -0.0230667 -6.4936e-38 -0.000250306 -6.34609e-37 0 0 -0.000136384 -6.69444e-39 4.7565e-05 1.29952e-42 
9.7 0.221264 1.07849e-37 -0.023082 -6.57117e-38 -0.00025569 -6.34612e-37 0 0 -0.000156748 -6.69851e-39 4.64714e-05 1.32697e-42 
9.8 0.221264 1.07849e-37 -0.0230996 -6.64115e-38 -0.000260627 -6.34614e-37 0 0 -0.000175032 -6.69714e-39 4.68404e-05 1.35334e-42 
9.9 0.221264 1.07849e-37 -0.0231187 -6.7041e-38 -0.000265159 -6.34615e-37 0 0 -0.000192036 -6.69423e-39 4.76202e-05 1.37972e-42 
10 0.221264 1.07849e-37 -0.0231393 -6.75832e-38 -0.000269168 -6.34617e-37 0 0 -0.0002083 -6.68908e-39 4.90013e-05 1.40612e-42 
10.1 0.221264 1.07849e-37 -0.0231615 -6.85833e-38 -0.000276751 -6.3462e-37 0 0 -0.000225911 -6.68219e-39 5.08505e-05 1.43288e-42 
10.2 0.221264 1.07849e-37 -0.0231854 -6.90831e-38 -0.000280612 -6.34621e-37 0 0 -0.0002413 -6.67873e-39 5.17778e-05 1.46095e-42 
10.3 0.221264 1.07849e-37 -0.0232113 -7.00837e-38 -0.000288052 -6.34624e-37 0 0 -0.000254809 -6.68269e-39 5.07169e-05 1.49031e-42 
10.4 0.221264 1.07849e-37 -0.0232382 -7.10847e-38 -0.000295376 -6.34627e-37 0 0 -0.000267506 -6.68989e-39 4.87834e-05 1.51826e-42 
10.5 0.221264 1.07849e-37 -0.0232665 -7.10847e-38 -0.000295376 -6.34627e-37 0 0 -0.000279082 -6.70007e-39 4.60509e-05 1.53688e-42 
10.6 0.221264 1.07849e-37 -0.0232956 -7.20901e-38 -0.000301522 -6.3463e-37 0 0 -0.000288711 -6.71431e-39 4.22308e-05 1.55702e-42 
10.7 0.221264 1.07849e-37 -0.0233253 -7.41169e-38 -0.000309559 -6.34634e-37 0 0 -0.000297166 -6.73062e-39 3.78545e-05 1.57784e-42 
10.8 0.221264 1.07849e-37 -0.0233554 -7.41169e-38 -0.000309559 -6.34634e-37 0 0 -0.00030355 -6.74813e-39 3.3158e-05 1.59826e-42 
10.9 0.221264 1.07849e-37 -0.0233858 -7.41169e-38 -0.000309559 -6.34634e-37 0 0 -0.000308312 -6.76658e-39 2.82108e-05 1.61836e-42 
11 0.221264 1.07849e-37 -0.0234166 -7.57802e-38 -0.000317603 -6.34637e-37 0 0 -0.000311688 -6.78305e-39 2.37911e-05 1.63755e-42 
11.1 0.221264 1.07849e-37 -0.0234477 -7.57802e-38 -0.000317603 -6.34637e-37 0 0 -0.00031492 -6.78216e-39 2.40306e-05 1.65272e-42 
11.2 0.221264 1.07849e-37 -0.0234792 -7.57802e-38 -0.000317603 -6.34637e-37 0 0 -0.000317316 -6.77249e-39 2.66235e-05 1.6656e-42 
11.3 0.221264 1.07849e-37 -0.0235103 -7.71674e-38 -0.000321131 -6.34639e-37 0 0 -0.000314942 -6.77395e-39 2.62324e-05 1.68064e-42 
11.4 0.221264 1.07849e-37 -0.023541 -7.71674e-38 -0.000321131 -6.34639e-37 0 0 -0.000307292 -6.7891e-39 2.217e-05 1.69844e-42 
11.5 0.221264 1.07849e-37 -0.0235709 -7.81417e-38 -0.000323558 -6.3464e-37 0 0 -0.000296946 -6.80659e-39 1.74785e-05 1.71515e-42 
11.6 0.221264 1.07849e-37 -0.0235998 -7.91186e-38 -0.000325285 -6.34641e-37 0 0 -0.0002839 -6.83017e-39 1.11525e-05 1.73066e-42 
11.7 0.221264 1.07849e-37 -0.023627 -7.91186e-38 -0.000325285 -6.34641e-37 0 0 -0.000264975 -6.8905e-39 -5.02699e-06 1.74988e-42 
11.8 0.221264 1.07849e-37 -0.0236522 -8.01203e-38 -0.000320343 -6.3464e-37 0 0 -0.000243944 -6.9563e-39 -2.26779e-05 1.76161e-42 
11.9 0.221264 1.07849e-37 -0.0236756 -8.07185e-38 -0.000317395 -6.34639e-37 0 0 -0.000229226 -6.9941e-39 -3.28151e-05 1.7556e-42 
12 0.221264 1.07849e-37 -0.0236976 -8.12186e-38 -0.00031449 -6.34638e-37 0 0 -0.000212605 -7.02898e-39 -4.21712e-05 1.7434e-42 
12.1 0.221264 1.07849e-37 -0.0237181 -8.20213e-38 -0.000309201 -6.34637e-37 0 0 -0.000197088 -7.04681e-39 -4.69536e-05 1.7223e-42 
12.2 0.221264 1.07849e-37 -0.0237373 -8.25782e-38 -0.00030595 -6.34636e-37 0 0 -0.000180019 -7.0442e-39 -4.62539e-05 1.6955e-42 
12.3 0.221264 1.07849e-37 -0.0237542 -8.3523e-38 -0.000299616 -6.34634e-37 0 0 -0.00015912 -7.04338e-39 -4.60319e-05 1.6669e-42 
12.4 0.221264 1.07849e-37 -0.0237688 -8.41527e-38 -0.000295426 -6.34633e-37 0 0 -0.000132812 -7.04918e-39 -4.75891e-05 1.63996e-42 
12.5 0.221264 1.07849e-37 -0.0237805 -8.47842e-38 -0.000290773 -6.34631e-37 0 0 -0.000102803 -7.06528e-39 -5.19071e-05 1.61451e-42 
12.6 0.221264 1.07849e-37 -0.0237894 -8.53532e-38 -0.000286409 -6.3463e-37 0 0 -7.60804e-05 -7.07078e-39 -5.33812e-05 1.58365e-42 
12.7 0.221264 1.07849e-37 -0.0237958 -8.61232e-38 -0.000280664 -6.34628e-37 0 0 -4.79346e-05 -7.08322e-39 -5.67176e-05 1.55452e-42 
12.8 0.221264 1.07849e-37 -0.0237989 -8.67951e-38 -0.000274598 -6.34626e-37 0 0 -2.00564e-05 -7.11294e-39 -6.46907e-05 1.52436e-42 
12.9 0.221264 1.07849e-37 -0.0237998 -8.76895e-38 -0.000266471 -6.34623e-37 0 0 -9.26246e-07 -7.11306e-39 -6.47218e-05 1.48488e-42 
13 0.221264 1.07849e-37 -0.0237983 -8.81988e-38 -0.00026177 -6.34622e-37 0 0 1.92049e-05 -7.116e-39 -6.55114e-05 1.44568e-42 
13.1 0.221264 1.07849e-37 -0.0237935 -8.90388e-38 -0.000252154 -6.34619e-37 0 0 5.06946e-05 -7.1779e-39 -8.21135e-05 1.41075e-42 
13.2 0.221264 1.07849e-37 -0.0237868 -8.96609e-38 -0.000244457 -6.34616e-37 0 0 7.2247e-05 -7.20085e-39 -8.82693e-05 1.3622e-42 
13.3 0.221264 1.07849e-37 -0.0237777 -9.05471e-38 -0.000232936 -6.34612e-37 0 0 9.42708e-05 -7.22092e-39 -9.36515e-05 1.30908e-42 
13.4 0.221264 1.07849e-37 -0.0237666 -9.11377e-38 -0.000225303 -6.3461e-37 0 0 0.000113474 -7.22714e-39 -9.53198e-05 1.25116e-42 
13.5 0.221264 1.07849e-37 -0.0237543 -9.23129e-38 -0.00021165 -6.34605e-37 0 0 0.000123971 -7.17777e-39 -8.20783e-05 1.18759e-42 
13.6 0.221264 1.07849e-37 -0.0237402 -9.26692e-38 -0.000208088 -6.34604e-37 0 0 0.000143758 -7.16503e-39 -7.86613e-05 1.1369e-42 
13.7 0.221264 1.07849e-37 -0.0237245 -9.32188e-38 -0.000202036 -6.34602e-37 0 0 0.000165525 -7.16408e-39 -7.84066e-05 1.08784e-42 
13.8 0.221264 1.07849e-37 -0.0237066 -9.41827e-38 -0.000192292 -6.34598e-37 0 0 0.000181188 -7.14109e-39 -7.22399e-05 1.03827e-42 
13.9 0.221264 1.07849e-37 -0.0236874 -9.47327e-38 -0.00018695 -6.34597e-37 0 0 0.000193403 -7.11026e-39 -6.397e-05 9.9243e-43 
14 0.221264 1.07849e-37 -0.0236673 -9.57064e-38 -0.000180167 -6.34594e-37 0 0 0.000202975 -7.07517e-39 -5.456e-05 9.51379e-43 
14.1 0.221264 1.07849e-37 -0.0236463 -9.6136e-38 -0.000177159 -6.34593e-37 0 0 0.000210893 -7.0396e-39 -4.50186e-05 9.16657e-43 
14.2 0.221264 1.07849e-37 -0.0236247 -9.68684e-38 -0.000173659 -6.34592e-37 0 0 0.000217461 -7.00663e-39 -3.61736e-05 8.87848e-43 
14.3 0.221264 1.07849e-37 -0.0236025 -9.77844e-38 -0.000170102 -6.34591e-37 0 0 0.000222639 -6.97787e-39 -2.84601e-05 8.65289e-43 
14.4 0.221264 1.07849e-37 -0.0235799 -9.83944e-38 -0.000167923 -6.3459e-37 0 0 0.000226224 -6.95339e-39 -2.18944e-05 8.47823e-43 
14.5 0.221264 1.07849e-37 -0.0235571 -9.9001e-38 -0.00016666 -6.3459e-37 0 0 0.000228065 -6.93282e-39 -1.63752e-05 8.34328e-43 
14.6 0.221264 1.07849e-37 -0.0235345 -1.00208e-37 -0.000165796 -6.3459e-37 0 0 0.000227303 -6.915e-39 -1.15967e-05 8.26047e-43 
14.7 0.221264 1.07849e-37 -0.0235119 -1.00208e-37 -0.000165796 -6.3459e-37 0 0 0.000225871 -6.89766e-39 -6.94489e-06 8.19077e-43 
14.8 0.221264 1.07849e-37 -0.0234901 -1.01416e-37 -0.000164628 -6.3459e-37 0 0 0.000221371 -6.88232e-39 -2.83043e-06 8.16686e-43 
14.9 0.221264 1.07849e-37 -0.0234686 -1.02615e-37 -0.000165896 -6.3459e-37 0 0 0.000216219 -6.86677e-39 1.34113e-06 8.14911e-43 
15 0.221264 1.07849e-37 -0.023448 -1.02615e-37 -0.000165896 -6.3459e-37 0 0 0.000209094 -6.85056e-39 5.68758e-06 8.14995e-43 
15.1 0.221264 1.07849e-37 -0.0234282 -1.03809e-37 -0.000168616 -6.34592e-37 0 0 0.000201225 -6.83427e-39 1.00569e-05 8.16414e-43 
15.2 0.221264 1.07849e-37 -0.0234092 -1.03809e-37 -0.000168616 -6.34592e-37 0 0 0.000192599 -6.8179e-39 1.44496e-05 8.1919e-43 
15.3 0.221264 1.07849e-37 -0.0233911 -1.04696e-37 -0.000172769 -6.34593e-37 0 0 0.000183151 -6.80134e-39 1.88895e-05 8.27013e-43 
15.4 0.221264 1.07849e-37 -0.0233737 -1.05381e-37 -0.000175407 -6.34595e-37 0 0 0.000173115 -6.7847e-39 2.33538e-05 8.37648e-43 
15.5 0.221264 1.07849e-37 -0.0233575 -1.06065e-37 -0.000178024 -6.34596e-37 0 0 0.000162199 -6.76822e-39 2.77756e-05 8.50452e-43 
15.6 0.221264 1.07849e-37 -0.0233431 -1.07423e-37 -0.000186045 -6.34599e-37 0 0 0.000149948 -6.75319e-39 3.18049e-05 8.6642e-43 
15.7 0.221264 1.07849e-37 -0.0233302 -1.07423e-37 -0.000186045 -6.34599e-37 0 0 0.000136715 -6.73988e-39 3.53752e-05 8.85472e-43 
15.8 0.221264 1.07849e-37 -0.0233182 -1.08548e-37 -0.000193184 -6.34602e-37 0 0 0.000123165 -6.72752e-39 3.86908e-05 9.05721e-43 
15.9 0.221264 1.07849e-37 -0.0233077 -1.08548e-37 -0.000193184 -6.34602e-37 0 0 0.000109116 -6.71665e-39 4.16069e-05 9.2785e-43 
16 0.221264 1.07849e-37 -0.023298 -1.09494e-37 -0.000199339 -6.34604e-37 0 0 9.45546e-05 -6.70817e-39 4.38818e-05 9.51009e-43 
16.1 0.221264 1.07849e-37 -0.0232898 -1.09966e-37 -0.00020272 -6.34606e-37 0 0 7.99064e-05 -6.69798e-39 4.66156e-05 9.75047e-43 
16.2 0.221264 1.07849e-37 -0.0232829 -1.10909e-37 -0.000209754 -6.34609e-37 0 0 6.52904e-05 -6.68969e-39 4.88374e-05 1.00032e-42 
16.3 0.221264 1.07849e-37 -0.0232772 -1.11852e-37 -0.000216984 -6.34612e-37 0 0 5.07201e-05 -6.68306e-39 5.06165e-05 1.02718e-42 
16.4 0.221264 1.07849e-37 -0.0232729 -1.11852e-37 -0.000216984 -6.34612e-37 0 0 3.57993e-05 -6.67903e-39 5.16962e-05 1.05532e-42 
16.5 0.221264 1.07849e-37 -0.0232702 -1.12793e-37 -0.000224617 -6.34615e-37 0 0 2.14286e-05 -6.67699e-39 5.22439e-05 1.08428e-42 
16.6 0.221264 1.07849e-37 -0.0232688 -1.14677e-37 -0.000239163 -6.34621e-37 0 0 7.57096e-06 -6.67629e-39 5.24318e-05 1.11374e-42 
16.7 0.221264 1.07849e-37 -0.0232688 -1.14677e-37 -0.000239163 -6.34621e-37 0 0 -6.76983e-06 -6.67555e-39 5.2632e-05 1.14324e-42 
16.8 0.221264 1.07849e-37 -0.0232703 -1.14677e-37 -0.000239163 -6.34621e-37 0 0 -2.13613e-05 -6.67514e-39 5.27406e-05 1.17292e-42 
16.9 0.221264 1.07849e-37 -0.0232731 -1.16561e-37 -0.000254089 -6.34627e-37 0 0 -3.52784e-05 -6.67761e-39 5.20777e-05 1.20264e-42 
17 0.221264 1.07849e-37 -0.023277 -1.16561e-37 -0.000254089 -6.34627e-37 0 0 -4.78946e-05 -6.68468e-39 5.01828e-05 1.23232e-42 
17.1 0.221264 1.07849e-37 -0.0232823 -1.16561e-37 -0.000254089 -6.34627e-37 0 0 -5.9753e-05 -6.69485e-39 4.74551e-05 1.26202e-42 
17.2 0.221264 1.07849e-37 -0.0232889 -1.18457e-37 -0.000265424 -6.34632e-37 0 0 -7.18427e-05 -6.70126e-39 4.57352e-05 1.29042e-42 
17.3 0.221264 1.07849e-37 -0.0232966 -1.18457e-37 -0.000265424 -6.34632e-37 0 0 -8.42173e-05 -6.70354e-39 4.51227e-05 1.31743e-42 
17.4 0.221264 1.07849e-37 -0.0233057 -1.18457e-37 -0.000265424 -6.34632e-37 0 0 -9.66054e-05 -6.70358e-39 4.51128e-05 1.34342e-42 
17.5 0.221264 1.07849e-37 -0.0233157 -1.19529e-37 -0.000272906 -6.34635e-37 0 0 -0.000107218 -6.70795e-39 4.39414e-05 1.36986e-42 
17.6 0.221264 1.07849e-37 -0.0233268 -1.20606e-37 -0.000278972 -6.34638e-37 0 0 -0.0001161 -6.71633e-39 4.16941e-05 1.39636e-42 
17.7 0.221264 1.07849e-37 -0.0233385 -1.20606e-37 -0.000278972 -6.34638e-37 0 0 -0.000121467 -6.73472e-39 3.67611e-05 1.42315e-42 
17.8 0.221264 1.07849e-37 -0.0233504 -1.21181e-37 -0.000281204 -6.34639e-37 0 0 -0.000119293 -6.78198e-39 2.40841e-05 1.45321e-42 
17.9 0.221264 1.07849e-37 -0.0233628 -1.2183e-37 -0.000282905 -6.3464e-37 0 0 -0.000125196 -6.80654e-39 1.74972e-05 1.47121e-42 
18 0.221264 1.07849e-37 -0.0233759 -1.2248e-37 -0.00028435 -6.3464e-37 0 0 -0.000132875 -6.82057e-39 1.37326e-05 1.48373e-42 
18.1 0.221264 1.07849e-37 -0.0233899 -1.23362e-37 -0.000285829 -6.34641e-37 0 0 -0.000140635 -6.82655e-39 1.21288e-05 1.49258e-42 
18.2 0.221264 1.07849e-37 -0.0234044 -1.23918e-37 -0.000286789 -6.34642e-37 0 0 -0.000146088 -6.83176e-39 1.07311e-05 1.50044e-42 
18.3 0.221264 1.07849e-37 -0.0234193 -1.25033e-37 -0.00028818 -6.34643e-37 0 0 -0.000149064 -6.83565e-39 9.68972e-06 1.50729e-42 
18.4 0.221264 1.07849e-37 -0.0234343 -1.2559e-37 -0.000288821 -6.34643e-37 0 0 -0.000150074 -6.84278e-39 7.77777e-06 1.51433e-42 
18.5 0.221264 1.07849e-37 -0.0234492 -1.26149e-37 -0.00028927 -6.34643e-37 0 0 -0.000149652 -6.84855e-39 6.23002e-06 1.52006e-42 
18.6 0.221264 1.07849e-37 -0.0234641 -1.26707e-37 -0.000289765 -6.34644e-37 0 0 -0.000146933 -6.86301e-39 2.35141e-06 1.52675e-42 
18.7 0.221264 1.07849e-37 -0.0234787 -1.27269e-37 -0.000289337 -6.34644e-37 0 0 -0.000146426 -6.86846e-39 8.87535e-07 1.52912e-42 
18.8 0.221264 1.07849e-37 -0.0234935 -1.28129e-37 -0.000289889 -6.34644e-37 0 0 -0.000148597 -6.86324e-39 2.28964e-06 1.52863e-42 
18.9 0.221264 1.07849e-37 -0.023508 -1.28658e-37 -0.000289725 -6.34645e-37 0 0 -0.000142648 -6.88321e-39 -3.06651e-06 1.53439e-42 
19 0.221264 1.07849e-37 -0.0235218 -1.2957e-37 -0.00028852 -6.34644e-37 0 0 -0.000135929 -6.91076e-39 -1.04579e-05 1.53729e-42 
19.1 0.221264 1.07849e-37 -0.0235349 -1.30487e-37 -0.000285699 -6.34644e-37 0 0 -0.000129698 -6.93824e-39 -1.78272e-05 1.5356e-42 
19.2 0.221264 1.07849e-37 -0.0235474 -1.31099e-37 -0.000283715 -6.34643e-37 0 0 -0.00012446 -6.96069e-39 -2.38494e-05 1.5279e-42 
19.3 0.221264 1.07849e-37 -0.0235594 -1.31629e-37 -0.000280949 -6.34642e-37 0 0 -0.000119368 -6.98101e-39 -2.92997e-05 1.5165e-42 
19.4 0.221264 1.07849e-37 -0.0235709 -1.32158e-37 -0.000278564 -6.34642e-37 0 0 -0.000114365 -6.99329e-39 -3.2592e-05 1.50055e-42 
19.5 0.221264 1.07849e-37 -0.0235815 -1.33218e-37 -0.000273247 -6.3464e-37 0 0 -0.000109107 -6.9974e-39 -3.36943e-05 1.48126e-42 
19.6 0.221264 1.07849e-37 -0.0235916 -1.34174e-37 -0.000267895 -6.34638e-37 0 0 -0.000101848 -7.00523e-39 -3.57964e-05 1.4616e-42 
19.7 0.221264 1.07849e-37 -0.0236007 -1.35032e-37 -0.000263557 -6.34637e-37 0 0 -9.16486e-05 -7.01904e-39 -3.94996e-05 1.44153e-42 
19.8 0.221264 1.07849e-37 -0.0236094 -1.35032e-37 -0.000263557 -6.34637e-37 0 0 -8.75628e-05 -7.00215e-39 -3.49681e-05 1.41664e-42 
19.9 0.221264 1.07849e-37 -0.0236172 -1.35805e-37 -0.000259703 -6.34636e-37 0 0 -7.89314e-05 -7.00419e-39 -3.55155e-05 1.39591e-42 
20 0.221264 1.07849e-37 -0.0236244 -1.36295e-37 -0.000257193 -6.34635e-37 0 0 -7.05e-05 -7.00563e-39 -3.59039e-05 1.37475e-42 
20.1 0.221264 1.07849e-37 -0.0236307 -1.37051e-37 -0.000253055 -6.34633e-37 0 0 -5.84225e-05 -7.02038e-39 -3.98584e-05 1.35559e-42 
20.2 0.221264 1.07849e-37 -0.0236358 -1.37976e-37 -0.000247491 -6.34632e-37 0 0 -5.01247e-05 -7.02793e-39 -4.18841e-05 1.33249e-42 
20.3 0.221264 1.07849e-37 -0.0236403 -1.38415e-37 -0.000244806 -6.34631e-37 0 0 -4.42254e-05 -7.02684e-39 -4.15923e-05 1.30675e-42 
20.4 0.221264 1.07849e-37 -0.023644 -1.39291e-37 -0.000239486 -6.34629e-37 0 0 -3.64206e-05 -7.03398e-39 -4.35055e-05 1.28222e-42 
20.5 0.221264 1.07849e-37 -0.0236474 -1.4004e-37 -0.000235049 -6.34627e-37 0 0 -3.19044e-05 -7.02593e-39 -4.1348e-05 1.25519e-42 
20.6 0.221264 1.07849e-37 -0.0236498 -1.40748e-37 -0.000231078 -6.34626e-37 0 0 -2.4447e-05 -7.02418e-39 -4.08787e-05 1.23024e-42 
20.7 0.221264 1.07849e-37 -0.0236517 -1.41212e-37 -0.000228331 -6.34625e-37 0 0 -1.41507e-05 -7.03333e-39 -4.33328e-05 1.20779e-42 
20.8 0.221264 1.07849e-37 -0.0236527 -1.42059e-37 -0.000223267 -6.34623e-37 0 0 -8.30351e-06 -7.02927e-39 -4.22421e-05 1.18148e-42 
20.9 0.221264 1.07849e-37 -0.0236532 -1.42904e-37 -0.00021848 -6.34622e-37 0 0 -4.30988e-06 -7.02041e-39 -3.98668e-05 1.15527e-42 
21 0.221264 1.07849e-37 -0.0236533 -1.43327e-37 -0.00021604 -6.34621e-37 0 0 -4.74002e-07 -7.01084e-39 -3.7301e-05 1.13007e-42 
21.1 0.221264 1.07849e-37 -0.0236533 -1.44168e-37 -0.000212664 -6.3462e-37 0 0 3.62926e-07 -6.9872e-39 -3.09581e-05 1.10728e-42 
21.2 0.221264 1.07849e-37 -0.0236528 -1.44819e-37 -0.00020994 -6.34619e-37 0 0 5.36735e-06 -6.97998e-39 -2.90237e-05 1.08833e-42 
21.3 0.221264 1.07849e-37 -0.023652 -1.45471e-37 -0.000207244 -6.34618e-37 0 0 7.64092e-06 -6.962e-39 -2.41994e-05 1.06995e-42 
21.4 0.221264 1.07849e-37 -0.0236511 -1.46118e-37 -0.000205521 -6.34618e-37 0 0 9.00916e-06 -6.9471e-39 -2.02038e-05 1.0547e-42 
21.5 0.221264 1.07849e-37 -0.0236501 -1.46816e-37 -0.000204148 -6.34617e-37 0 0 1.08095e-05 -6.93038e-39 -1.57181e-05 1.04133e-42 
21.6 0.221264 1.07849e-37 -0.0236483 -1.47589e-37 -0.000202003 -6.34617e-37 0 0 1.84181e-05 -6.94405e-39 -1.93856e-05 1.03269e-42 
21.7 0.221264 1.07849e-37 -0.0236464 -1.48363e-37 -0.000199834 -6.34616e-37 0 0 1.92827e-05 -6.93928e-39 -1.81066e-05 1.02058e-42 
21.8 0.221264 1.07849e-37 -0.0236444 -1.49135e-37 -0.000197995 -6.34615e-37 0 0 1.96343e-05 -6.93661e-39 -1.73908e-05 1.00978e-42 
21.9 0.221264 1.07849e-37 -0.0236427 -1.49905e-37 -0.000196591 -6.34615e-37 0 0 1.67326e-05 -6.92257e-39 -1.36242e-05 9.98383e-43 
22 0.221264 1.07849e-37 -0.0236411 -1.50291e-37 -0.000195736 -6.34615e-37 0 0 1.52071e-05 -6.91405e-39 -1.13396e-05 9.89242e-43 
22.1 0.221264 1.07849e-37 -0.0236397 -1.51059e-37 -0.000194882 -6.34615e-37 0 0 1.40509e-05 -6.90488e-39 -8.87785e-06 9.82058e-43 
22.2 0.221264 1.07849e-37 -0.0236385 -1.51826e-37 -0.000194427 -6.34615e-37 0 0 1.12801e-05 -6.88813e-39 -4.38713e-06 9.75846e-43 
22.3 0.221264 1.07849e-37 -0.0236375 -1.52592e-37 -0.000194235 -6.34615e-37 0 0 8.96271e-06 -6.87413e-39 -6.31237e-07 9.72058e-43 
22.4 0.221264 1.07849e-37 -0.0236367 -1.53279e-37 -0.000194567 -6.34615e-37 0 0 7.85156e-06 -6.86429e-39 2.00783e-06 9.7125e-43 
22.5 0.221264 1.07849e-37 -0.0236363 -1.53965e-37 -0.000195337 -6.34615e-37 0 0 4.47947e-06 -6.84869e-39 6.1938e-06 9.71456e-43 
22.6 0.221264 1.07849e-37 -0.023636 -1.5465e-37 -0.000196369 -6.34616e-37 0 0 9.03402e-07 -6.83448e-39 1.00043e-05 9.73739e-43 
22.7 0.221264 1.07849e-37 -0.0236361 -1.55334e-37 -0.000197513 -6.34617e-37 0 0 -1.86162e-06 -6.82703e-39 1.20018e-05 9.78731e-43 
22.8 0.221264 1.07849e-37 -0.0236365 -1.56018e-37 -0.000198912 -6.34617e-37 0 0 -4.76398e-06 -6.82171e-39 1.34302e-05 9.85541e-43 
22.9 0.221264 1.07849e-37 -0.0236377 -1.56699e-37 -0.000200868 -6.34618e-37 0 0 -1.12285e-05 -6.80571e-39 1.772e-05 9.92624e-43 
23 0.221264 1.07849e-37 -0.0236391 -1.57418e-37 -0.000203035 -6.34619e-37 0 0 -1.58899e-05 -6.7971e-39 2.00295e-05 1.00228e-42 
23.1 0.221264 1.07849e-37 -0.0236411 -1.58135e-37 -0.000205469 -6.3462e-37 0 0 -1.97755e-05 -6.79145e-39 2.15462e-05 1.01393e-42 
23.2 0.221264 1.07849e-37 -0.0236435 -1.58494e-37 -0.000206698 -6.34621e-37 0 0 -2.52163e-05 -6.78121e-39 2.4293e-05 1.02534e-42 
23.3 0.221264 1.07849e-37 -0.0236461 -1.59462e-37 -0.000210186 -6.34623e-37 0 0 -2.86391e-05 -6.78089e-39 2.43791e-05 1.03877e-42 
23.4 0.221264 1.07849e-37 -0.0236492 -1.60107e-37 -0.00021244 -6.34624e-37 0 0 -3.15327e-05 -6.78279e-39 2.38686e-05 1.05306e-42 
23.5 0.221264 1.07849e-37 -0.0236527 -1.61075e-37 -0.000215993 -6.34625e-37 0 0 -3.56169e-05 -6.78094e-39 2.43644e-05 1.06697e-42 
23.6 0.221264 1.07849e-37 -0.0236567 -1.6172e-37 -0.000218357 -6.34627e-37 0 0 -3.96458e-05 -6.77799e-39 2.51565e-05 1.08085e-42 
23.7 0.221264 1.07849e-37 -0.0236612 -1.62009e-37 -0.00021984 -6.34627e-37 0 0 -4.4894e-05 -6.7693e-39 2.74871e-05 1.09501e-42 
23.8 0.221264 1.07849e-37 -0.023666 -1.62879e-37 -0.000223556 -6.34629e-37 0 0 -4.9015e-05 -6.76339e-39 2.90731e-05 1.11017e-42 
23.9 0.221264 1.07849e-37 -0.0236711 -1.63401e-37 -0.00022584 -6.3463e-37 0 0 -5.15385e-05 -6.76297e-39 2.91839e-05 1.127e-42 
24 0.221264 1.07849e-37 -0.0236766 -1.6434e-37 -0.000230216 -6.34632e-37 0 0 -5.54091e-05 -6.75482e-39 3.13722e-05 1.14277e-42 
24.1 0.221264 1.07849e-37 -0.0236821 -1.6481e-37 -0.00023214 -6.34633e-37 0 0 -5.5859e-05 -6.76174e-39 2.95151e-05 1.16139e-42 
24.2 0.221264 1.07849e-37 -0.0236886 -1.65591e-37 -0.000237151 -6.34635e-37 0 0 -7.02997e-05 -6.7006e-39 4.59143e-05 1.16982e-42 
24.3 0.221264 1.07849e-37 -0.0236954 -1.65953e-37 -0.000239353 -6.34636e-37 0 0 -7.06534e-05 -6.68871e-39 4.91025e-05 1.19269e-42 
24.4 0.221264 1.07849e-37 -0.0237023 -1.66672e-37 -0.000245001 -6.34639e-37 0 0 -6.88674e-05 -6.68574e-39 4.99004e-05 1.21994e-42 
24.5 0.221264 1.07849e-37 -0.0237089 -1.67391e-37 -0.000250655 -6.34641e-37 0 0 -6.48561e-05 -6.69916e-39 4.6301e-05 1.25049e-42 
24.6 0.221264 1.07849e-37 -0.0237159 -1.6808e-37 -0.000255839 -6.34643e-37 0 0 -7.01168e-05 -6.67081e-39 5.39051e-05 1.27292e-42 
24.7 0.221264 1.07849e-37 -0.0237213 -1.68635e-37 -0.000258102 -6.34644e-37 0 0 -5.05227e-05 -6.76242e-39 2.93338e-05 1.31707e-42 
24.8 0.221264 1.07849e-37 -0.0237267 -1.69559e-37 -0.000261899 -6.34646e-37 0 0 -5.50306e-05 -6.77658e-39 2.55358e-05 1.33582e-42 
24.9 0.221264 1.07849e-37 -0.0237321 -1.70309e-37 -0.000262284 -6.34647e-37 0 0 -5.40267e-05 -6.81538e-39 1.51271e-05 1.35506e-42 
25 0.221264 1.07849e-37 -0.0237382 -1.70967e-37 -0.000265202 -6.34648e-37 0 0 -6.08934e-05 -6.80374e-39 1.82513e-05 1.36305e-42 
25.1 0.221264 1.07849e-37 -0.023745 -1.71477e-37 -0.000267487 -6.34649e-37 0 0 -6.81454e-05 -6.76473e-39 2.87124e-05 1.36886e-42 
25.2 0.221264 1.07849e-37 -0.0237517 -1.71986e-37 -0.000269743 -6.3465e-37 0 0 -6.76835e-05 -6.74296e-39 3.4553e-05 1.38218e-42 
25.3 0.221264 1.07849e-37 -0.0237579 -1.72949e-37 -0.000275556 -6.34653e-37 0 0 -6.11875e-05 -6.73362e-39 3.70574e-05 1.40048e-42 
25.4 0.221264 1.07849e-37 -0.0237633 -1.73601e-37 -0.000278675 -6.34654e-37 0 0 -4.82327e-05 -6.74967e-39 3.27531e-05 1.42588e-42 
25.5 0.221264 1.07849e-37 -0.0237674 -1.7401e-37 -0.000280437 -6.34655e-37 0 0 -3.53427e-05 -6.77578e-39 2.57486e-05 1.45051e-42 
25.6 0.221264 1.07849e-37 -0.0237701 -1.74939e-37 -0.00028272 -6.34657e-37 0 0 -2.57376e-05 -6.80804e-39 1.70963e-05 1.47051e-42 
25.7 0.221264 1.07849e-37 -0.0237721 -1.75484e-37 -0.000283492 -6.34657e-37 0 0 -1.84276e-05 -6.84224e-39 7.92323e-06 1.48617e-42 
25.8 0.221264 1.07849e-37 -0.0237737 -1.76113e-37 -0.000283563 -6.34657e-37 0 0 -1.37401e-05 -6.87078e-39 2.68243e-07 1.49585e-42 
25.9 0.221264 1.07849e-37 -0.0237748 -1.76827e-37 -0.000283168 -6.34657e-37 0 0 -1.03623e-05 -6.89043e-39 -5.00233e-06 1.49912e-42 
26 0.221264 1.07849e-37 -0.0237753 -1.77543e-37 -0.000282079 -6.34657e-37 0 0 -5.20594e-06 -6.90447e-39 -8.76681e-06 1.49784e-42 
26.1 0.221264 1.07849e-37 -0.0237752 -1.78259e-37 -0.000281105 -6.34657e-37 0 0 5.25168e-07 -6.90846e-39 -9.83834e-06 1.49314e-42 
26.2 0.221264 1.07849e-37 -0.0237744 -1.79333e-37 -0.000279268 -6.34657e-37 0 0 8.38365e-06 -6.91208e-39 -1.08094e-05 1.48781e-42 
26.3 0.221264 1.07849e-37 -0.0237727 -1.8005e-37 -0.000278027 -6.34656e-37 0 0 1.80154e-05 -6.91496e-39 -1.15811e-05 1.48178e-42 
26.4 0.221264 1.07849e-37 -0.02377 -1.80765e-37 -0.000277156 -6.34656e-37 0 0 2.65934e-05 -6.90971e-39 -1.01737e-05 1.47433e-42 
26.5 0.221264 1.07849e-37 -0.0237665 -1.81063e-37 -0.00027678 -6.34656e-37 0 0 3.55331e-05 -6.90791e-39 -9.68975e-06 1.46802e-42 
26.6 0.221264 1.07849e-37 -0.0237624 -1.81574e-37 -0.000276148 -6.34656e-37 0 0 4.50081e-05 -6.90591e-39 -9.15464e-06 1.4623e-42 
26.7 0.221264 1.07849e-37 -0.0237572 -1.82576e-37 -0.000274792 -6.34656e-37 0 0 5.43392e-05 -6.90591e-39 -9.15254e-06 1.457e-42 
26.8 0.221264 1.07849e-37 -0.023751 -1.83294e-37 -0.00027378 -6.34656e-37 0 0 6.32448e-05 -6.90905e-39 -9.996e-06 1.45198e-42 
26.9 0.221264 1.07849e-37 -0.0237439 -1.839e-37 -0.000272568 -6.34656e-37 0 0 7.28854e-05 -6.919e-39 -1.26652e-05 1.4474e-42 
27 0.221264 1.07849e-37 -0.0237358 -1.84817e-37 -0.000268737 -6.34654e-37 0 0 8.37077e-05 -6.94256e-39 -1.89836e-05 1.44306e-42 
27.1 0.221264 1.07849e-37 -0.0237259 -1.8543e-37 -0.000265791 -6.34653e-37 0 0 9.845e-05 -6.99928e-39 -3.41969e-05 1.43775e-42 
27.2 0.221264 1.07849e-37 -0.0237154 -1.86044e-37 -0.000262592 -6.34652e-37 0 0 0.000106367 -7.0305e-39 -4.257e-05 1.4211e-42 
27.3 0.221264 1.07849e-37 -0.0237045 -1.86666e-37 -0.000257286 -6.3465e-37 0 0 0.000108505 -7.03158e-39 -4.28595e-05 1.39453e-42 
27.4 0.221264 1.07849e-37 -0.0236933 -1.87278e-37 -0.000254581 -6.34649e-37 0 0 0.000112298 -7.03133e-39 -4.27947e-05 1.36858e-42 
27.5 0.221264 1.07849e-37 -0.023682 -1.87895e-37 -0.000250426 -6.34648e-37 0 0 0.000113254 -6.99894e-39 -3.41063e-05 1.33965e-42 
27.6 0.221264 1.07849e-37 -0.0236703 -1.89119e-37 -0.000245158 -6.34646e-37 0 0 0.000116713 -6.97987e-39 -2.89912e-05 1.31739e-42 
27.7 0.221264 1.07849e-37 -0.0236569 -1.89731e-37 -0.000242468 -6.34645e-37 0 0 0.000134427 -7.02044e-39 -3.98727e-05 1.30318e-42 
27.8 0.221264 1.07849e-37 -0.0236435 -1.89991e-37 -0.000241134 -6.34645e-37 0 0 0.000138477 -7.00329e-39 -3.52728e-05 1.27975e-42 
27.9 0.221264 1.07849e-37 -0.0236292 -1.90858e-37 -0.000236729 -6.34643e-37 0 0 0.000144746 -7.00302e-39 -3.52002e-05 1.25848e-42 
28 0.221264 1.07849e-37 -0.0236144 -1.91896e-37 -0.000232 -6.34641e-37 0 0 0.000148106 -6.99746e-39 -3.37102e-05 1.23706e-42 
28.1 0.221264 1.07849e-37 -0.0235995 -1.92243e-37 -0.000230521 -6.34641e-37 0 0 0.000149755 -6.98617e-39 -3.06795e-05 1.21591e-42 
28.2 0.221264 1.07849e-37 -0.0235843 -1.92935e-37 -0.000227604 -6.3464e-37 0 0 0.000151606 -6.97759e-39 -2.83796e-05 1.19659e-42 
28.3 0.221264 1.07849e-37 -0.0235692 -1.93625e-37 -0.00022536 -6.34639e-37 0 0 0.000151209 -6.96384e-39 -2.4692e-05 1.17875e-42 
28.4 0.221264 1.07849e-37 -0.0235541 -1.94315e-37 -0.000223001 -6.34638e-37 0 0 0.000151659 -6.95474e-39 -2.22515e-05 1.16345e-42 
28.5 0.221264 1.07849e-37 -0.023539 -1.95004e-37 -0.000221055 -6.34638e-37 0 0 0.000150683 -6.94136e-39 -1.86615e-05 1.14938e-42 
28.6 0.221264 1.07849e-37 -0.023524 -1.95691e-37 -0.000219709 -6.34637e-37 0 0 0.000149766 -6.93358e-39 -1.65758e-05 1.13775e-42 
28.7 0.221264 1.07849e-37 -0.0235092 -1.96377e-37 -0.000218494 -6.34637e-37 0 0 0.000147578 -6.92262e-39 -1.3636e-05 1.12663e-42 
28.8 0.221264 1.07849e-37 -0.0234944 -1.96934e-37 -0.000217334 -6.34637e-37 0 0 0.000149986 -6.92803e-39 -1.50877e-05 1.12021e-42 
