0 0.221264 0 0 -0 0 0 0 0 0 0 0 0 
0.1 0.221264 -2.80562e-39 -0.000667341 0 4.82112e-05 -0 0 0 -0.0130568 0 -0.000856855 0 
0.2 0.221264 -2.80562e-39 -0.00248118 0 0.000155904 -0 0 0 -0.0223699 0 -0.00125871 0 
0.3 0.221264 -2.80562e-39 -0.00493853 0 0.000285048 -0 0 0 -0.0257731 0 -0.0010572 0 
0.4 0.221264 -2.80562e-39 -0.0074266 0 0.000349872 -0 0 0 -0.0231756 0 -0.000355811 0 
0.5 0.221264 -2.80562e-39 -0.00941219 0 0.000320716 -0 0 0 -0.0160294 0 0.000676641 0 
0.6 0.221264 -2.80562e-39 -0.0105572 0 0.000193271 -0 0 0 -0.00678041 0 0.0017083 0 
0.7 0.221264 -2.80562e-39 -0.0107793 -0 -1.01872e-05 0 0 0 0.00185435 0 0.00232898 0 
0.8 0.221264 -2.80562e-39 -0.0102688 -0 -0.000268865 0 0 0 0.00784144 0 0.00234733 0 
0.9 0.221264 -2.80562e-39 -0.00934153 -0 -0.000465402 0 0 0 0.010252 0 0.00169257 0 
1 0.221264 -2.80562e-39 -0.00835469 -0 -0.000545645 0 0 0 0.00918066 0 0.000430873 0 
1.1 0.221264 -2.80562e-39 -0.00759916 -0 -0.000506145 0 0 0 0.00582104 0 -0.00112308 0 
1.2 0.221264 -2.80562e-39 -0.00725292 -0 -0.000299615 0 0 0 0.00116103 0 -0.00282387 0 
1.3 0.221264 -2.80562e-39 -0.00734967 0 0.00010785 -0 0 0 -0.00291976 0 -0.00438575 0 
1.4 0.221264 -2.80562e-39 -0.00778639 0 0.000605017 -0 0 0 -0.00553564 0 -0.00554215 0 
1.5 0.221264 -2.80562e-39 -0.0083915 0 0.0011704 -0 0 0 -0.0062731 0 -0.00603197 0 
1.6 0.221264 -2.80562e-39 -0.00897813 0 0.00176768 -0 0 0 -0.00519804 0 -0.0057128 0 
1.7 0.221264 -2.80562e-39 -0.00938577 0 0.00230486 -0 0 0 -0.00282473 0 -0.00468104 0 
1.8 0.221264 -2.80562e-39 -0.00953118 0 0.00267966 -0 0 0 -9.56182e-05 0 -0.00321937 0 
1.9 0.221264 -2.80562e-39 -0.00941944 0 0.00289832 -0 0 0 0.00221123 0 -0.00152283 0 
2 0.221264 -2.80562e-39 -0.00912168 0 0.00295921 -0 0 0 0.00359736 0 0.000120853 0 
2.1 0.221264 -2.80562e-39 -0.00873299 0 0.00285836 -0 0 0 0.0040777 0 0.00148913 0 
2.2 0.221264 -2.80562e-39 -0.00832117 0 0.0026709 -0 0 0 0.0040984 0 0.00229003 0 
2.3 0.221264 -2.80562e-39 -0.00792778 0 0.00241779 -0 0 0 0.00369394 0 0.00255637 0 
2.4 0.221264 -2.80562e-39 -0.00760067 0 0.00218114 -0 0 0 0.00278592 0 0.00236707 0 
2.5 0.221264 -2.80562e-39 -0.00738554 0 0.00196331 -0 0 0 0.00147859 0 0.00188195 0 
2.6 0.221264 -2.80562e-39 -0.00730529 0 0.00180483 -0 0 0 0.000168385 0 0.00128495 0 
2.7 0.221264 -2.80562e-39 -0.00733425 0 0.00170873 -0 0 0 -0.000628 0 0.000739028 0 
2.8 0.221264 -2.80562e-39 -0.00740582 0 0.00165526 -0 0 0 -0.000687393 0 0.000312628 0 
2.9 0.221264 -2.80562e-39 -0.00745078 0 0.00164268 -0 0 0 -0.000138886 0 1.80427e-05 0 
3 0.221264 -2.80562e-39 -0.00742253 0 0.00165001 -0 0 0 0.000727984 0 -0.000141344 0 
3.1 0.221264 -2.80562e-39 -0.00730249 0 0.00165829 -0 0 0 0.00163075 0 -4.4405e-05 0 
3.2 0.221264 -2.80562e-39 -0.00711354 0 0.00164865 -0 0 0 0.00203775 0 0.000238221 0 
3.3 0.221264 -2.80562e-39 -0.00692072 0 0.00160074 -0 0 0 0.00170595 0 0.000786155 0 
3.4 0.221264 -2.80562e-39 -0.00679103 0 0.00148801 -0 0 0 0.000837523 0 0.00141415 0 
3.5 0.221264 -2.80562e-39 -0.00675607 0 0.00131733 -0 0 0 -0.000100948 0 0.00184003 0 
3.6 0.221264 -2.80562e-39 -0.00680421 0 0.00112854 -0 0 0 -0.000773221 0 0.00194516 0 
3.7 0.221264 -2.80562e-39 -0.00690462 0 0.000919912 -0 0 0 -0.00120387 0 0.0018634 0 
3.8 0.221264 -2.80562e-39 -0.00703944 0 0.000747208 -0 0 0 -0.00146866 0 0.00171488 0 
3.9 0.221264 -2.80562e-39 -0.00719087 0 0.000592149 -0 0 0 -0.00151787 0 0.00147269 0 
4 0.221264 -2.80562e-39 -0.00733184 0 0.000475482 -0 0 0 -0.00125351 0 0.00102449 0 
4.1 0.221264 -2.80562e-39 -0.0074322 0 0.000398952 -0 0 0 -0.00075601 0 0.00040357 0 
4.2 0.221264 -2.80562e-39 -0.00748592 0 0.00039874 -0 0 0 -0.000360642 0 -0.000331989 0 
4.3 0.221264 -2.80562e-39 -0.0075173 0 0.000466672 -0 0 0 -0.00033224 0 -0.000872853 0 
4.4 0.221264 -2.80562e-39 -0.00756441 0 0.000571521 -0 0 0 -0.000644126 0 -0.00110725 0 
4.5 0.221264 -2.80562e-39 -0.00764822 0 0.000686092 -0 0 0 -0.00101646 0 -0.00113313 0 
4.6 0.221264 -2.80562e-39 -0.00776131 0 0.000791843 -0 0 0 -0.00119751 0 -0.00109719 0 
4.7 0.221264 -2.80562e-39 -0.00788139 0 0.000899999 -0 0 0 -0.00117827 0 -0.00103124 0 
4.8 0.221264 -2.80562e-39 -0.00799202 0 0.000998657 -0 0 0 -0.0010154 0 -0.00092349 0 
4.9 0.221264 -2.80562e-39 -0.00807986 0 0.00108875 -0 0 0 -0.000722454 0 -0.000837143 0 
5 0.221264 -2.80562e-39 -0.00813324 0 0.00116432 -0 0 0 -0.000341801 0 -0.000842254 0 
5.1 0.221264 -2.80562e-39 -0.00815059 0 0.00124789 -0 0 0 -2.64584e-05 0 -0.000895797 0 
5.2 0.221264 -2.80562e-39 -0.00814347 0 0.00134403 -0 0 0 9.73443e-05 0 -0.000919898 0 
5.3 0.221264 -2.80562e-39 -0.00813544 0 0.00143292 -0 0 0 5.38098e-05 0 -0.000959409 0 
5.4 0.221264 -2.80562e-39 -0.00813222 0 0.00153688 -0 0 0 1.88159e-05 0 -0.00101964 0 
5.5 0.221264 -2.80562e-39 -0.00812982 0 0.00163648 -0 0 0 3.31227e-05 0 -0.00107993 0 
5.6 0.221264 -2.80562e-39 -0.00812528 0 0.00175597 -0 0 0 5.80586e-05 0 -0.00105177 0 
5.7 0.221264 -2.80562e-39 -0.0081177 0 0.00185203 -0 0 0 9.93967e-05 0 -0.000904734 0 
5.8 0.221264 -2.80562e-39 -0.00810334 0 0.00193796 -0 0 0 0.000198445 0 -0.00067801 0 
5.9 0.221264 -2.80562e-39 -0.00807575 0 0.00198128 -0 0 0 0.000358046 0 -0.000408359 0 
6 0.221264 -2.80562e-39 -0.00803132 0 0.00200215 -0 0 0 0.000526879 0 -0.000106198 0 
6.1 0.221264 -2.80562e-39 -0.00797221 0 0.00199502 -0 0 0 0.000646826 0 0.000225718 0 
6.2 0.221264 -2.80562e-39 -0.00790308 0 0.00194698 -0 0 0 0.000715551 0 0.000621113 0 
6.3 0.221264 -2.80562e-39 -0.00783047 0 0.00186275 -0 0 0 0.000733257 0 0.000902055 0 
6.4 0.221264 -2.80562e-39 -0.00775677 0 0.0017616 -0 0 0 0.000740748 0 0.00106499 0 
6.5 0.221264 -2.80562e-39 -0.00768257 0 0.00165801 -0 0 0 0.000741402 0 0.00110177 0 
6.6 0.221264 -2.80562e-39 -0.00760908 0 0.00155196 -0 0 0 0.000725983 0 0.001028 0 
6.7 0.221264 -2.80562e-39 -0.007538 0 0.00145426 -0 0 0 0.000693507 0 0.000866616 0 
6.8 0.221264 -2.80562e-39 -0.00747124 0 0.00137394 -0 0 0 0.000638388 0 0.000655851 0 
6.9 0.221264 -2.80562e-39 -0.00741145 0 0.00132893 -0 0 0 0.000553442 0 0.000442986 0 
7 0.221264 -2.80562e-39 -0.00736149 0 0.00129033 -0 0 0 0.000443664 0 0.000265339 0 
7.1 0.221264 -2.80562e-39 -0.00732299 0 0.00127583 -0 0 0 0.000326408 0 0.00014393 0 
7.2 0.221264 -2.80562e-39 -0.00729253 0 0.00125865 -0 0 0 0.00026395 0 0.000150593 0 
7.3 0.221264 -2.80562e-39 -0.00727056 0 0.00124255 -0 0 0 0.000173244 0 0.000170968 0 
7.4 0.221264 -2.80562e-39 -0.00725837 0 0.00122147 -0 0 0 7.64707e-05 0 0.000240166 0 
7.5 0.221264 -2.80562e-39 -0.00725574 0 0.00119093 -0 0 0 -1.91538e-05 0 0.000336684 0 
7.6 0.221264 -2.80562e-39 -0.00726197 0 0.00114767 -0 0 0 -0.00010441 0 0.000434189 0 
7.7 0.221264 -2.80562e-39 -0.00727602 0 0.00110806 -0 0 0 -0.000175266 0 0.000512272 0 
7.8 0.221264 -2.80562e-39 -0.00729663 0 0.00104323 -0 0 0 -0.000235787 0 0.000556167 0 
7.9 0.221264 -2.80562e-39 -0.00732294 0 0.00098591 -0 0 0 -0.00028983 0 0.000555154 0 
8 0.221264 -2.80562e-39 -0.00735443 0 0.00093728 -0 0 0 -0.000339919 0 0.000502119 0 
8.1 0.221264 -2.80562e-39 -0.0073909 0 0.000900299 -0 0 0 -0.000389552 0 0.000398503 0 
8.2 0.221264 -2.80562e-39 -0.00742989 0 0.000863077 -0 0 0 -0.00042487 0 0.000274071 0 
8.3 0.221264 -2.80562e-39 -0.00747621 0 0.000846611 -0 0 0 -0.000499835 0 7.82477e-05 0 
8.4 0.221264 -2.80562e-39 -0.00752977 0 0.000849484 -0 0 0 -0.000569668 0 -0.000129937 0 
8.5 0.221264 -2.80562e-39 -0.00758952 0 0.000876987 -0 0 0 -0.000622652 0 -0.000333859 0 
8.6 0.221264 -2.80562e-39 -0.00765343 0 0.000915816 -0 0 0 -0.000651825 0 -0.000516681 0 
8.7 0.221264 -2.80562e-39 -0.00771887 0 0.000982682 -0 0 0 -0.000653556 0 -0.000665513 0 
8.8 0.221264 -2.80562e-39 -0.00778304 0 0.00105901 -0 0 0 -0.000627479 0 -0.000774359 0 
8.9 0.221264 -2.80562e-39 -0.00784328 0 0.00114396 -0 0 0 -0.000575227 0 -0.000842448 0 
9 0.221264 -2.80562e-39 -0.00789718 0 0.00123335 -0 0 0 -0.00050105 0 -0.000872301 0 
9.1 0.221264 -2.80562e-39 -0.00794274 0 0.00130113 -0 0 0 -0.000408729 0 -0.000870176 0 
9.2 0.221264 -2.80562e-39 -0.00797664 0 0.00138441 -0 0 0 -0.000295261 0 -0.000816993 0 
9.3 0.221264 -2.80562e-39 -0.00800155 0 0.00146756 -0 0 0 -0.000202206 0 -0.000805202 0 
9.4 0.221264 -2.80562e-39 -0.00801687 0 0.00154949 -0 0 0 -0.000102807 0 -0.000773556 0 
9.5 0.221264 -2.80562e-39 -0.00802188 0 0.00162277 -0 0 0 3.25428e-06 0 -0.000720614 0 
9.6 0.221264 -2.80562e-39 -0.0080159 0 0.00170143 -0 0 0 0.000117308 0 -0.00064494 0 
9.7 0.221264 -2.80562e-39 -0.00799825 0 0.00175222 -0 0 0 0.000235411 0 -0.00054551 0 
9.8 0.221264 -2.80562e-39 -0.00796891 0 0.00180506 -0 0 0 0.000350302 0 -0.00042404 0 
9.9 0.221264 -2.80562e-39 -0.00792845 0 0.00183316 -0 0 0 0.00045775 0 -0.000282683 0 
10 0.221264 -2.80562e-39 -0.00787788 0 0.00185332 -0 0 0 0.000552036 0 -0.000126677 0 
10.1 0.221264 -2.80562e-39 -0.00781877 0 0.0018551 -0 0 0 0.000628612 0 3.74909e-05 0 
10.2 0.221264 -2.80562e-39 -0.00775063 0 0.00183129 -0 0 0 0.000711245 0 0.000248637 0 
10.3 0.221264 -2.80562e-39 -0.00767707 0 0.00180168 -0 0 0 0.000755652 0 0.000398007 0 
10.4 0.221264 -2.80562e-39 -0.00760042 0 0.00175334 -0 0 0 0.000773863 0 0.000527757 0 
10.5 0.221264 -2.80562e-39 -0.00752318 0 0.00168637 -0 0 0 0.000768944 0 0.000636195 0 
10.6 0.221264 -2.80562e-39 -0.00744754 0 0.00162828 -0 0 0 0.000742989 0 0.00072157 0 
10.7 0.221264 -2.80562e-39 -0.00737537 0 0.00153223 -0 0 0 0.000699408 0 0.000784111 0 
10.8 0.221264 -2.80562e-39 -0.00730839 0 0.00145844 -0 0 0 0.000639247 0 0.000824437 0 
10.9 0.221264 -2.80562e-39 -0.00724815 0 0.00137712 -0 0 0 0.000563631 0 0.000842483 0 
11 0.221264 -2.80562e-39 -0.00719637 0 0.00128509 -0 0 0 0.000471065 0 0.00083851 0 
11.1 0.221264 -2.80562e-39 -0.00715459 0 0.00122628 -0 0 0 0.000362489 0 0.000813384 0 
11.2 0.221264 -2.80562e-39 -0.00712114 0 0.00113589 -0 0 0 0.000281873 0 0.000820719 0 
11.3 0.221264 -2.80562e-39 -0.00709932 0 0.0010411 -0 0 0 0.000151439 0 0.000759531 0 
11.4 0.221264 -2.80562e-39 -0.00709194 0 0.000984721 -0 0 0 -4.8718e-06 0 0.000667224 0 
11.5 0.221264 -2.80562e-39 -0.00710106 0 0.000913903 -0 0 0 -0.00017789 0 0.000549885 0 
11.6 0.221264 -2.80562e-39 -0.0071278 0 0.000877444 -0 0 0 -0.000356547 0 0.000412595 0 
11.7 0.221264 -2.80562e-39 -0.00717203 0 0.000840941 -0 0 0 -0.000526369 0 0.000261751 0 
11.8 0.221264 -2.80562e-39 -0.00723212 0 0.00082941 -0 0 0 -0.000673678 0 0.000103388 0 
11.9 0.221264 -2.80562e-39 -0.00730537 0 0.000831342 -0 0 0 -0.00078847 0 -5.66536e-05 0 
12 0.221264 -2.80562e-39 -0.00738815 0 0.000846099 -0 0 0 -0.000865138 0 -0.000212112 0 
12.1 0.221264 -2.80562e-39 -0.00747659 0 0.000874379 -0 0 0 -0.000902539 0 -0.000358215 0 
12.2 0.221264 -2.80562e-39 -0.00756692 0 0.000914311 -0 0 0 -0.000902757 0 -0.00049099 0 
12.3 0.221264 -2.80562e-39 -0.00765557 0 0.000993388 -0 0 0 -0.00086952 0 -0.000606371 0 
12.4 0.221264 -2.80562e-39 -0.00773946 0 0.00105674 -0 0 0 -0.000807984 0 -0.000701956 0 
12.5 0.221264 -2.80562e-39 -0.00781606 0 0.00111491 -0 0 0 -0.000723416 0 -0.000774916 0 
12.6 0.221264 -2.80562e-39 -0.0078833 0 0.00119062 -0 0 0 -0.000619832 0 -0.000823758 0 
12.7 0.221264 -2.80562e-39 -0.00793942 0 0.0012826 -0 0 0 -0.000501967 0 -0.000846973 0 
12.8 0.221264 -2.80562e-39 -0.00798319 0 0.00135711 -0 0 0 -0.000373173 0 -0.000844128 0 
12.9 0.221264 -2.80562e-39 -0.00801374 0 0.0014659 -0 0 0 -0.000237191 0 -0.000815388 0 
13 0.221264 -2.80562e-39 -0.00803049 0 0.00153392 -0 0 0 -9.73735e-05 0 -0.000761317 0 
13.1 0.221264 -2.80562e-39 -0.00803325 0 0.00159644 -0 0 0 4.23567e-05 0 -0.000683454 0 
13.2 0.221264 -2.80562e-39 -0.00802225 0 0.00167665 -0 0 0 0.000177745 0 -0.000584196 0 
13.3 0.221264 -2.80562e-39 -0.00799819 0 0.00172326 -0 0 0 0.000303658 0 -0.000466978 0 
13.4 0.221264 -2.80562e-39 -0.00796221 0 0.0017605 -0 0 0 0.000416034 0 -0.000336044 0 
13.5 0.221264 -2.80562e-39 -0.00791583 0 0.00177292 -0 0 0 0.00051134 0 -0.000195485 0 
13.6 0.221264 -2.80562e-39 -0.00786099 0 0.00178518 -0 0 0 0.000586189 0 -5.00455e-05 0 
13.7 0.221264 -2.80562e-39 -0.00779979 0 0.00178053 -0 0 0 0.000638497 0 9.51777e-05 0 
13.8 0.221264 -2.80562e-39 -0.00773451 0 0.00175932 -0 0 0 0.000667554 0 0.000235666 0 
13.9 0.221264 -2.80562e-39 -0.00766752 0 0.00172257 -0 0 0 0.000672872 0 0.000366323 0 
14 0.221264 -2.80562e-39 -0.00760114 0 0.00167198 -0 0 0 0.000655301 0 0.000483437 0 
14.1 0.221264 -2.80562e-39 -0.00753762 0 0.00160959 -0 0 0 0.000615977 0 0.000583236 0 
14.2 0.221264 -2.80562e-39 -0.0074791 0 0.0015695 -0 0 0 0.000556271 0 0.000663377 0 
14.3 0.221264 -2.80562e-39 -0.00742736 0 0.00148111 -0 0 0 0.000480689 0 0.000721298 0 
14.4 0.221264 -2.80562e-39 -0.00738398 0 0.00138724 -0 0 0 0.000388997 0 0.000756283 0 
14.5 0.221264 -2.80562e-39 -0.00735034 0 0.00133958 -0 0 0 0.00028609 0 0.000767362 0 
14.6 0.221264 -2.80562e-39 -0.00732726 0 0.00126 -0 0 0 0.000176159 0 0.000754391 0 
14.7 0.221264 -2.80562e-39 -0.00731554 0 0.00118372 -0 0 0 5.94205e-05 0 0.000718563 0 
14.8 0.221264 -2.80562e-39 -0.00731545 0 0.00111349 -0 0 0 -5.71574e-05 0 0.000660659 0 
14.9 0.221264 -2.80562e-39 -0.00732682 0 0.00105171 -0 0 0 -0.00017015 0 0.000582639 0 
15 0.221264 -2.80562e-39 -0.00734913 0 0.00100044 -0 0 0 -0.000275911 0 0.000487299 0 
15.1 0.221264 -2.80562e-39 -0.00738138 0 0.00096176 -0 0 0 -0.00037147 0 0.000377625 0 
15.2 0.221264 -2.80562e-39 -0.0074223 0 0.000939834 -0 0 0 -0.000452888 0 0.000257333 0 
15.3 0.221264 -2.80562e-39 -0.00747063 0 0.000926848 -0 0 0 -0.000518572 0 0.000129443 0 
15.4 0.221264 -2.80562e-39 -0.00752457 0 0.000924133 -0 0 0 -0.000565797 0 -1.3211e-06 0 
15.5 0.221264 -2.80562e-39 -0.00758226 0 0.000931184 -0 0 0 -0.000593383 0 -0.00013113 0 
15.6 0.221264 -2.80562e-39 -0.00764163 0 0.000961697 -0 0 0 -0.000600467 0 -0.000255375 0 
15.7 0.221264 -2.80562e-39 -0.00770096 0 0.00100724 -0 0 0 -0.000586907 0 -0.000370725 0 
15.8 0.221264 -2.80562e-39 -0.00775784 0 0.00102935 -0 0 0 -0.000553 0 -0.000472537 0 
15.9 0.221264 -2.80562e-39 -0.00781049 0 0.00107991 -0 0 0 -0.000499832 0 -0.000557427 0 
16 0.221264 -2.80562e-39 -0.00785695 0 0.00118017 -0 0 0 -0.000429179 0 -0.000622801 0 
16.1 0.221264 -2.80562e-39 -0.00789541 0 0.00123225 -0 0 0 -0.000343474 0 -0.000666438 0 
16.2 0.221264 -2.80562e-39 -0.00792476 0 0.00128515 -0 0 0 -0.000246941 0 -0.000686918 0 
16.3 0.221264 -2.80562e-39 -0.00794406 0 0.00133795 -0 0 0 -0.000141667 0 -0.000684505 0 
16.4 0.221264 -2.80562e-39 -0.00795264 0 0.00143977 -0 0 0 -3.22685e-05 0 -0.000659433 0 
16.5 0.221264 -2.80562e-39 -0.00795033 0 0.00148684 -0 0 0 7.75082e-05 0 -0.000613216 0 
16.6 0.221264 -2.80562e-39 -0.00793727 0 0.00153017 -0 0 0 0.000183523 0 -0.00054767 0 
16.7 0.221264 -2.80562e-39 -0.00791399 0 0.00160244 -0 0 0 0.000282124 0 -0.000465229 0 
16.8 0.221264 -2.80562e-39 -0.00788155 0 0.00163017 -0 0 0 0.000368817 0 -0.000369626 0 
16.9 0.221264 -2.80562e-39 -0.00784117 0 0.00165166 -0 0 0 0.000441492 0 -0.000263907 0 
17 0.221264 -2.80562e-39 -0.00779431 0 0.00167317 -0 0 0 0.000497432 0 -0.000151457 0 
17.1 0.221264 -2.80562e-39 -0.00774285 0 0.0016762 -0 0 0 0.000534595 0 -3.60753e-05 0 
17.2 0.221264 -2.80562e-39 -0.00768863 0 0.0016681 -0 0 0 0.000551903 0 7.82691e-05 0 
17.3 0.221264 -2.80562e-39 -0.00763368 0 0.00165792 -0 0 0 0.000549161 0 0.000188021 0 
17.4 0.221264 -2.80562e-39 -0.00757996 0 0.00162634 -0 0 0 0.000527037 0 0.000289737 0 
17.5 0.221264 -2.80562e-39 -0.00752932 0 0.00158146 -0 0 0 0.000486968 0 0.000380278 0 
17.6 0.221264 -2.80562e-39 -0.00748352 0 0.00155328 -0 0 0 0.000430976 0 0.000456895 0 
17.7 0.221264 -2.80562e-39 -0.00744395 0 0.0015002 -0 0 0 0.000361504 0 0.000517575 0 
17.8 0.221264 -2.80562e-39 -0.00741181 0 0.00145377 -0 0 0 0.000281632 0 0.000560579 0 
17.9 0.221264 -2.80562e-39 -0.00738802 0 0.00139658 -0 0 0 0.000195212 0 0.000585097 0 
18 0.221264 -2.80562e-39 -0.00737301 0 0.0013288 -0 0 0 0.000105289 0 0.000590671 0 
18.1 0.221264 -2.80562e-39 -0.00736698 0 0.00126245 -0 0 0 1.5615e-05 0 0.000577312 0 
18.2 0.221264 -2.80562e-39 -0.00736972 0 0.00122643 -0 0 0 -7.05075e-05 0 0.000546209 0 
18.3 0.221264 -2.80562e-39 -0.0073807 0 0.00115887 -0 0 0 -0.000149788 0 0.000498588 0 
18.4 0.221264 -2.80562e-39 -0.00739915 0 0.00110204 -0 0 0 -0.000219815 0 0.000436382 0 
18.5 0.221264 -2.80562e-39 -0.00742396 0 0.00107834 -0 0 0 -0.000277886 0 0.000362206 0 
18.6 0.221264 -2.80562e-39 -0.00745392 0 0.00104169 -0 0 0 -0.000322437 0 0.000278523 0 
18.7 0.221264 -2.80562e-39 -0.00748757 0 0.00102914 -0 0 0 -0.000352703 0 0.000188022 0 
18.8 0.221264 -2.80562e-39 -0.00752356 0 0.00101669 -0 0 0 -0.000367862 0 9.37685e-05 0 
18.9 0.221264 -2.80562e-39 -0.00756034 0 0.00101535 -0 0 0 -0.00036864 0 -6.7173e-07 0 
19 0.221264 -2.80562e-39 -0.00759648 0 0.00102242 -0 0 0 -0.00035552 0 -9.29039e-05 0 
19.1 0.221264 -2.80562e-39 -0.00763071 0 0.00104167 -0 0 0 -0.000329953 0 -0.000179942 0 
19.2 0.221264 -2.80562e-39 -0.00766189 0 0.00107205 -0 0 0 -0.000293536 0 -0.000259517 0 
19.3 0.221264 -2.80562e-39 -0.00768898 0 0.00109143 -0 0 0 -0.000248682 0 -0.000329288 0 
19.4 0.221264 -2.80562e-39 -0.00771125 0 0.00113751 -0 0 0 -0.000197381 0 -0.000387335 0 
19.5 0.221264 -2.80562e-39 -0.00772823 0 0.00118944 -0 0 0 -0.000143258 0 -0.000432254 0 
19.6 0.221264 -2.80562e-39 -0.00773971 0 0.00123476 -0 0 0 -8.77203e-05 0 -0.000463355 0 
19.7 0.221264 -2.80562e-39 -0.00774575 0 0.00128307 -0 0 0 -3.31509e-05 0 -0.0004805 0 
19.8 0.221264 -2.80562e-39 -0.00774654 0 0.0013299 -0 0 0 1.8386e-05 0 -0.000483523 0 
19.9 0.221264 -2.80562e-39 -0.00774244 0 0.00137572 -0 0 0 6.54806e-05 0 -0.000472948 0 
20 0.221264 -2.80562e-39 -0.00773391 0 0.00141921 -0 0 0 0.00010705 0 -0.000449572 0 
20.1 0.221264 -2.80562e-39 -0.00772161 0 0.00145926 -0 0 0 0.000141888 0 -0.000414682 0 
20.2 0.221264 -2.80562e-39 -0.00770609 0 0.0014919 -0 0 0 0.000169681 0 -0.000369431 0 
20.3 0.221264 -2.80562e-39 -0.00768813 0 0.00153349 -0 0 0 0.000189696 0 -0.000315149 0 
20.4 0.221264 -2.80562e-39 -0.00766867 0 0.00155523 -0 0 0 0.00020185 0 -0.000254573 0 
20.5 0.221264 -2.80562e-39 -0.00764836 0 0.00156875 -0 0 0 0.000206902 0 -0.000188717 0 
20.6 0.221264 -2.80562e-39 -0.00762783 0 0.00157869 -0 0 0 0.000205344 0 -0.000119632 0 
20.7 0.221264 -2.80562e-39 -0.00760772 0 0.00158604 -0 0 0 0.000198343 0 -4.94781e-05 0 
20.8 0.221264 -2.80562e-39 -0.00758853 0 0.00158382 -0 0 0 0.00018671 0 2.00256e-05 0 
20.9 0.221264 -2.80562e-39 -0.00757065 0 0.0015777 -0 0 0 0.000171683 0 8.71336e-05 0 
21 0.221264 -2.80562e-39 -0.00755437 0 0.00156823 -0 0 0 0.000154083 0 0.000150453 0 
21.1 0.221264 -2.80562e-39 -0.0075399 0 0.00153893 -0 0 0 0.000135656 0 0.000207863 0 
21.2 0.221264 -2.80562e-39 -0.0075273 0 0.00151997 -0 0 0 0.000116476 0 0.000258783 0 
21.3 0.221264 -2.80562e-39 -0.00751661 0 0.0014985 -0 0 0 9.74028e-05 0 0.00030193 0 
21.4 0.221264 -2.80562e-39 -0.00750777 0 0.00145245 -0 0 0 7.91749e-05 0 0.000336215 0 
21.5 0.221264 -2.80562e-39 -0.00750073 0 0.0014282 -0 0 0 6.16338e-05 0 0.000361286 0 
21.6 0.221264 -2.80562e-39 -0.00749536 0 0.00137802 -0 0 0 4.56584e-05 0 0.000376667 0 
21.7 0.221264 -2.80562e-39 -0.00749151 0 0.00135237 -0 0 0 3.1114e-05 0 0.000382276 0 
21.8 0.221264 -2.80562e-39 -0.00748908 0 0.00131695 -0 0 0 1.76287e-05 0 0.000378072 0 
21.9 0.221264 -2.80562e-39 -0.00748793 0 0.00128249 -0 0 0 5.04947e-06 0 0.000364706 0 
22 0.221264 -2.80562e-39 -0.00748793 0 0.0012182 -0 0 0 -5.66348e-06 0 0.000342417 0 
22.1 0.221264 -2.80562e-39 -0.00748894 0 0.00120032 -0 0 0 -1.52429e-05 0 0.000312093 0 
22.2 0.221264 -2.80562e-39 -0.00749095 0 0.00118349 -0 0 0 -2.49311e-05 0 0.000274389 0 
22.3 0.221264 -2.80562e-39 -0.0074939 0 0.00115482 -0 0 0 -3.42874e-05 0 0.000230585 0 
22.4 0.221264 -2.80562e-39 -0.0074978 0 0.00113267 -0 0 0 -4.35669e-05 0 0.000181831 0 
22.5 0.221264 -2.80562e-39 -0.00750264 0 0.00112426 -0 0 0 -5.31569e-05 0 0.000129498 0 
22.6 0.221264 -2.80562e-39 -0.00750845 0 0.00111207 -0 0 0 -6.29684e-05 0 7.48808e-05 0 
22.7 0.221264 -2.80562e-39 -0.00751523 0 0.00110963 -0 0 0 -7.28154e-05 0 1.92583e-05 0 
22.8 0.221264 -2.80562e-39 -0.00752303 0 0.00111112 -0 0 0 -8.3095e-05 0 -3.56444e-05 0 
22.9 0.221264 -2.80562e-39 -0.00753177 0 0.00112465 -0 0 0 -9.28351e-05 0 -8.92335e-05 0 
23 0.221264 -2.80562e-39 -0.00754152 0 0.00113582 -0 0 0 -0.000102391 0 -0.000139331 0 
23.1 0.221264 -2.80562e-39 -0.00755216 0 0.00114956 -0 0 0 -0.000110711 0 -0.00018536 0 
23.2 0.221264 -2.80562e-39 -0.00756357 0 0.00116579 -0 0 0 -0.000117678 0 -0.000226249 0 
23.3 0.221264 -2.80562e-39 -0.00757554 0 0.00121918 -0 0 0 -0.000122552 0 -0.000260778 0 
23.4 0.221264 -2.80562e-39 -0.0075878 0 0.00121918 -0 0 0 -0.000124766 0 -0.000288401 0 
23.5 0.221264 -2.80562e-39 -0.00760018 0 0.00124651 -0 0 0 -0.000124171 0 -0.000308136 0 
23.6 0.221264 -2.80562e-39 -0.00761231 0 0.00130523 -0 0 0 -0.000119682 0 -0.000320241 0 
23.7 0.221264 -2.80562e-39 -0.00762377 0 0.00133463 -0 0 0 -0.000111775 0 -0.000324229 0 
23.8 0.221264 -2.80562e-39 -0.00763424 0 0.00136363 -0 0 0 -9.98746e-05 0 -0.000319896 0 
23.9 0.221264 -2.80562e-39 -0.00764334 0 0.00138778 -0 0 0 -8.36899e-05 0 -0.000307633 0 
24 0.221264 -2.80562e-39 -0.00765061 0 0.00141171 -0 0 0 -6.3208e-05 0 -0.000287772 0 
24.1 0.221264 -2.80562e-39 -0.00765575 0 0.00144021 -0 0 0 -3.98387e-05 0 -0.00026051 0 
24.2 0.221264 -2.80562e-39 -0.00765827 0 0.00146254 -0 0 0 -1.11111e-05 0 -0.000227456 0 
24.3 0.221264 -2.80562e-39 -0.00765786 0 0.00148117 -0 0 0 1.89114e-05 0 -0.000188467 0 
24.4 0.221264 -2.80562e-39 -0.0076543 0 0.00149615 -0 0 0 5.10937e-05 0 -0.000145662 0 
24.5 0.221264 -2.80562e-39 -0.00764756 0 0.00150662 -0 0 0 8.33889e-05 0 -9.913e-05 0 
24.6 0.221264 -2.80562e-39 -0.00763764 0 0.0015124 -0 0 0 0.000115131 0 -5.04391e-05 0 
24.7 0.221264 -2.80562e-39 -0.00762464 0 0.00151359 -0 0 0 0.000145157 0 -5.19118e-07 0 
24.8 0.221264 -2.80562e-39 -0.00760883 0 0.0015071 -0 0 0 0.000171844 0 4.89747e-05 0 
24.9 0.221264 -2.80562e-39 -0.00759058 0 0.00149936 -0 0 0 0.000194445 0 9.6918e-05 0 
25 0.221264 -2.80562e-39 -0.00757032 0 0.00148874 -0 0 0 0.000211713 0 0.00014238 0 
25.1 0.221264 -2.80562e-39 -0.00754866 0 0.00145991 -0 0 0 0.000222744 0 0.000183832 0 
25.2 0.221264 -2.80562e-39 -0.00752631 0 0.00143941 -0 0 0 0.000226461 0 0.00022036 0 
25.3 0.221264 -2.80562e-39 -0.00750399 0 0.00141584 -0 0 0 0.000222872 0 0.000251169 0 
25.4 0.221264 -2.80562e-39 -0.00748241 0 0.00139065 -0 0 0 0.000211664 0 0.000275069 0 
25.5 0.221264 -2.80562e-39 -0.00746233 0 0.00136879 -0 0 0 0.000192392 0 0.000291626 0 
25.6 0.221264 -2.80562e-39 -0.00744451 0 0.00134536 -0 0 0 0.000166132 0 0.000300021 0 
25.7 0.221264 -2.80562e-39 -0.00742964 0 0.00129912 -0 0 0 0.000133164 0 0.000300341 0 
25.8 0.221264 -2.80562e-39 -0.00741833 0 0.00127657 -0 0 0 9.45305e-05 0 0.000292298 0 
25.9 0.221264 -2.80562e-39 -0.00741108 0 0.00125498 -0 0 0 5.18565e-05 0 0.000276008 0 
26 0.221264 -2.80562e-39 -0.00740821 0 0.00121603 -0 0 0 6.24192e-06 0 0.000252088 0 
26.1 0.221264 -2.80562e-39 -0.00740989 0 0.00119938 -0 0 0 -3.93542e-05 0 0.000221006 0 
26.2 0.221264 -2.80562e-39 -0.00741609 0 0.00118491 -0 0 0 -8.44491e-05 0 0.000183836 0 
26.3 0.221264 -2.80562e-39 -0.00742664 0 0.00117295 -0 0 0 -0.000126863 0 0.00014161 0 
26.4 0.221264 -2.80562e-39 -0.00744087 0 0.00115746 -0 0 0 -0.000163853 0 9.57353e-05 0 
26.5 0.221264 -2.80562e-39 -0.00745849 0 0.00115297 -0 0 0 -0.000195049 0 4.74648e-05 0 
26.6 0.221264 -2.80562e-39 -0.00747907 0 0.00115297 -0 0 0 -0.000221358 0 -2.71197e-07 0 
26.7 0.221264 -2.80562e-39 -0.00750129 0 0.00115761 -0 0 0 -0.00023612 0 -5.05206e-05 0 
26.8 0.221264 -2.80562e-39 -0.00752485 0 0.00117054 -0 0 0 -0.000243108 0 -9.8647e-05 0 
26.9 0.221264 -2.80562e-39 -0.00754909 0 0.00117671 -0 0 0 -0.000241856 0 -0.000143266 0 
27 0.221264 -2.80562e-39 -0.0075728 0 0.00119191 -0 0 0 -0.000231048 0 -0.000183877 0 
27.1 0.221264 -2.80562e-39 -0.0075949 0 0.00121414 -0 0 0 -0.000211454 0 -0.000219214 0 
27.2 0.221264 -2.80562e-39 -0.00761433 0 0.00123639 -0 0 0 -0.000181904 0 -0.000249157 0 
27.3 0.221264 -2.80562e-39 -0.0076304 0 0.00126196 -0 0 0 -0.00014769 0 -0.000266372 0 
27.4 0.221264 -2.80562e-39 -0.00764255 0 0.00129611 -0 0 0 -0.000107151 0 -0.00027468 0 
27.5 0.221264 -2.80562e-39 -0.00765059 0 0.00132059 -0 0 0 -6.29179e-05 0 -0.000276163 0 
27.6 0.221264 -2.80562e-39 -0.00765444 0 0.00135273 -0 0 0 -1.54719e-05 0 -0.00027033 0 
27.7 0.221264 -2.80562e-39 -0.00765355 0 0.00139684 -0 0 0 3.27525e-05 0 -0.000256913 0 
27.8 0.221264 -2.80562e-39 -0.00764798 0 0.00139684 -0 0 0 7.94062e-05 0 -0.000236494 0 
27.9 0.221264 -2.80562e-39 -0.00763801 0 0.00142292 -0 0 0 0.000122317 0 -0.000209539 0 
28 0.221264 -2.80562e-39 -0.007624 0 0.00144031 -0 0 0 0.000160212 0 -0.000176555 0 
28.1 0.221264 -2.80562e-39 -0.00760655 0 0.00145534 -0 0 0 0.000191636 0 -0.000138527 0 
28.2 0.221264 -2.80562e-39 -0.00758639 0 0.00146565 -0 0 0 0.000215158 0 -9.65403e-05 0 
28.3 0.221264 -2.80562e-39 -0.00756432 0 0.00147159 -0 0 0 0.000229905 0 -5.17011e-05 0 
28.4 0.221264 -2.80562e-39 -0.00754125 0 0.00147302 -0 0 0 0.000235762 0 -5.51081e-06 0 
28.5 0.221264 -2.80562e-39 -0.00751805 0 0.00146999 -0 0 0 0.000232703 0 4.04684e-05 0 
28.6 0.221264 -2.80562e-39 -0.00749559 0 0.00146254 -0 0 0 0.000220826 0 8.49624e-05 0 
28.7 0.221264 -2.80562e-39 -0.00747472 0 0.00145088 -0 0 0 0.000200838 0 0.00012647 0 
28.8 0.221264 -2.80562e-39 -0.0074562 0 0.00143555 -0 0 0 0.000173601 0 0.000163458 0 
28.9 0.221264 -2.80562e-39 -0.0074407 0 0.00141698 -0 0 0 0.0001399 0 0.000195126 0 
29 0.221264 -2.80562e-39 -0.00742873 0 0.00140063 -0 0 0 0.000101233 0 0.000219991 0 
29.1 0.221264 -2.80562e-39 -0.0074208 0 0.0013743 -0 0 0 5.82128e-05 0 0.000237969 0 
29.2 0.221264 -2.80562e-39 -0.00741719 0 0.00133491 -0 0 0 1.33566e-05 0 0.000247782 0 
29.3 0.221264 -2.80562e-39 -0.00741813 0 0.0013147 -0 0 0 -3.20182e-05 0 0.000249722 0 
29.4 0.221264 -2.80562e-39 -0.00742346 0 0.00129539 -0 0 0 -7.52718e-05 0 0.000243129 0 
29.5 0.221264 -2.80562e-39 -0.0074331 0 0.0012723 -0 0 0 -0.000115552 0 0.000228252 0 
29.6 0.221264 -2.80562e-39 -0.00744647 0 0.00125515 -0 0 0 -0.000150472 0 0.000206847 0 
29.7 0.221264 -2.80562e-39 -0.00746355 0 0.00123825 -0 0 0 -0.000178247 0 0.000178111 0 
29.8 0.221264 -2.80562e-39 -0.00748289 0 0.00122439 -0 0 0 -0.000200518 0 0.000145658 0 
29.9 0.221264 -2.80562e-39 -0.00750402 0 0.0012102 -0 0 0 -0.000212635 0 0.000109125 0 
30 0.221264 -2.80562e-39 -0.00752559 0 0.00120201 -0 0 0 -0.00021647 0 7.04911e-05 0 
30.1 0.221264 -2.80562e-39 -0.00754701 0 0.00119976 -0 0 0 -0.000213018 0 3.072e-05 0 
30.2 0.221264 -2.80562e-39 -0.00756756 0 0.00120166 -0 0 0 -0.000202821 0 -8.767e-06 0 
30.3 0.221264 -2.80562e-39 -0.00758662 0 0.00121003 -0 0 0 -0.000185212 0 -4.74692e-05 0 
30.4 0.221264 -2.80562e-39 -0.00760358 0 0.00121003 -0 0 0 -0.000160856 0 -8.40426e-05 0 
30.5 0.221264 -2.80562e-39 -0.00761788 0 0.00122465 -0 0 0 -0.000131713 0 -0.000117352 0 
30.6 0.221264 -2.80562e-39 -0.00762913 0 0.00124307 -0 0 0 -9.84654e-05 0 -0.000146577 0 
30.7 0.221264 -2.80562e-39 -0.00763698 0 0.00126678 -0 0 0 -6.19379e-05 0 -0.000170888 0 
30.8 0.221264 -2.80562e-39 -0.00764116 0 0.00126678 -0 0 0 -2.43872e-05 0 -0.000189542 0 
30.9 0.221264 -2.80562e-39 -0.00764173 0 0.00128838 -0 0 0 1.25296e-05 0 -0.000201171 0 
31 0.221264 -2.80562e-39 -0.00763855 0 0.00131528 -0 0 0 5.10803e-05 0 -0.000207471 0 
31.1 0.221264 -2.80562e-39 -0.00763179 0 0.00132847 -0 0 0 8.48962e-05 0 -0.000206159 0 
31.2 0.221264 -2.80562e-39 -0.00762175 0 0.00134693 -0 0 0 0.000115598 0 -0.000198327 0 
31.3 0.221264 -2.80562e-39 -0.00760889 0 0.00137386 -0 0 0 0.000141241 0 -0.000184257 0 
31.4 0.221264 -2.80562e-39 -0.00759377 0 0.00138598 -0 0 0 0.000162144 0 -0.000165718 0 
31.5 0.221264 -2.80562e-39 -0.00757699 0 0.00140628 -0 0 0 0.000173969 0 -0.000139446 0 
31.6 0.221264 -2.80562e-39 -0.00755894 0 0.00141527 -0 0 0 0.00018621 0 -0.00011807 0 
31.7 0.221264 -2.80562e-39 -0.00753983 0 0.00142153 -0 0 0 0.000199802 0 -0.000104372 0 
31.8 0.221264 -2.80562e-39 -0.00752131 0 0.00142971 -0 0 0 0.00017508 0 -5.34009e-05 0 
31.9 0.221264 -2.80562e-39 -0.00750584 0 0.00143129 -0 0 0 0.000142699 0 6.08001e-06 0 
32 0.221264 -2.80562e-39 -0.00749262 0 0.00142727 -0 0 0 0.000126904 0 4.10922e-05 0 
32.1 0.221264 -2.80562e-39 -0.00748104 0 0.00141995 -0 0 0 0.000109656 0 7.21075e-05 0 
32.2 0.221264 -2.80562e-39 -0.00747122 0 0.00140899 -0 0 0 9.16568e-05 0 9.52129e-05 0 
32.3 0.221264 -2.80562e-39 -0.00746375 0 0.00139659 -0 0 0 6.9701e-05 0 0.000112979 0 
32.4 0.221264 -2.80562e-39 -0.00745898 0 0.0013892 -0 0 0 4.25746e-05 0 0.000127787 0 
32.5 0.221264 -2.80562e-39 -0.00745707 0 0.00137389 -0 0 0 1.31108e-05 0 0.000138863 0 
32.6 0.221264 -2.80562e-39 -0.00745748 0 0.00135761 -0 0 0 -1.66587e-05 0 0.000146743 0 
32.7 0.221264 -2.80562e-39 -0.00746044 0 0.00134123 -0 0 0 -4.29444e-05 0 0.000148055 0 
32.8 0.221264 -2.80562e-39 -0.00746528 0 0.00132668 -0 0 0 -5.72117e-05 0 0.000132951 0 
32.9 0.221264 -2.80562e-39 -0.0074697 0 0.00132271 -0 0 0 -5.45892e-05 0 9.194e-05 0 
33 0.221264 -2.80562e-39 -0.00747743 0 0.0013122 -0 0 0 -0.000101204 0 0.000108742 0 
33.1 0.221264 -2.80562e-39 -0.00748962 0 0.00129626 -0 0 0 -0.000141337 0 0.000130105 0 
33.2 0.221264 -2.80562e-39 -0.00750488 0 0.00128707 -0 0 0 -0.000164452 0 0.000145648 0 
33.3 0.221264 -2.80562e-39 -0.00752123 0 0.00126826 -0 0 0 -0.000165195 0 0.000148223 0 
33.4 0.221264 -2.80562e-39 -0.00753673 0 0.00125576 -0 0 0 -0.000145942 0 0.000135233 0 
33.5 0.221264 -2.80562e-39 -0.00754982 0 0.00124344 -0 0 0 -0.000115315 0 0.000108628 0 
33.6 0.221264 -2.80562e-39 -0.00755962 0 0.00123752 -0 0 0 -8.12293e-05 0 7.06572e-05 0 
33.7 0.221264 -2.80562e-39 -0.00756626 0 0.00123276 -0 0 0 -5.14224e-05 0 2.66781e-05 0 
33.8 0.221264 -2.80562e-39 -0.00757039 0 0.00123408 -0 0 0 -3.01374e-05 0 -1.64141e-05 0 
33.9 0.221264 -2.80562e-39 -0.00757245 0 0.0012386 -0 0 0 -1.40359e-05 0 -5.88752e-05 0 
34 0.221264 -2.80562e-39 -0.00757325 0 0.0012452 -0 0 0 -4.66109e-06 0 -9.14403e-05 0 
34.1 0.221264 -2.80562e-39 -0.00757317 0 0.00125666 -0 0 0 5.68676e-06 0 -0.000115965 0 
34.2 0.221264 -2.80562e-39 -0.00757196 0 0.00126797 -0 0 0 1.94535e-05 0 -0.000132199 0 
34.3 0.221264 -2.80562e-39 -0.00756902 0 0.00128342 -0 0 0 3.9104e-05 0 -0.00014039 0 
34.4 0.221264 -2.80562e-39 -0.00756386 0 0.00129861 -0 0 0 6.38866e-05 0 -0.000141731 0 
34.5 0.221264 -2.80562e-39 -0.00755608 0 0.00131339 -0 0 0 9.14599e-05 0 -0.000137731 0 
34.6 0.221264 -2.80562e-39 -0.00754554 0 0.00132602 -0 0 0 0.000118922 0 -0.000130095 0 
34.7 0.221264 -2.80562e-39 -0.00753245 0 0.0013378 -0 0 0 0.000142776 0 -0.00012026 0 
34.8 0.221264 -2.80562e-39 -0.00751728 0 0.00134862 -0 0 0 0.000160401 0 -0.000109234 0 
34.9 0.221264 -2.80562e-39 -0.00750076 0 0.00135834 -0 0 0 0.000169925 0 -9.73575e-05 0 
35 0.221264 -2.80562e-39 -0.0074837 0 0.00136694 -0 0 0 0.000171344 0 -8.49239e-05 0 
35.1 0.221264 -2.80562e-39 -0.00746685 0 0.00137434 -0 0 0 0.00016588 0 -7.21706e-05 0 
35.2 0.221264 -2.80562e-39 -0.0074508 0 0.00138051 -0 0 0 0.000156418 0 -6.04861e-05 0 
35.3 0.221264 -2.80562e-39 -0.00743579 0 0.00138742 -0 0 0 0.000148015 0 -5.35357e-05 0 
35.4 0.221264 -2.80562e-39 -0.0074218 0 0.00139181 -0 0 0 0.000135041 0 -4.46328e-05 0 
35.5 0.221264 -2.80562e-39 -0.00740753 0 0.00139848 -0 0 0 0.000156844 0 -8.11655e-05 0 
35.6 0.221264 -2.80562e-39 -0.00739375 0 0.00140368 -0 0 0 0.000111285 0 -4.641e-05 0 
35.7 0.221264 -2.80562e-39 -0.00738398 0 0.00140795 -0 0 0 7.28178e-05 0 -1.85506e-05 0 
35.8 0.221264 -2.80562e-39 -0.00737986 0 0.00140603 -0 0 0 1.38538e-05 0 4.28696e-05 0 
35.9 0.221264 -2.80562e-39 -0.00738078 0 0.00139494 -0 0 0 -2.98273e-05 0 9.91698e-05 0 
36 0.221264 -2.80562e-39 -0.00738496 0 0.00138308 -0 0 0 -5.14953e-05 0 0.000139007 0 
36.1 0.221264 -2.80562e-39 -0.0073902 0 0.00136957 -0 0 0 -5.17802e-05 0 0.000154146 0 
36.2 0.221264 -2.80562e-39 -0.00739492 0 0.00135025 -0 0 0 -4.0674e-05 0 0.000144916 0 
36.3 0.221264 -2.80562e-39 -0.0073997 0 0.00133597 -0 0 0 -4.58308e-05 0 0.000131543 0 
36.4 0.221264 -2.80562e-39 -0.00740619 0 0.0013292 -0 0 0 -6.82492e-05 0 0.000122303 0 
36.5 0.221264 -2.80562e-39 -0.0074148 0 0.00131783 -0 0 0 -9.89524e-05 0 0.000112849 0 
36.6 0.221264 -2.80562e-39 -0.0074263 0 0.00130617 -0 0 0 -0.000130584 0 0.000100073 0 
36.7 0.221264 -2.80562e-39 -0.00744077 0 0.00129808 -0 0 0 -0.000158613 0 8.57774e-05 0 
36.8 0.221264 -2.80562e-39 -0.00745762 0 0.00128813 -0 0 0 -0.000178634 0 7.01512e-05 0 
36.9 0.221264 -2.80562e-39 -0.00747597 0 0.00128308 -0 0 0 -0.000188695 0 5.39555e-05 0 
37 0.221264 -2.80562e-39 -0.00749477 0 0.00127936 -0 0 0 -0.00018751 0 3.61627e-05 0 
37.1 0.221264 -2.80562e-39 -0.00751306 0 0.00127675 -0 0 0 -0.000177757 0 1.7801e-05 0 
37.2 0.221264 -2.80562e-39 -0.00752995 0 0.0012768 -0 0 0 -0.000158889 0 -5.21347e-06 0 
37.3 0.221264 -2.80562e-39 -0.00754302 0 0.00127997 -0 0 0 -9.4603e-05 0 -8.15556e-05 0 
37.4 0.221264 -2.80562e-39 -0.00755283 0 0.00128876 -0 0 0 -8.54425e-05 0 -0.000100404 0 
37.5 0.221264 -2.80562e-39 -0.00756408 0 0.00129622 -0 0 0 -0.00012579 0 -5.69866e-05 0 
37.6 0.221264 -2.80562e-39 -0.00757799 0 0.00129931 -0 0 0 -0.000144155 0 -2.10275e-05 0 
37.7 0.221264 -2.80562e-39 -0.00759252 0 0.00129929 -0 0 0 -0.000144082 0 8.36742e-06 0 
37.8 0.221264 -2.80562e-39 -0.00760581 0 0.0012972 -0 0 0 -0.000120467 0 2.37292e-05 0 
37.9 0.221264 -2.80562e-39 -0.00761571 0 0.00129514 -0 0 0 -7.61737e-05 0 2.12346e-05 0 
38 0.221264 -2.80562e-39 -0.00762035 0 0.00129421 -0 0 0 -2.26438e-05 0 2.20436e-06 0 
38.1 0.221264 -2.80562e-39 -0.00761942 0 0.00129589 -0 0 0 2.69239e-05 0 -2.68343e-05 0 
38.2 0.221264 -2.80562e-39 -0.0076142 0 0.00130075 -0 0 0 6.45146e-05 0 -5.796e-05 0 
38.3 0.221264 -2.80562e-39 -0.00760597 0 0.00130929 -0 0 0 8.85769e-05 0 -8.4929e-05 0 
38.4 0.221264 -2.80562e-39 -0.00759626 0 0.00132014 -0 0 0 0.000101972 0 -0.00010432 0 
38.5 0.221264 -2.80562e-39 -0.00758567 0 0.00133629 -0 0 0 0.00010988 0 -0.00011495 0 
38.6 0.221264 -2.80562e-39 -0.00757442 0 0.00134385 -0 0 0 0.000114585 0 -0.000114385 0 
38.7 0.221264 -2.80562e-39 -0.00756234 0 0.00135745 -0 0 0 0.000122489 0 -0.000102912 0 
38.8 0.221264 -2.80562e-39 -0.00754927 0 0.00136276 -0 0 0 0.000132204 0 -8.44944e-05 0 
38.9 0.221264 -2.80562e-39 -0.00753521 0 0.00136971 -0 0 0 0.000143146 0 -6.2937e-05 0 
39 0.221264 -2.80562e-39 -0.00752028 0 0.00137407 -0 0 0 0.000153654 0 -4.02283e-05 0 
39.1 0.221264 -2.80562e-39 -0.00750448 0 0.00137495 -0 0 0 0.000162289 0 -1.78691e-05 0 
39.2 0.221264 -2.80562e-39 -0.00748819 0 0.00137495 -0 0 0 0.000165855 0 3.04854e-06 0 
39.3 0.221264 -2.80562e-39 -0.00747191 0 0.00137295 -0 0 0 0.000163794 0 2.13032e-05 0 
39.4 0.221264 -2.80562e-39 -0.00745619 0 0.00136888 -0 0 0 0.000155244 0 3.63996e-05 0 
39.5 0.221264 -2.80562e-39 -0.00744168 0 0.00136327 -0 0 0 0.000139868 0 4.8203e-05 0 
39.6 0.221264 -2.80562e-39 -0.00742899 0 0.00135656 -0 0 0 0.000118333 0 5.68967e-05 0 
39.7 0.221264 -2.80562e-39 -0.00741865 0 0.00134915 -0 0 0 9.21763e-05 0 6.28436e-05 0 
39.8 0.221264 -2.80562e-39 -0.00741104 0 0.00134126 -0 0 0 6.26503e-05 0 6.67535e-05 0 
39.9 0.221264 -2.80562e-39 -0.0074064 0 0.00134126 -0 0 0 3.18592e-05 0 6.91391e-05 0 
40 0.221264 -2.80562e-39 -0.0074048 0 0.00133312 -0 0 0 8.10516e-07 0 7.04103e-05 0 
40.1 0.221264 -2.80562e-39 -0.00740622 0 0.00132487 -0 0 0 -2.93651e-05 0 7.08516e-05 0 
40.2 0.221264 -2.80562e-39 -0.00741056 0 0.0013201 -0 0 0 -5.78922e-05 0 7.06003e-05 0 
40.3 0.221264 -2.80562e-39 -0.00741766 0 0.00131038 -0 0 0 -8.40244e-05 0 6.9512e-05 0 
40.4 0.221264 -2.80562e-39 -0.00742721 0 0.00130568 -0 0 0 -0.000107498 0 6.73947e-05 0 
40.5 0.221264 -2.80562e-39 -0.007439 0 0.00130114 -0 0 0 -0.00012848 0 6.39291e-05 0 
40.6 0.221264 -2.80562e-39 -0.00745271 0 0.00128924 -0 0 0 -0.000146619 0 5.86724e-05 0 
40.7 0.221264 -2.80562e-39 -0.00746799 0 0.00128924 -0 0 0 -0.000161625 0 5.13531e-05 0 
40.8 0.221264 -2.80562e-39 -0.00748452 0 0.00128294 -0 0 0 -0.000173178 0 4.20557e-05 0 
40.9 0.221264 -2.80562e-39 -0.00750207 0 0.00127992 -0 0 0 -0.000181058 0 3.08635e-05 0 
41 0.221264 -2.80562e-39 -0.00752023 0 0.00127808 -0 0 0 -0.000184821 0 1.79906e-05 0 
41.1 0.221264 -2.80562e-39 -0.00753852 0 0.00127867 -0 0 0 -0.000183987 0 3.84884e-06 0 
41.2 0.221264 -2.80562e-39 -0.00755646 0 0.00127867 -0 0 0 -0.000178563 0 -1.07858e-05 0 
41.3 0.221264 -2.80562e-39 -0.00757378 0 0.00128081 -0 0 0 -0.000168149 0 -2.58563e-05 0 
41.4 0.221264 -2.80562e-39 -0.00758942 0 0.00128532 -0 0 0 -0.000151077 0 -4.0241e-05 0 
41.5 0.221264 -2.80562e-39 -0.00760299 0 0.00129105 -0 0 0 -0.000131238 0 -5.25615e-05 0 
41.6 0.221264 -2.80562e-39 -0.00761437 0 0.00129734 -0 0 0 -0.000107489 0 -6.30036e-05 0 
41.7 0.221264 -2.80562e-39 -0.00762288 0 0.00130669 -0 0 0 -8.01954e-05 0 -7.10445e-05 0 
41.8 0.221264 -2.80562e-39 -0.0076282 0 0.00131288 -0 0 0 -5.12307e-05 0 -7.62833e-05 0 
41.9 0.221264 -2.80562e-39 -0.0076306 0 0.00131966 -0 0 0 -2.10498e-05 0 -7.91264e-05 0 
42 0.221264 -2.80562e-39 -0.00763061 0 0.00133288 -0 0 0 8.6859e-06 0 -7.99025e-05 0 
42.1 0.221264 -2.80562e-39 -0.00762811 0 0.00134584 -0 0 0 3.80562e-05 0 -7.87319e-05 0 
42.2 0.221264 -2.80562e-39 -0.0076228 0 0.00134584 -0 0 0 6.62641e-05 0 -7.54764e-05 0 
42.3 0.221264 -2.80562e-39 -0.00761487 0 0.00135703 -0 0 0 9.29411e-05 0 -7.02528e-05 0 
42.4 0.221264 -2.80562e-39 -0.0076045 0 0.00135703 -0 0 0 0.000116883 0 -6.31514e-05 0 
42.5 0.221264 -2.80562e-39 -0.00759202 0 0.00136561 -0 0 0 0.000137525 0 -5.42806e-05 0 
42.6 0.221264 -2.80562e-39 -0.00757758 0 0.00136874 -0 0 0 0.000154575 0 -4.37415e-05 0 
42.7 0.221264 -2.80562e-39 -0.00756155 0 0.00137169 -0 0 0 0.000168089 0 -3.24332e-05 0 
42.8 0.221264 -2.80562e-39 -0.00754447 0 0.00137306 -0 0 0 0.000175987 0 -1.96735e-05 0 
42.9 0.221264 -2.80562e-39 -0.00752692 0 0.00137306 -0 0 0 0.000179917 0 -7.20305e-06 0 
43 0.221264 -2.80562e-39 -0.00750931 0 0.00137214 -0 0 0 0.000178439 0 6.20863e-06 0 
43.1 0.221264 -2.80562e-39 -0.0074921 0 0.0013677 -0 0 0 0.000170819 0 2.09938e-05 0 
43.2 0.221264 -2.80562e-39 -0.00747567 0 0.0013677 -0 0 0 0.000161743 0 3.17747e-05 0 
43.3 0.221264 -2.80562e-39 -0.00746045 0 0.001363 -0 0 0 0.000147354 0 4.27367e-05 0 
43.4 0.221264 -2.80562e-39 -0.00744713 0 0.00135439 -0 0 0 0.000124977 0 5.7883e-05 0 
43.5 0.221264 -2.80562e-39 -0.00743639 0 0.00134997 -0 0 0 9.61292e-05 0 7.71964e-05 0 
43.6 0.221264 -2.80562e-39 -0.00742751 0 0.00134467 -0 0 0 7.70067e-05 0 7.95195e-05 0 
43.7 0.221264 -2.80562e-39 -0.00742092 0 0.0013372 -0 0 0 5.51615e-05 0 7.90393e-05 0 
43.8 0.221264 -2.80562e-39 -0.00741802 0 0.00132596 -0 0 0 2.74728e-05 0 7.86954e-05 0 
43.9 0.221264 -2.80562e-39 -0.00741797 0 0.00131851 -0 0 0 -1.27361e-07 0 7.57749e-05 0 
44 0.221264 -2.80562e-39 -0.00742029 0 0.00131403 -0 0 0 -2.84259e-05 0 7.26598e-05 0 
44.1 0.221264 -2.80562e-39 -0.00742539 0 0.00130476 -0 0 0 -5.44824e-05 0 6.69905e-05 0 
44.2 0.221264 -2.80562e-39 -0.0074329 0 0.00130056 -0 0 0 -7.86759e-05 0 6.1062e-05 0 
44.3 0.221264 -2.80562e-39 -0.0074424 0 0.00129459 -0 0 0 -9.91486e-05 0 5.34695e-05 0 
44.4 0.221264 -2.80562e-39 -0.00745361 0 0.00128962 -0 0 0 -0.000115681 0 4.47263e-05 0 
44.5 0.221264 -2.80562e-39 -0.00746612 0 0.00128767 -0 0 0 -0.000127862 0 3.48816e-05 0 
44.6 0.221264 -2.80562e-39 -0.00747948 0 0.00128498 -0 0 0 -0.000135911 0 2.38046e-05 0 
44.7 0.221264 -2.80562e-39 -0.00749328 0 0.00128311 -0 0 0 -0.000139815 0 1.20742e-05 0 
44.8 0.221264 -2.80562e-39 -0.00750719 0 0.00128283 -0 0 0 -0.000138463 0 -7.15376e-07 0 
44.9 0.221264 -2.80562e-39 -0.00752083 0 0.00128373 -0 0 0 -0.000133791 0 -1.32004e-05 0 
45 0.221264 -2.80562e-39 -0.00753355 0 0.00128767 -0 0 0 -0.000123908 0 -2.60616e-05 0 
