0 3.71102 -8.22814e-14 5147.7 0 0 0 37.7322 0 0 2.14491e-07 -7.49281e-21 2.44335e-06 1.43823e-13 -59.982 -8.33576e-13 4.8121 4.82017 3.57419e-13 5152.01 4.82017 4.80518e-15 5152.01 
0.1 3.5402 3.82026e-06 5430.57 0 0 0 37.7676 0 0 2.24805e-07 -3.95182e-15 2.36759e-06 -1.24608e-06 -15.7385 8.70961e-06 4.84508 5.26788 3.59951e-06 5433.99 5.26788 3.59951e-06 5433.99 
0.2 12.7621 1.1765e-06 5470.1 0 0 0 37.8737 0 0 2.27905e-07 -1.72852e-16 2.19328e-06 -3.53743e-07 26.2222 2.70129e-06 4.91182 15.2496 1.16262e-06 5474.67 15.2496 1.16262e-06 5474.67 
0.3 21.838 8.71958e-07 5531.28 0 0 0 38.0501 0 0 2.33007e-07 6.93593e-17 2.16989e-06 -2.57558e-07 66.8183 2.15371e-06 4.96836 25.3884 8.99616e-07 5536.95 25.3884 8.99616e-07 5536.95 
0.4 26.0606 2.59795e-07 5587.85 0 0 0 38.2962 0 0 2.30753e-07 1.89061e-17 2.04825e-06 -1.25283e-07 67.7605 7.3084e-07 4.97948 29.6839 3.0268e-07 5592.08 29.6839 3.0268e-07 5592.08 
0.5 32.2146 3.7535e-07 5622.78 0 0 0 38.6109 0 0 2.47836e-07 8.7135e-18 2.10051e-06 -1.14053e-07 66.0488 8.38461e-07 4.99882 35.1547 3.91952e-07 5624.13 35.1547 3.91952e-07 5624.13 
0.6 35.9758 3.68934e-07 5620.18 0 0 0 38.9933 0 0 2.46112e-07 8.67323e-18 2.08657e-06 -1.11712e-07 45.4798 8.29409e-07 4.99913 38.0494 3.86746e-07 5618.97 38.0494 3.86746e-07 5618.97 
0.7 37.0883 5.52593e-08 5601.22 0 0 0 39.4417 0 0 2.53058e-07 -3.4191e-17 2.26195e-06 -3.01517e-08 -9.0341 6.71606e-08 4.96808 38.2538 6.60523e-08 5598.84 38.2538 6.60523e-08 5598.84 
0.8 38.4714 4.51699e-08 5565.67 0 0 0 39.9544 0 0 2.57615e-07 -2.795e-17 2.09751e-06 -8.55119e-09 -52.3993 -8.90237e-09 4.94121 39.0257 4.66021e-08 5563.9 39.0257 4.66023e-08 5563.9 
0.9 39.3949 1.52608e-07 5528.6 0 0 0 40.5292 0 0 2.55739e-07 -5.12332e-18 2.19913e-06 -3.02524e-08 -80.7543 2.34913e-07 4.92293 39.7837 1.53892e-07 5529.01 39.7837 1.53893e-07 5529.01 
1 40.1449 1.18487e-07 5497.48 0 0 0 41.1638 0 0 2.5643e-07 -5.00382e-18 2.20606e-06 -2.18621e-08 -93.3414 1.49541e-07 4.90922 40.7465 1.17504e-07 5500.78 40.7465 1.17504e-07 5500.78 
1.1 41.6351 -0.00466273 5478.09 0 0 0 41.8554 0 0 2.59495e-07 -1.80518e-17 2.21975e-06 0.00096415 -105.214 -0.0112156 4.91041 43.628 -0.00485628 5484.51 43.628 -0.00485628 5484.51 
1.2 43.3582 -8.2708e-07 5476.58 0 0 0 42.6009 0 0 2.61022e-07 -2.19809e-15 2.21207e-06 6.76497e-07 -72.6116 1.77968e-06 4.92552 45.9653 -1.34695e-06 5485.26 45.9653 -1.34695e-06 5485.26 
1.3 45.1485 -3.59593e-06 5487.37 0 0 0 43.3967 0 0 2.5976e-07 -3.0134e-16 2.18506e-06 -9.93983e-08 -41.6365 1.10379e-05 4.94238 48.3448 -4.02851e-06 5498.41 48.3448 -4.02851e-06 5498.41 
1.4 45.8783 2.38505e-06 5503.18 0 0 0 44.239 0 0 2.59288e-07 -3.48772e-17 2.17842e-06 -1.90273e-07 -10.886 -4.2133e-06 4.95944 49.5812 2.47625e-06 5515.71 49.5812 2.47625e-06 5515.71 
1.5 46.6553 -1.24633e-06 5530.18 0 0 0 45.1236 0 0 2.59558e-07 -1.83193e-18 2.16275e-06 2.39433e-08 24.3297 3.04455e-06 4.98062 50.5027 -1.20512e-06 5542.61 50.5027 -1.20512e-06 5542.61 
1.6 47.481 2.53504e-07 5552.18 0 0 0 46.0458 0 0 2.60343e-07 -8.00866e-18 2.16076e-06 -1.13626e-08 49.5856 -3.791e-07 5.00356 51.2362 2.01543e-07 5563.4 51.2362 2.01543e-07 5563.4 
1.7 47.3007 9.76248e-08 5562.48 0 0 0 47.0008 0 0 2.60329e-07 -7.97562e-18 2.10595e-06 -2.73086e-08 61.1918 -1.74208e-07 5.01366 50.7297 1.28315e-07 5571.8 50.7297 1.28315e-07 5571.8 
1.8 47.5287 -3.46332e-07 5558.68 0 0 0 47.9832 0 0 2.64877e-07 -8.77542e-18 1.92589e-06 4.20166e-08 68.0948 3.33743e-07 5.00645 50.5387 -3.55501e-07 5565.54 50.5387 -3.55501e-07 5565.54 
1.9 48.5817 1.6305e-07 5547.56 0 0 0 48.9873 0 0 2.57897e-07 -9.75885e-18 2.19131e-06 -1.38183e-08 73.808 -2.53995e-07 4.98303 51.2873 1.4426e-07 5551.64 51.2873 1.44261e-07 5551.64 
2 48.5737 0.0155377 5531.58 0 0 0 50.0072 0 0 2.59765e-07 -3.07856e-18 2.305e-06 -0.00216324 59.6501 0.0400679 4.96125 51.6312 0.0123182 5532.59 51.6312 0.0123182 5532.59 
2.1 48.1269 -1.38761e-05 5529.71 0 0 0 51.0368 0 0 2.63561e-07 8.40921e-15 2.23729e-06 1.57868e-06 17.516 -2.69065e-05 4.96063 51.1634 -1.15571e-05 5529.21 51.1634 -1.15571e-05 5529.21 
2.2 48.2137 -3.61085e-06 5528.94 0 0 0 52.0695 0 0 2.68152e-07 1.6566e-15 2.17885e-06 1.10171e-06 -24.3887 -8.76784e-06 4.97419 51.4065 -3.67174e-06 5528.66 51.4065 -3.67174e-06 5528.66 
2.3 49.0282 -1.39111e-06 5524.94 0 0 0 53.0987 0 0 2.70538e-07 2.15494e-16 2.15116e-06 4.56399e-07 -52.7221 -4.28582e-06 4.98353 52.4138 -1.4172e-06 5526.4 52.4138 -1.4172e-06 5526.4 
2.4 50.6981 -1.13331e-06 5519.04 0 0 0 54.1177 0 0 2.71228e-07 -6.16226e-17 2.14569e-06 1.91363e-07 -58.9156 -1.38277e-06 4.98622 54.3062 -1.14625e-06 5523.03 54.3062 -1.14625e-06 5523.03 
2.5 52.8874 -3.80037e-07 5516.01 0 0 0 55.1194 0 0 2.7249e-07 -5.68531e-17 2.13065e-06 8.02723e-08 -48.5114 -9.90672e-07 4.98743 56.7684 -3.68485e-07 5522.47 56.7684 -3.68485e-07 5522.47 
2.6 54.998 5.51345e-08 5515.15 0 0 0 56.0971 0 0 2.70879e-07 -3.21558e-17 2.16448e-06 1.92997e-08 -26.8991 2.5724e-08 4.98822 59.1639 6.79534e-08 5523.39 59.1639 6.79537e-08 5523.39 
2.7 56.9946 -4.12435e-07 5520.27 0 0 0 57.0439 0 0 2.69792e-07 -1.60803e-17 2.19764e-06 3.23421e-08 -2.95009 -3.83477e-07 4.99368 61.3961 -4.08953e-07 5529.32 61.3961 -4.08954e-07 5529.32 
2.8 58.313 -5.99549e-07 5528.78 0 0 0 57.9528 0 0 2.74629e-07 -8.10107e-18 2.02359e-06 6.34964e-08 13.4958 -6.90425e-07 5.00722 62.8341 -5.85419e-07 5537.79 62.8341 -5.85418e-07 5537.79 
2.9 58.9042 3.65162e-08 5535.64 0 0 0 58.8173 0 0 2.6986e-07 -5.24707e-18 2.17707e-06 -1.3904e-08 17.8969 2.48882e-07 5.01702 63.4096 4.85808e-08 5544.11 63.4096 4.85805e-08 5544.11 
3 59.235 0.0148048 5537.57 0 0 0 59.631 0 0 2.69756e-07 -2.66973e-18 2.16512e-06 -0.00164944 17.0723 0.0354387 5.01648 63.7742 0.0127812 5545.4 63.7742 0.0127812 5545.4 
3.1 60.5187 -1.86603e-05 5537.6 0 0 0 60.3877 0 0 2.69244e-07 1.29836e-14 2.18566e-06 4.37087e-06 24.136 -6.29846e-05 5.01214 64.8744 -2.01177e-05 5544.36 64.8744 -2.01177e-05 5544.36 
3.2 60.9235 -3.55672e-06 5535.97 0 0 0 61.0817 0 0 2.70384e-07 2.08872e-15 2.17361e-06 1.43943e-06 20.2031 -1.04507e-05 5.01232 65.1973 -4.27126e-06 5541.71 65.1973 -4.27126e-06 5541.71 
3.3 61.3703 -2.46728e-06 5532.18 0 0 0 61.7076 0 0 2.70984e-07 3.24701e-16 2.17169e-06 3.66366e-07 14.54 9.79946e-08 5.00842 65.6021 -2.58458e-06 5537.12 65.6021 -2.58458e-06 5537.12 
3.4 61.8493 1.80084e-06 5528.56 0 0 0 62.2604 0 0 2.70924e-07 -3.16916e-17 2.14498e-06 -1.45666e-08 6.953 -5.87131e-06 5.00749 66.1018 1.84323e-06 5533.01 66.1018 1.84323e-06 5533.01 
3.5 62.3997 -2.15795e-06 5525.82 0 0 0 62.7359 0 0 2.7196e-07 -2.68957e-17 2.16989e-06 2.96259e-07 -2.53476 2.43811e-06 5.00723 66.7249 -2.24302e-06 5530.17 66.7249 -2.24302e-06 5530.17 
3.6 63.3646 9.53155e-07 5523.34 0 0 0 63.1302 0 0 2.73405e-07 -1.41084e-17 2.09753e-06 -4.10131e-08 -7.64851 -2.48093e-06 5.00466 67.8037 9.15068e-07 5527.95 67.8037 9.15069e-07 5527.95 
3.7 64.2977 -4.52482e-07 5524.93 0 0 0 63.4403 0 0 2.73945e-07 -7.66118e-18 2.14265e-06 1.12615e-07 -13.9037 -4.64113e-08 5.00832 68.8791 -4.83407e-07 5529.87 68.8791 -4.83407e-07 5529.87 
3.8 64.9354 6.9248e-08 5526 0 0 0 63.6635 0 0 2.70555e-07 -2.62631e-18 2.31794e-06 1.17889e-08 -17.7533 -3.982e-07 5.01383 69.6272 6.55157e-08 5531.56 69.6272 6.5516e-08 5531.56 
3.9 65.7072 -3.2296e-07 5527.2 0 0 0 63.7982 0 0 2.75457e-07 -1.26027e-18 2.1072e-06 4.02364e-08 -19.2951 -3.49935e-09 5.016 70.4519 -3.13852e-07 5533.67 70.4519 -3.13851e-07 5533.67 
4 66.1211 0.0185855 5526.97 0 0 0 63.8433 0 0 2.72812e-07 2.10274e-18 2.13554e-06 -0.00141164 -18.7375 0.0410176 5.01705 70.8956 0.0146854 5534.36 70.8956 0.0146854 5534.36 
4.1 67.0778 -2.81995e-05 5527.86 0 0 0 63.8433 0 0 2.72758e-07 1.77308e-14 2.13195e-06 7.10404e-06 -13.2924 -0.000100443 5.01916 71.7814 -3.11751e-05 5536.09 71.7814 -3.11751e-05 5536.09 
4.2 67.5134 -6.3685e-06 5527.7 0 0 0 63.8433 0 0 2.72243e-07 3.664e-15 2.13541e-06 1.97734e-06 -7.04344 -1.97875e-05 5.01962 72.1712 -8.14261e-06 5536.45 72.1712 -8.14261e-06 5536.45 
4.3 67.9392 -2.99058e-06 5527.95 0 0 0 63.8433 0 0 2.71673e-07 4.51302e-16 2.14161e-06 4.93279e-07 2.13292 -1.38507e-06 5.01908 72.5506 -3.27723e-06 5536.88 72.5506 -3.27723e-06 5536.88 
4.4 68.0553 1.52197e-06 5527.99 0 0 0 63.8433 0 0 2.71386e-07 -4.56697e-18 2.14395e-06 -1.25299e-07 7.73687 -4.96844e-06 5.01929 72.6231 1.66753e-06 5536.73 72.6231 1.66753e-06 5536.73 
4.5 68.0124 -1.97316e-06 5527.6 0 0 0 63.8433 0 0 2.71358e-07 -2.64294e-17 2.14329e-06 2.11696e-07 9.95459 1.60054e-06 5.01936 72.5367 -1.93908e-06 5535.93 72.5367 -1.93908e-06 5535.93 
4.6 67.9538 3.45278e-07 5528.23 0 0 0 63.8433 0 0 2.71102e-07 -1.64058e-17 2.14333e-06 -4.04267e-08 10.9265 -1.22119e-06 5.01899 72.4354 3.12629e-07 5536.04 72.4354 3.12629e-07 5536.04 
4.7 67.8139 -3.95116e-07 5528.09 0 0 0 63.8433 0 0 2.71167e-07 -1.14283e-17 2.14131e-06 7.99285e-08 8.7391 2.39922e-07 5.01858 72.2565 -3.971e-07 5535.42 72.2565 -3.971e-07 5535.42 
4.8 67.7091 -1.02558e-07 5528.01 0 0 0 63.8433 0 0 2.71366e-07 3.16227e-19 2.13905e-06 3.46685e-08 5.09976 -4.88389e-07 5.01823 72.1208 -1.0578e-07 5534.98 72.1208 -1.0578e-07 5534.98 
4.9 67.6335 -4.87623e-07 5527.55 0 0 0 63.8433 0 0 2.71237e-07 2.10029e-18 2.14083e-06 8.56206e-08 1.09873 -5.75123e-07 5.01795 72.0256 -4.96755e-07 5534.37 72.0256 -4.96755e-07 5534.37 
5 67.6193 -6.78567e-09 5527.25 0 0 0 63.8433 0 0 2.71297e-07 1.28912e-17 2.14079e-06 4.41115e-08 -3.1985 -3.17461e-07 5.01756 72.0037 -6.5753e-09 5534.11 72.0037 -6.57559e-09 5534.11 
5.1 67.3044 0.0209469 5525.43 0 0 0 63.8433 0 0 2.71448e-07 3.37974e-17 2.14061e-06 -0.000864126 -6.30964 0.038243 5.01739 71.819 0.013111 5532.52 71.819 0.013111 5532.52 
5.2 67.6241 -6.50099e-05 5525.78 0 0 0 63.8433 0 0 2.71447e-07 -9.87985e-14 2.14005e-06 -2.44186e-05 -7.9279 0.000660492 5.0177 72.1204 1.15746e-05 5533.04 72.1204 1.15746e-05 5533.04 
5.3 67.7031 2.98794e-05 5525.37 0 0 0 63.8433 0 0 2.71351e-07 -1.2528e-14 2.13833e-06 -9.09761e-06 -7.98092 1.22452e-05 5.0186 72.2218 4.37407e-05 5533.05 72.2218 4.37407e-05 5533.05 
5.4 67.7206 1.97013e-05 5525.15 0 0 0 63.8433 0 0 2.71246e-07 -3.69432e-15 2.13818e-06 -2.79666e-06 -7.04251 -1.57826e-05 5.01904 72.2475 2.3752e-05 5533.21 72.2475 2.3752e-05 5533.21 
5.5 67.7857 -5.36609e-05 5525.06 0 0 0 63.8433 0 0 2.71019e-07 -1.02848e-15 2.13887e-06 4.68011e-06 -3.86186 9.29982e-05 5.0196 72.3176 -5.40119e-05 5533.43 72.3176 -5.40119e-05 5533.43 
5.6 67.7404 3.59749e-05 5525.44 0 0 0 63.8433 0 0 2.70861e-07 -2.4358e-16 2.1385e-06 -3.91561e-06 -0.914085 -5.79736e-05 5.02085 72.2624 3.63023e-05 5534.02 72.2624 3.63023e-05 5534.02 
5.7 67.6532 -1.77765e-05 5525.74 0 0 0 63.8433 0 0 2.70156e-07 -2.95532e-17 2.15375e-06 1.94958e-06 2.17844 2.80923e-05 5.02171 72.1672 -1.85184e-05 5534.34 72.1672 -1.85184e-05 5534.34 
5.8 67.5423 6.18837e-06 5525.98 0 0 0 63.8433 0 0 2.70448e-07 -7.93709e-18 2.14124e-06 -1.03278e-06 4.13809 -1.05802e-05 5.02168 72.0466 5.64935e-06 5534.42 72.0466 5.64935e-06 5534.42 
5.9 67.4069 -5.60891e-06 5526.36 0 0 0 63.8433 0 0 2.70379e-07 -6.08541e-21 2.1413e-06 7.02074e-07 6.94764 6.53987e-06 5.02142 71.8941 -5.9676e-06 5534.55 71.8941 -5.9676e-06 5534.55 
6 67.2037 6.20089e-06 5526.71 0 0 0 63.8433 0 0 2.70397e-07 2.71236e-17 2.1411e-06 -7.14198e-07 6.19334 -6.47882e-06 5.02134 71.6701 6.72014e-06 5534.61 71.6701 6.72014e-06 5534.61 
6.1 66.6259 0.0228174 5526.39 0 0 0 63.8433 0 0 2.70506e-07 2.61854e-17 2.14214e-06 -0.000758326 3.47268 0.0400735 5.02107 71.1404 0.0138402 5534.14 71.1404 0.0138402 5534.14 
6.2 66.7585 0.000165621 5526.83 0 0 0 63.8433 0 0 2.70555e-07 -2.74258e-15 2.14332e-06 -4.48484e-05 2.1481 0.000499742 5.0206 71.2286 0.000175051 5534.22 71.2286 0.000175051 5534.22 
6.3 66.6253 0.000423988 5526.47 0 0 0 63.8433 0 0 2.70635e-07 4.26783e-15 2.14143e-06 -0.000105856 0.0277248 0.00112767 5.02034 71.0909 0.000431434 5533.82 71.0909 0.000431434 5533.82 
6.4 66.5029 -0.000231655 5525.41 0 0 0 63.8433 0 0 2.70701e-07 1.13818e-14 2.14077e-06 6.26185e-05 -1.82319 -0.000661385 5.02004 70.9674 -0.000247262 5532.81 70.9674 -0.000247262 5532.81 
6.5 66.4392 4.10331e-06 5525.35 0 0 0 63.8433 0 0 2.70717e-07 -1.78759e-15 2.14045e-06 -1.81249e-06 -2.80656 2.74141e-05 5.02007 70.9106 1.55139e-06 5532.87 70.9106 1.55139e-06 5532.87 
6.6 66.3927 2.56051e-07 5524.96 0 0 0 63.8433 0 0 2.70709e-07 -4.50914e-17 2.13979e-06 3.2984e-07 -2.96475 -1.17562e-05 5.02032 70.8749 6.0272e-07 5532.63 70.8749 6.0272e-07 5532.63 
6.7 66.3577 -3.32642e-06 5525.13 0 0 0 63.8433 0 0 2.7068e-07 2.12399e-17 2.13893e-06 4.93127e-07 -2.83475 3.25556e-06 5.02057 70.8517 -3.69544e-06 5532.96 70.8517 -3.69544e-06 5532.96 
6.8 66.3279 -7.02816e-07 5525.19 0 0 0 63.8433 0 0 2.70588e-07 4.29211e-16 2.13959e-06 2.2338e-07 -1.78448 -5.36535e-06 5.02098 70.8312 -5.63113e-07 5533.14 70.8312 -5.63113e-07 5533.14 
6.9 66.283 -2.30096e-06 5525.47 0 0 0 63.8433 0 0 2.70512e-07 8.14142e-16 2.13972e-06 4.76258e-07 -0.831176 -6.99777e-06 5.02133 70.7911 -2.70303e-06 5533.49 70.7911 -2.70303e-06 5533.49 
7 66.2391 1.45083e-06 5525.29 0 0 0 63.8433 0 0 2.70393e-07 1.12055e-16 2.14007e-06 -3.04522e-07 2.01779 2.81712e-06 5.02176 70.7457 1.46549e-06 5533.33 70.7457 1.46549e-06 5533.33 
7.1 66.1522 -1.39134e-07 5525.92 0 0 0 63.8433 0 0 2.70354e-07 1.0214e-16 2.14024e-06 -9.58785e-08 1.62282 1.58551e-06 5.02184 70.6541 -9.70107e-08 5533.91 70.6541 -9.70109e-08 5533.91 
7.2 66.0633 -8.53058e-07 5526.12 0 0 0 63.8433 0 0 2.70311e-07 -3.48729e-16 2.14063e-06 1.06043e-07 2.25991 -2.26033e-06 5.02187 70.5567 -8.41419e-07 5534.02 70.5567 -8.41419e-07 5534.02 
7.3 65.9645 -8.3537e-07 5526.2 0 0 0 63.8433 0 0 2.70271e-07 -4.27451e-16 2.14099e-06 2.0581e-07 2.43548 -2.71613e-06 5.02179 70.4482 -7.9085e-07 5533.99 70.4482 -7.9085e-07 5533.99 
7.4 65.8647 -6.79288e-07 5526.18 0 0 0 63.8433 0 0 2.70262e-07 -2.1886e-16 2.14111e-06 1.51795e-07 2.2114 -1.3317e-06 5.02163 70.3399 -6.22873e-07 5533.86 70.3399 -6.22873e-07 5533.86 
7.5 65.7693 -3.94402e-07 5525.77 0 0 0 63.8433 0 0 2.70278e-07 -3.07935e-17 2.1413e-06 5.70538e-08 1.85998 -4.86771e-07 5.02138 70.2389 -3.49956e-07 5533.35 70.2389 -3.49955e-07 5533.35 
7.6 65.6988 6.91204e-09 5525.79 0 0 0 63.8433 0 0 2.70299e-07 2.79079e-17 2.14123e-06 1.64349e-08 1.07947 6.85933e-08 5.02126 70.1671 2.51482e-08 5533.31 70.1671 2.51482e-08 5533.31 
7.7 65.6503 9.0672e-08 5525.89 0 0 0 63.8433 0 0 2.70311e-07 5.07335e-17 2.14096e-06 1.0241e-08 0.382727 8.06442e-08 5.0212 70.1206 9.60203e-08 5533.38 70.1206 9.60198e-08 5533.38 
7.8 65.617 7.30765e-08 5525.73 0 0 0 63.8433 0 0 2.70331e-07 7.15127e-17 2.1407e-06 1.00525e-08 -0.126067 3.89068e-08 5.02118 70.0915 7.6827e-08 5533.22 70.0915 7.68265e-08 5533.22 
7.9 65.5956 2.19034e-08 5525.68 0 0 0 63.8433 0 0 2.70346e-07 8.10182e-17 2.14046e-06 1.29384e-08 -0.488318 -1.70413e-08 5.02122 70.0754 2.40708e-08 5533.18 70.0754 2.40703e-08 5533.18 
8 65.587 6.60246e-11 5525.59 0 0 0 63.8433 0 0 2.70353e-07 8.76087e-17 2.14019e-06 1.31444e-08 -0.630116 -3.92336e-08 5.0213 70.0727 1.97887e-09 5533.12 70.0727 1.9791e-09 5533.12 
8.1 65.5967 2.77109e-09 5525.72 0 0 0 63.8433 0 0 2.70352e-07 9.1281e-17 2.14003e-06 1.05635e-08 -0.517974 -2.03252e-08 5.02139 70.0878 5.55596e-09 5533.27 70.0878 5.55523e-09 5533.27 
8.2 65.5954 4.61451e-09 5525.63 0 0 0 63.8433 0 0 2.70343e-07 9.50163e-17 2.1399e-06 6.69993e-09 -0.35893 -8.86278e-09 5.02153 70.0906 8.70702e-09 5533.21 70.0906 8.70692e-09 5533.21 
8.3 65.5995 -1.12837e-08 5525.8 0 0 0 63.8433 0 0 2.70332e-07 9.56392e-17 2.1399e-06 6.95483e-09 -0.261062 -1.78142e-08 5.02161 70.0967 -8.19139e-09 5533.41 70.0967 -8.1916e-09 5533.41 
8.4 65.6105 -2.02631e-09 5525.78 0 0 0 63.8433 0 0 2.70317e-07 9.44972e-17 2.13996e-06 4.55822e-09 0.238649 2.10838e-08 5.02168 70.1095 -5.79353e-10 5533.39 70.1095 -5.79491e-10 5533.39 
8.5 65.6132 2.98601e-08 5525.81 0 0 0 63.8433 0 0 2.70306e-07 8.95381e-17 2.14006e-06 4.92821e-10 0.507314 7.17848e-08 5.02171 70.1122 2.89735e-08 5533.41 70.1122 2.89735e-08 5533.41 
8.6 65.6166 4.48572e-08 5525.95 0 0 0 63.8433 0 0 2.70302e-07 8.20782e-17 2.14015e-06 8.54634e-10 0.637109 6.2274e-08 5.02171 70.1151 4.28567e-08 5533.53 70.1151 4.28566e-08 5533.53 
8.7 65.6169 3.46689e-08 5525.95 0 0 0 63.8433 0 0 2.70304e-07 7.19648e-17 2.14023e-06 7.51948e-09 0.708455 -1.19324e-08 5.02167 70.1144 3.15451e-08 5533.49 70.1144 3.15455e-08 5533.49 
