0 0.221264 0 0 -0 0 0 0 0 0 0 0 0 
0.1 0.221264 1.01616e-38 -0.000945634 4.57265e-40 7.53848e-05 1.07013e-37 0 0 -0.0185344 4.67575e-39 -0.00125458 2.81382e-43 
0.2 0.221264 1.01616e-38 -0.00353165 9.24391e-40 0.000214198 1.07005e-37 0 0 -0.0320392 4.72282e-39 -0.00132945 8.70717e-43 
0.3 0.221264 1.01616e-38 -0.00706319 1.35731e-39 0.000278019 1.07002e-37 0 0 -0.0371212 3.77071e-39 0.000185108 8.92965e-43 
0.4 0.221264 1.01616e-38 -0.0106551 1.64946e-39 0.000131371 1.0701e-37 0 0 -0.0335375 2.22011e-39 0.00265164 2.374e-43 
0.5 0.221264 1.01616e-38 -0.0135423 1.78471e-39 -0.000299144 1.07033e-37 0 0 -0.0233815 5.38034e-40 0.00532697 2.34461e-44 
0.6 0.221264 1.01616e-38 -0.0152126 1.75715e-39 -0.000930561 1.07067e-37 0 0 -0.00983982 -8.66181e-40 0.00755982 1.32067e-42 
0.7 0.221264 1.01616e-38 -0.0155439 1.62329e-39 -0.00182302 1.07116e-37 0 0 0.00272941 -1.3398e-39 0.00831271 3.28339e-42 
0.8 0.221264 1.01616e-38 -0.014813 1.52754e-39 -0.00252951 1.07154e-37 0 0 0.0111011 -7.28476e-40 0.00734145 3.25011e-42 
0.9 0.221264 1.01616e-38 -0.0135145 1.536e-39 -0.00319175 1.07189e-37 0 0 0.0140628 7.85783e-40 0.00493638 -7.02142e-43 
1 0.221264 1.01616e-38 -0.012188 1.74309e-39 -0.00347876 1.07206e-37 0 0 0.0117666 2.94381e-39 0.00150958 -8.23538e-42 
1.1 0.221264 1.01616e-38 -0.0112932 2.11971e-39 -0.00343151 1.07205e-37 0 0 0.00578819 5.24022e-39 -0.0021367 -1.60028e-41 
1.2 0.221264 1.01616e-38 -0.0111004 2.76654e-39 -0.00303166 1.07186e-37 0 0 -0.00183537 7.44413e-39 -0.00563643 -2.08696e-41 
1.3 0.221264 1.01616e-38 -0.0116318 3.64186e-39 -0.00228506 1.07148e-37 0 0 -0.00827736 9.11633e-39 -0.00829248 -1.98545e-41 
1.4 0.221264 1.01616e-38 -0.0126896 4.66487e-39 -0.00130914 1.07097e-37 0 0 -0.0124482 1.01177e-38 -0.0098836 -1.3425e-41 
1.5 0.221264 1.01616e-38 -0.0140161 5.63489e-39 -0.000351388 1.07044e-37 0 0 -0.0135738 1.03097e-38 -0.0101887 -3.83129e-42 
1.6 0.221264 1.01616e-38 -0.0152895 6.70241e-39 0.000683026 1.06985e-37 0 0 -0.0114074 9.66445e-39 -0.00916243 5.30295e-42 
1.7 0.221264 1.01616e-38 -0.0162146 7.64298e-39 0.00152043 1.06936e-37 0 0 -0.00686445 8.38926e-39 -0.00713337 1.09785e-41 
1.8 0.221264 1.01616e-38 -0.0166444 8.28e-39 0.00200085 1.06907e-37 0 0 -0.00179844 6.75609e-39 -0.00453385 1.2329e-41 
1.9 0.221264 1.01616e-38 -0.016616 8.85476e-39 0.00229898 1.06888e-37 0 0 0.0021094 4.94067e-39 -0.00164363 1.00954e-41 
2 0.221264 1.01616e-38 -0.0162959 9.25226e-39 0.00232482 1.06885e-37 0 0 0.00400613 3.31602e-39 0.000943082 6.46077e-42 
2.1 0.221264 1.01616e-38 -0.0158646 9.54418e-39 0.00211662 1.06896e-37 0 0 0.00445933 2.37672e-39 0.00243857 3.93752e-42 
2.2 0.221264 1.01616e-38 -0.0154121 9.76804e-39 0.00188294 1.06909e-37 0 0 0.00457303 2.48408e-39 0.00226768 3.69147e-42 
2.3 0.221264 1.01616e-38 -0.0149593 1.00636e-38 0.00172018 1.06918e-37 0 0 0.00441335 3.33965e-39 0.000905794 4.84934e-42 
2.4 0.221264 1.01616e-38 -0.0145497 1.04789e-38 0.0017337 1.06916e-37 0 0 0.0036623 4.49537e-39 -0.000933796 6.84591e-42 
2.5 0.221264 1.01616e-38 -0.0142537 1.10379e-38 0.00195043 1.06902e-37 0 0 0.00213897 5.53039e-39 -0.00258134 9.52438e-42 
2.6 0.221264 1.01616e-38 -0.0141433 1.15876e-38 0.00224916 1.06883e-37 0 0 2.15155e-05 6.10794e-39 -0.00350079 1.2343e-41 
2.7 0.221264 1.01616e-38 -0.0142425 1.22123e-38 0.00261514 1.06859e-37 0 0 -0.00187309 6.19179e-39 -0.0036343 1.45585e-41 
2.8 0.221264 1.01616e-38 -0.0144724 1.2764e-38 0.00293197 1.06838e-37 0 0 -0.00250638 6.03425e-39 -0.00338342 1.60773e-41 
2.9 0.221264 1.01616e-38 -0.0146941 1.33503e-38 0.00324716 1.06817e-37 0 0 -0.00175625 5.75507e-39 -0.00293876 1.69063e-41 
3 0.221264 1.01616e-38 -0.0147964 1.39045e-38 0.0035081 1.06798e-37 0 0 -0.000230552 5.32456e-39 -0.00225298 1.67518e-41 
3.1 0.221264 1.01616e-38 -0.0147222 1.44351e-38 0.00369316 1.06784e-37 0 0 0.0016458 4.76008e-39 -0.00135369 1.5514e-41 
3.2 0.221264 1.01616e-38 -0.0144728 1.48789e-38 0.00378641 1.06776e-37 0 0 0.00328078 4.31663e-39 -0.000647177 1.42488e-41 
3.3 0.221264 1.01616e-38 -0.0140882 1.53098e-38 0.00382025 1.06772e-37 0 0 0.00427964 3.96496e-39 -8.68505e-05 1.3041e-41 
3.4 0.221264 1.01616e-38 -0.013648 1.56917e-38 0.0037968 1.06772e-37 0 0 0.00438499 3.63192e-39 0.000443783 1.17146e-41 
3.5 0.221264 1.01616e-38 -0.0132388 1.60356e-38 0.00372075 1.06775e-37 0 0 0.00370057 3.30911e-39 0.000958115 1.02946e-41 
3.6 0.221264 1.01616e-38 -0.0129237 1.63417e-38 0.00360076 1.0678e-37 0 0 0.0025675 3.03206e-39 0.00139951 8.96831e-42 
3.7 0.221264 1.01616e-38 -0.0127238 1.66463e-38 0.00343798 1.06789e-37 0 0 0.00147715 2.8811e-39 0.00164002 8.06613e-42 
3.8 0.221264 1.01616e-38 -0.0126141 1.69527e-38 0.00326597 1.06798e-37 0 0 0.000790212 2.91211e-39 0.00159063 7.78953e-42 
3.9 0.221264 1.01616e-38 -0.0125511 1.72132e-38 0.00313923 1.06805e-37 0 0 0.000515989 3.05401e-39 0.00136458 7.88785e-42 
4 0.221264 1.01616e-38 -0.0124997 1.75111e-38 0.00302396 1.06811e-37 0 0 0.000553927 3.23264e-39 0.00108006 8.12361e-42 
4.1 0.221264 1.01616e-38 -0.0124267 1.7849e-38 0.00292453 1.06816e-37 0 0 0.000904152 3.38854e-39 0.000831745 8.32032e-42 
4.2 0.221264 1.01616e-38 -0.0123175 1.82017e-38 0.00285443 1.06819e-37 0 0 0.00126662 3.54661e-39 0.00057999 8.57488e-42 
4.3 0.221264 1.01616e-38 -0.0121794 1.85584e-38 0.00280386 1.06821e-37 0 0 0.00146484 3.61103e-39 0.000477385 8.60255e-42 
4.4 0.221264 1.01616e-38 -0.0120321 1.89122e-38 0.00275351 1.06822e-37 0 0 0.00145455 3.55924e-39 0.000559876 8.30572e-42 
4.5 0.221264 1.01616e-38 -0.0118941 1.9271e-38 0.00268532 1.06825e-37 0 0 0.00128627 3.42835e-39 0.000768335 7.75744e-42 
4.6 0.221264 1.01616e-38 -0.0117781 1.96551e-38 0.00257694 1.06831e-37 0 0 0.00102697 3.25567e-39 0.00104334 7.05064e-42 
4.7 0.221264 1.01616e-38 -0.0116894 1.99707e-38 0.00245167 1.06838e-37 0 0 0.000745985 3.07828e-39 0.00132583 6.29259e-42 
4.8 0.221264 1.01616e-38 -0.0116284 2.02174e-38 0.00232875 1.06845e-37 0 0 0.000475735 2.92233e-39 0.00157418 5.56408e-42 
4.9 0.221264 1.01616e-38 -0.0115937 2.0538e-38 0.00213806 1.06856e-37 0 0 0.000221261 2.80121e-39 0.00176705 4.90772e-42 
5 0.221264 1.01616e-38 -0.0115833 2.08356e-38 0.00193865 1.06868e-37 0 0 -9.76598e-06 2.73213e-39 0.00187703 4.3627e-42 
5.1 0.221264 1.01616e-38 -0.0115943 2.10418e-38 0.00179595 1.06876e-37 0 0 -0.000208069 2.72862e-39 0.00188263 3.94738e-42 
5.2 0.221264 1.01616e-38 -0.011617 2.13267e-38 0.00160102 1.06888e-37 0 0 -0.000315057 2.76462e-39 0.00182532 3.60066e-42 
5.3 0.221264 1.01616e-38 -0.0116591 2.15982e-38 0.00143333 1.06899e-37 0 0 -0.000526576 2.87094e-39 0.00165607 3.36962e-42 
5.4 0.221264 1.01616e-38 -0.011724 2.1951e-38 0.00125149 1.0691e-37 0 0 -0.000775796 3.01195e-39 0.00143162 3.19376e-42 
5.5 0.221264 1.01616e-38 -0.0118148 2.22487e-38 0.00113064 1.06917e-37 0 0 -0.00104077 3.16638e-39 0.00118581 3.05095e-42 
5.6 0.221264 1.01616e-38 -0.0119319 2.25619e-38 0.00103152 1.06923e-37 0 0 -0.00129831 3.3171e-39 0.000945928 2.93177e-42 
5.7 0.221264 1.01616e-38 -0.0120732 2.28707e-38 0.000956945 1.06927e-37 0 0 -0.00152017 3.45336e-39 0.000729053 2.83293e-42 
5.8 0.221264 1.01616e-38 -0.0122334 2.33083e-38 0.000881273 1.06932e-37 0 0 -0.00168098 3.5699e-39 0.000543581 2.75455e-42 
5.9 0.221264 1.01616e-38 -0.0124061 2.36194e-38 0.00084393 1.06934e-37 0 0 -0.00177067 3.66688e-39 0.000389237 2.69751e-42 
6 0.221264 1.01616e-38 -0.0125844 2.39969e-38 0.000812719 1.06935e-37 0 0 -0.00179134 3.7485e-39 0.000259348 2.66407e-42 
6.1 0.221264 1.01616e-38 -0.0127621 2.43249e-38 0.000795988 1.06936e-37 0 0 -0.00175674 3.82099e-39 0.000143989 2.6579e-42 
6.2 0.221264 1.01616e-38 -0.0129262 2.47158e-38 0.000783346 1.06936e-37 0 0 -0.00161207 3.87471e-39 5.84925e-05 2.65927e-42 
6.3 0.221264 1.01616e-38 -0.0130848 2.51309e-38 0.00078537 1.06936e-37 0 0 -0.00156073 3.96428e-39 -8.40465e-05 2.73361e-42 
6.4 0.221264 1.01616e-38 -0.0132387 2.5556e-38 0.000803847 1.06934e-37 0 0 -0.00151849 4.05881e-39 -0.000234492 2.8632e-42 
6.5 0.221264 1.01616e-38 -0.0133885 2.6008e-38 0.000841348 1.06931e-37 0 0 -0.00147712 4.15843e-39 -0.000393026 3.05554e-42 
6.6 0.221264 1.01616e-38 -0.0135337 2.63334e-38 0.000879381 1.06928e-37 0 0 -0.00142461 4.26083e-39 -0.000555997 3.31602e-42 
6.7 0.221264 1.01616e-38 -0.0136727 2.69014e-38 0.000966168 1.06922e-37 0 0 -0.0013528 4.36134e-39 -0.000715955 3.64588e-42 
6.8 0.221264 1.01616e-38 -0.0138033 2.72448e-38 0.00102996 1.06917e-37 0 0 -0.00125842 4.45558e-39 -0.000865946 4.04251e-42 
6.9 0.221264 1.01616e-38 -0.0139233 2.7712e-38 0.00112817 1.0691e-37 0 0 -0.0011403 4.5397e-39 -0.000999845 4.49926e-42 
7 0.221264 1.01616e-38 -0.0140305 2.81913e-38 0.00124039 1.06901e-37 0 0 -0.00100068 4.60996e-39 -0.00111168 5.00495e-42 
7.1 0.221264 1.01616e-38 -0.0141228 2.85762e-38 0.00133681 1.06894e-37 0 0 -0.000844771 4.66335e-39 -0.00119665 5.54361e-42 
7.2 0.221264 1.01616e-38 -0.0141935 2.90623e-38 0.00145999 1.06885e-37 0 0 -0.000633312 4.67997e-39 -0.00122311 6.04977e-42 
7.3 0.221264 1.01616e-38 -0.01425 2.95841e-38 0.00160073 1.06874e-37 0 0 -0.000498681 4.72741e-39 -0.00129864 6.64398e-42 
7.4 0.221264 1.01616e-38 -0.014293 3.00864e-38 0.00174119 1.06863e-37 0 0 -0.000361294 4.75218e-39 -0.00133807 7.23553e-42 
7.5 0.221264 1.01616e-38 -0.0143219 3.05896e-38 0.00188333 1.06852e-37 0 0 -0.000213723 4.75611e-39 -0.00134433 7.80445e-42 
7.6 0.221264 1.01616e-38 -0.0143349 3.09916e-38 0.00199597 1.06844e-37 0 0 -4.5004e-05 4.74077e-39 -0.0013199 8.33169e-42 
7.7 0.221264 1.01616e-38 -0.0143297 3.14995e-38 0.00213436 1.06833e-37 0 0 0.000150905 4.70995e-39 -0.00127083 8.80676e-42 
7.8 0.221264 1.01616e-38 -0.014304 3.20364e-38 0.00227455 1.06821e-37 0 0 0.000364394 4.6696e-39 -0.00120659 9.22969e-42 
7.9 0.221264 1.01616e-38 -0.0142567 3.24618e-38 0.00238 1.06813e-37 0 0 0.000582839 4.62366e-39 -0.00113343 9.60124e-42 
8 0.221264 1.01616e-38 -0.0141879 3.2883e-38 0.00247883 1.06804e-37 0 0 0.000792615 4.57439e-39 -0.00105497 9.92319e-42 
8.1 0.221264 1.01616e-38 -0.0140991 3.32575e-38 0.00256185 1.06797e-37 0 0 0.00098169 4.52371e-39 -0.000974265 1.0199e-41 
8.2 0.221264 1.01616e-38 -0.0139894 3.37534e-38 0.00265856 1.06789e-37 0 0 0.00116743 4.44216e-39 -0.000844402 1.03278e-41 
8.3 0.221264 1.01616e-38 -0.0138669 3.42182e-38 0.00274362 1.06781e-37 0 0 0.00127657 4.40698e-39 -0.000788373 1.0548e-41 
8.4 0.221264 1.01616e-38 -0.0137354 3.46782e-38 0.00282178 1.06774e-37 0 0 0.00135139 4.36605e-39 -0.000723181 1.07235e-41 
8.5 0.221264 1.01616e-38 -0.0135976 3.50197e-38 0.00287494 1.06768e-37 0 0 0.00140193 4.31447e-39 -0.000641031 1.08347e-41 
8.6 0.221264 1.01616e-38 -0.0134556 3.54691e-38 0.00293642 1.06762e-37 0 0 0.00143821 4.24764e-39 -0.000534601 1.08592e-41 
8.7 0.221264 1.01616e-38 -0.0133102 3.59104e-38 0.00298487 1.06757e-37 0 0 0.00146899 4.16485e-39 -0.000402721 1.07847e-41 
8.8 0.221264 1.01616e-38 -0.013162 3.63414e-38 0.00301703 1.06753e-37 0 0 0.00149458 4.0695e-39 -0.00025086 1.06148e-41 
8.9 0.221264 1.01616e-38 -0.0130117 3.67613e-38 0.00303141 1.0675e-37 0 0 0.00151133 3.96523e-39 -8.47664e-05 1.03576e-41 
9 0.221264 1.01616e-38 -0.0128605 3.71693e-38 0.00302681 1.06749e-37 0 0 0.00151214 3.85558e-39 8.98913e-05 1.00246e-41 
9.1 0.221264 1.01616e-38 -0.0127104 3.75652e-38 0.00300299 1.06749e-37 0 0 0.00148928 3.74631e-39 0.000263933 9.63729e-42 
9.2 0.221264 1.01616e-38 -0.0125641 3.79496e-38 0.00296097 1.0675e-37 0 0 0.00143709 3.64321e-39 0.000428159 9.22049e-42 
9.3 0.221264 1.01616e-38 -0.0124246 3.82701e-38 0.002912 1.06753e-37 0 0 0.00135317 3.54984e-39 0.000576876 8.79268e-42 
9.4 0.221264 1.01616e-38 -0.0122951 3.85675e-38 0.00285566 1.06756e-37 0 0 0.00124011 3.46868e-39 0.000706159 8.36961e-42 
9.5 0.221264 1.01616e-38 -0.0121786 3.91032e-38 0.00273073 1.06763e-37 0 0 0.00109812 3.40122e-39 0.000813599 7.9621e-42 
9.6 0.221264 1.01616e-38 -0.0120773 3.93435e-38 0.00266533 1.06767e-37 0 0 0.000934583 3.34764e-39 0.00089894 7.5753e-42 
9.7 0.221264 1.01616e-38 -0.0119929 3.95823e-38 0.00259743 1.06771e-37 0 0 0.00075571 3.30717e-39 0.0009634 7.21109e-42 
9.8 0.221264 1.01616e-38 -0.0119267 3.99383e-38 0.00249084 1.06777e-37 0 0 0.000569268 3.27933e-39 0.00100774 6.87105e-42 
9.9 0.221264 1.01616e-38 -0.0118791 4.03855e-38 0.00234998 1.06786e-37 0 0 0.000382235 3.26212e-39 0.00103514 6.55259e-42 
10 0.221264 1.01616e-38 -0.0118499 4.05965e-38 0.00228185 1.06791e-37 0 0 0.000200553 3.25441e-39 0.00104743 6.25429e-42 
10.1 0.221264 1.01616e-38 -0.0118386 4.09464e-38 0.00216992 1.06798e-37 0 0 2.54803e-05 3.25506e-39 0.00104639 5.97444e-42 
10.2 0.221264 1.01616e-38 -0.0118443 4.12238e-38 0.00208163 1.06804e-37 0 0 -0.00013833 3.26395e-39 0.00103224 5.71365e-42 
10.3 0.221264 1.01616e-38 -0.0118656 4.17822e-38 0.00191081 1.06815e-37 0 0 -0.00028997 3.28102e-39 0.00100506 5.47302e-42 
10.4 0.221264 1.01616e-38 -0.0119013 4.20642e-38 0.00182995 1.0682e-37 0 0 -0.000427376 3.30673e-39 0.000964115 5.25398e-42 
10.5 0.221264 1.01616e-38 -0.0119499 4.23491e-38 0.00175349 1.06825e-37 0 0 -0.000550469 3.34131e-39 0.000909057 5.05741e-42 
10.6 0.221264 1.01616e-38 -0.0120101 4.26371e-38 0.00168214 1.0683e-37 0 0 -0.000657945 3.38493e-39 0.000839608 4.88619e-42 
10.7 0.221264 1.01616e-38 -0.0120803 4.28959e-38 0.00162472 1.06833e-37 0 0 -0.000748861 3.4376e-39 0.000755749 4.74595e-42 
10.8 0.221264 1.01616e-38 -0.0121585 4.33341e-38 0.00153937 1.06839e-37 0 0 -0.000820343 3.49878e-39 0.000658339 4.63901e-42 
10.9 0.221264 1.01616e-38 -0.0122432 4.36927e-38 0.00148299 1.06842e-37 0 0 -0.000872978 3.56774e-39 0.000548538 4.56589e-42 
11 0.221264 1.01616e-38 -0.0123319 4.40591e-38 0.00143898 1.06845e-37 0 0 -0.000905712 3.64233e-39 0.000429778 4.52809e-42 
11.1 0.221264 1.01616e-38 -0.0124226 4.4433e-38 0.00140703 1.06847e-37 0 0 -0.00091772 3.72074e-39 0.000304936 4.52734e-42 
11.2 0.221264 1.01616e-38 -0.0125135 4.48153e-38 0.00138841 1.06847e-37 0 0 -0.000909946 3.80099e-39 0.000177183 4.56345e-42 
11.3 0.221264 1.01616e-38 -0.0126026 4.52057e-38 0.00138268 1.06847e-37 0 0 -0.000883141 3.88042e-39 5.07161e-05 4.63647e-42 
11.4 0.221264 1.01616e-38 -0.0126883 4.56038e-38 0.0013893 1.06846e-37 0 0 -0.000838551 3.9573e-39 -7.16838e-05 4.74672e-42 
11.5 0.221264 1.01616e-38 -0.0127687 4.60093e-38 0.00140754 1.06844e-37 0 0 -0.000778353 4.0299e-39 -0.000187267 4.89305e-42 
11.6 0.221264 1.01616e-38 -0.0128425 4.629e-38 0.00142552 1.06842e-37 0 0 -0.000702661 4.09706e-39 -0.0002942 5.07297e-42 
11.7 0.221264 1.01616e-38 -0.0129085 4.66951e-38 0.00146037 1.06838e-37 0 0 -0.000618804 4.15677e-39 -0.000389273 5.28072e-42 
11.8 0.221264 1.01616e-38 -0.0129657 4.71896e-38 0.00151301 1.06833e-37 0 0 -0.000524145 4.20928e-39 -0.000472869 5.51419e-42 
11.9 0.221264 1.01616e-38 -0.0130131 4.80714e-38 0.00162828 1.06822e-37 0 0 -0.000424488 4.25369e-39 -0.000543589 5.76776e-42 
12 0.221264 1.01616e-38 -0.0130503 4.80714e-38 0.00162828 1.06822e-37 0 0 -0.000322777 4.29014e-39 -0.000601621 6.03496e-42 
12.1 0.221264 1.01616e-38 -0.0130774 4.83608e-38 0.00167072 1.06818e-37 0 0 -0.000219288 4.31894e-39 -0.000647482 6.31426e-42 
12.2 0.221264 1.01616e-38 -0.0130944 4.92346e-38 0.00180675 1.06806e-37 0 0 -0.000119957 4.33966e-39 -0.000680479 6.59799e-42 
12.3 0.221264 1.01616e-38 -0.0131018 4.92346e-38 0.00180675 1.06806e-37 0 0 -2.47937e-05 4.353e-39 -0.00070171 6.88002e-42 
12.4 0.221264 1.01616e-38 -0.0131002 4.97611e-38 0.00189178 1.06798e-37 0 0 6.2423e-05 4.35903e-39 -0.000711314 7.15559e-42 
12.5 0.221264 1.01616e-38 -0.0130903 5.02889e-38 0.00197901 1.0679e-37 0 0 0.00014218 4.35793e-39 -0.000709561 7.41976e-42 
12.6 0.221264 1.01616e-38 -0.0130728 5.08141e-38 0.00206216 1.06782e-37 0 0 0.000213652 4.34994e-39 -0.00069685 7.66705e-42 
12.7 0.221264 1.01616e-38 -0.0130486 5.11029e-38 0.00210517 1.06777e-37 0 0 0.000275025 4.33543e-39 -0.000673731 7.89376e-42 
12.8 0.221264 1.01616e-38 -0.0130186 5.13923e-38 0.00214913 1.06773e-37 0 0 0.000326463 4.31462e-39 -0.000640593 8.09623e-42 
12.9 0.221264 1.01616e-38 -0.012984 5.19098e-38 0.00222275 1.06766e-37 0 0 0.000367062 4.28789e-39 -0.000598029 8.26891e-42 
13 0.221264 1.01616e-38 -0.0129458 5.2423e-38 0.00228958 1.06759e-37 0 0 0.000397209 4.25614e-39 -0.000547464 8.40998e-42 
13.1 0.221264 1.01616e-38 -0.0129052 5.29308e-38 0.00234794 1.06752e-37 0 0 0.000418083 4.22035e-39 -0.000490478 8.51806e-42 
13.2 0.221264 1.01616e-38 -0.0128633 5.32508e-38 0.00238047 1.06749e-37 0 0 0.000427213 4.18063e-39 -0.000427219 8.59088e-42 
13.3 0.221264 1.01616e-38 -0.0128207 5.35685e-38 0.00240932 1.06745e-37 0 0 0.000426382 4.13774e-39 -0.000358909 8.6297e-42 
13.4 0.221264 1.01616e-38 -0.0127786 5.41645e-38 0.00245198 1.0674e-37 0 0 0.000417524 4.09318e-39 -0.000287931 8.6369e-42 
13.5 0.221264 1.01616e-38 -0.0127379 5.47205e-38 0.00247861 1.06736e-37 0 0 0.000400149 4.0477e-39 -0.000215502 8.61389e-42 
13.6 0.221264 1.01616e-38 -0.0126995 5.52135e-38 0.00249092 1.06733e-37 0 0 0.000374586 4.00233e-39 -0.000143243 8.56421e-42 
13.7 0.221264 1.01616e-38 -0.012664 5.52135e-38 0.00249092 1.06733e-37 0 0 0.000342889 3.95775e-39 -7.22344e-05 8.49048e-42 
13.8 0.221264 1.01616e-38 -0.0126318 5.56997e-38 0.00249237 1.06732e-37 0 0 0.000305709 3.91446e-39 -3.28551e-06 8.39554e-42 
13.9 0.221264 1.01616e-38 -0.0126036 5.61216e-38 0.00248587 1.06731e-37 0 0 0.000263875 3.873e-39 6.27455e-05 8.28254e-42 
14 0.221264 1.01616e-38 -0.0125796 5.65384e-38 0.00247124 1.06731e-37 0 0 0.000217779 3.83381e-39 0.000125165 8.15447e-42 
14.1 0.221264 1.01616e-38 -0.0125605 5.69511e-38 0.00245019 1.06731e-37 0 0 0.000168084 3.79735e-39 0.000183225 8.01331e-42 
14.2 0.221264 1.01616e-38 -0.0125469 5.71531e-38 0.00243739 1.06731e-37 0 0 0.000117373 3.76467e-39 0.000235276 7.86057e-42 
14.3 0.221264 1.01616e-38 -0.0125382 5.7546e-38 0.00240842 1.06732e-37 0 0 6.70032e-05 3.73563e-39 0.000281527 7.70623e-42 
14.4 0.221264 1.01616e-38 -0.0125342 5.78583e-38 0.0023821 1.06733e-37 0 0 1.65454e-05 3.70993e-39 0.000322471 7.54899e-42 
14.5 0.221264 1.01616e-38 -0.0125351 5.81689e-38 0.00235298 1.06735e-37 0 0 -3.28922e-05 3.68789e-39 0.000357577 7.39037e-42 
14.6 0.221264 1.01616e-38 -0.0125407 5.87813e-38 0.00228993 1.06738e-37 0 0 -7.98835e-05 3.6699e-39 0.000386219 7.23293e-42 
14.7 0.221264 1.01616e-38 -0.0125508 5.91138e-38 0.00225234 1.0674e-37 0 0 -0.000124472 3.65612e-39 0.000408166 7.07871e-42 
14.8 0.221264 1.01616e-38 -0.0125652 5.94457e-38 0.00221396 1.06742e-37 0 0 -0.000164966 3.64678e-39 0.000423053 6.92986e-42 
14.9 0.221264 1.01616e-38 -0.0125835 5.97772e-38 0.00217494 1.06745e-37 0 0 -0.00020171 3.64165e-39 0.000431213 6.7875e-42 
15 0.221264 1.01616e-38 -0.0126052 6.01086e-38 0.00213578 1.06747e-37 0 0 -0.000234278 3.64072e-39 0.000432701 6.65301e-42 
15.1 0.221264 1.01616e-38 -0.0126299 6.04402e-38 0.00209678 1.06749e-37 0 0 -0.000262097 3.64398e-39 0.000427511 6.52794e-42 
15.2 0.221264 1.01616e-38 -0.0126572 6.0809e-38 0.00205519 1.06752e-37 0 0 -0.000285302 3.6511e-39 0.000416164 6.41331e-42 
15.3 0.221264 1.01616e-38 -0.0126865 6.11781e-38 0.0020141 1.06754e-37 0 0 -0.000303598 3.66177e-39 0.000399179 6.30947e-42 
15.4 0.221264 1.01616e-38 -0.0127175 6.15488e-38 0.00197557 1.06756e-37 0 0 -0.000317033 3.67579e-39 0.000376853 6.21751e-42 
15.5 0.221264 1.01616e-38 -0.0127495 6.19213e-38 0.00193986 1.06758e-37 0 0 -0.000325535 3.69294e-39 0.000349533 6.13856e-42 
15.6 0.221264 1.01616e-38 -0.0127821 6.22958e-38 0.00190729 1.0676e-37 0 0 -0.000329169 3.71286e-39 0.000317819 6.07303e-42 
15.7 0.221264 1.01616e-38 -0.0128148 6.26724e-38 0.00187818 1.06762e-37 0 0 -0.000328179 3.73499e-39 0.000282574 6.0208e-42 
15.8 0.221264 1.01616e-38 -0.0128472 6.30116e-38 0.00185561 1.06763e-37 0 0 -0.000321449 3.75906e-39 0.000244236 5.98239e-42 
15.9 0.221264 1.01616e-38 -0.0128788 6.33864e-38 0.00183419 1.06764e-37 0 0 -0.000312075 3.78447e-39 0.000203765 5.95786e-42 
16 0.221264 1.01616e-38 -0.0129093 6.37636e-38 0.00181666 1.06764e-37 0 0 -0.000298568 3.81098e-39 0.000161546 5.94756e-42 
16.1 0.221264 1.01616e-38 -0.0129381 6.41437e-38 0.0018036 1.06764e-37 0 0 -0.000280486 3.83828e-39 0.000118067 5.95157e-42 
16.2 0.221264 1.01616e-38 -0.012965 6.45264e-38 0.00179484 1.06764e-37 0 0 -0.000259548 3.86565e-39 7.44797e-05 5.96933e-42 
16.3 0.221264 1.01616e-38 -0.0129897 6.51421e-38 0.00178958 1.06763e-37 0 0 -0.000235356 3.89297e-39 3.09817e-05 6.00094e-42 
16.4 0.221264 1.01616e-38 -0.013012 6.54361e-38 0.00179082 1.06762e-37 0 0 -0.000209302 3.91962e-39 -1.14658e-05 6.04545e-42 
16.5 0.221264 1.01616e-38 -0.0130314 6.60286e-38 0.00180037 1.0676e-37 0 0 -0.000180579 3.94572e-39 -5.3024e-05 6.10309e-42 
16.6 0.221264 1.01616e-38 -0.0130478 6.65655e-38 0.00181496 1.06757e-37 0 0 -0.000149638 3.97127e-39 -9.3729e-05 6.17393e-42 
16.7 0.221264 1.01616e-38 -0.0130615 6.65655e-38 0.00181496 1.06757e-37 0 0 -0.000123127 3.99031e-39 -0.000124039 6.24407e-42 
16.8 0.221264 1.01616e-38 -0.0130724 6.69709e-38 0.00183015 1.06755e-37 0 0 -9.14013e-05 4.0105e-39 -0.000156194 6.32832e-42 
16.9 0.221264 1.01616e-38 -0.0130803 6.72419e-38 0.00184149 1.06753e-37 0 0 -6.80523e-05 4.02151e-39 -0.000173738 6.40541e-42 
17 0.221264 1.01616e-38 -0.0130852 6.7718e-38 0.00186417 1.0675e-37 0 0 -3.06829e-05 4.04063e-39 -0.00020419 6.50633e-42 
17.1 0.221264 1.01616e-38 -0.0130858 6.81054e-38 0.00188603 1.06747e-37 0 0 8.18524e-06 4.05887e-39 -0.000233242 6.61814e-42 
17.2 0.221264 1.01616e-38 -0.0130828 6.85623e-38 0.00191456 1.06744e-37 0 0 4.4362e-05 4.07493e-39 -0.000258814 6.73586e-42 
17.3 0.221264 1.01616e-38 -0.0130766 6.90208e-38 0.00194564 1.0674e-37 0 0 7.57941e-05 4.08805e-39 -0.000279711 6.85597e-42 
17.4 0.221264 1.01616e-38 -0.0130676 6.94807e-38 0.00197888 1.06736e-37 0 0 0.000104835 4.09866e-39 -0.00029661 6.97832e-42 
17.5 0.221264 1.01616e-38 -0.0130559 6.97108e-38 0.00199579 1.06733e-37 0 0 0.000128908 4.1049e-39 -0.00030654 7.097e-42 
17.6 0.221264 1.01616e-38 -0.0130423 7.01157e-38 0.00202596 1.0673e-37 0 0 0.000145799 4.10434e-39 -0.000305661 7.20422e-42 
17.7 0.221264 1.01616e-38 -0.0130264 7.05901e-38 0.0020616 1.06725e-37 0 0 0.000172702 4.10767e-39 -0.000310953 7.32003e-42 
17.8 0.221264 1.01616e-38 -0.0130084 7.09974e-38 0.00209173 1.06721e-37 0 0 0.000189426 4.10299e-39 -0.000303512 7.4188e-42 
17.9 0.221264 1.01616e-38 -0.0129889 7.13313e-38 0.0021157 1.06718e-37 0 0 0.000197694 4.09073e-39 -0.000283982 7.4984e-42 
18 0.221264 1.01616e-38 -0.0129691 7.1726e-38 0.00214142 1.06715e-37 0 0 0.000197387 4.0683e-39 -0.000248256 7.54422e-42 
18.1 0.221264 1.01616e-38 -0.0129492 7.21707e-38 0.00216601 1.06711e-37 0 0 0.000200955 4.04517e-39 -0.000211415 7.57313e-42 
18.2 0.221264 1.01616e-38 -0.0129286 7.26305e-38 0.00218724 1.06708e-37 0 0 0.000208952 4.02356e-39 -0.000176996 7.59148e-42 
18.3 0.221264 1.01616e-38 -0.0129069 7.30308e-38 0.00220167 1.06706e-37 0 0 0.000218902 4.00538e-39 -0.000148039 7.6047e-42 
18.4 0.221264 1.01616e-38 -0.0128845 7.33567e-38 0.0022121 1.06704e-37 0 0 0.000226881 3.98967e-39 -0.00012301 7.615e-42 
18.5 0.221264 1.01616e-38 -0.0128615 7.37409e-38 0.00222273 1.06702e-37 0 0 0.000229958 3.97595e-39 -0.000101165 7.6218e-42 
18.6 0.221264 1.01616e-38 -0.0128387 7.43927e-38 0.00223566 1.06698e-37 0 0 0.000226938 3.96332e-39 -8.10475e-05 7.62371e-42 
18.7 0.221264 1.01616e-38 -0.0128167 7.45403e-38 0.00223796 1.06698e-37 0 0 0.000217031 3.9505e-39 -6.06194e-05 7.61723e-42 
18.8 0.221264 1.01616e-38 -0.0127959 7.49666e-38 0.00224276 1.06696e-37 0 0 0.000203825 3.93681e-39 -3.88225e-05 7.60208e-42 
18.9 0.221264 1.01616e-38 -0.012777 7.55317e-38 0.00224396 1.06694e-37 0 0 0.000187716 3.92159e-39 -1.4582e-05 7.57343e-42 
19 0.221264 1.01616e-38 -0.0127594 7.57623e-38 0.00224306 1.06694e-37 0 0 0.000172398 3.90534e-39 1.12991e-05 7.5348e-42 
19.1 0.221264 1.01616e-38 -0.0127433 7.62241e-38 0.00223929 1.06692e-37 0 0 0.000155015 3.88862e-39 3.79373e-05 7.4879e-42 
19.2 0.221264 1.01616e-38 -0.012729 7.65299e-38 0.00223342 1.06692e-37 0 0 0.000141861 3.8715e-39 6.5208e-05 7.42933e-42 
19.3 0.221264 1.01616e-38 -0.0127156 7.69149e-38 0.00222482 1.06692e-37 0 0 0.000128965 3.85493e-39 9.1604e-05 7.36517e-42 
19.4 0.221264 1.01616e-38 -0.0127035 7.72627e-38 0.00221468 1.06692e-37 0 0 0.000118927 3.83962e-39 0.00011598 7.29533e-42 
19.5 0.221264 1.01616e-38 -0.0126923 7.76736e-38 0.00220076 1.06692e-37 0 0 0.000109003 3.82609e-39 0.000137531 7.22285e-42 
19.6 0.221264 1.01616e-38 -0.012682 7.84913e-38 0.0021666 1.06692e-37 0 0 9.87626e-05 3.81444e-39 0.000156095 7.14929e-42 
19.7 0.221264 1.01616e-38 -0.0126725 7.84913e-38 0.0021666 1.06692e-37 0 0 9.0072e-05 3.80528e-39 0.000170674 7.07662e-42 
19.8 0.221264 1.01616e-38 -0.012664 7.89236e-38 0.00214634 1.06693e-37 0 0 8.15777e-05 3.79854e-39 0.000181417 7.00547e-42 
19.9 0.221264 1.01616e-38 -0.0126563 7.93549e-38 0.00212458 1.06694e-37 0 0 7.24083e-05 3.79403e-39 0.0001886 6.93644e-42 
20 0.221264 1.01616e-38 -0.0126495 7.97864e-38 0.00210293 1.06695e-37 0 0 6.31709e-05 3.79178e-39 0.000192178 6.87067e-42 
20.1 0.221264 1.01616e-38 -0.0126436 8.02178e-38 0.00208139 1.06695e-37 0 0 5.52769e-05 3.79215e-39 0.000191597 6.80995e-42 
20.2 0.221264 1.01616e-38 -0.0126383 8.06498e-38 0.00206064 1.06696e-37 0 0 4.88177e-05 3.79479e-39 0.000187387 6.75477e-42 
20.3 0.221264 1.01616e-38 -0.0126336 8.10824e-38 0.00204081 1.06697e-37 0 0 4.3852e-05 3.79922e-39 0.000180332 6.70484e-42 
20.4 0.221264 1.01616e-38 -0.0126294 8.10824e-38 0.00204081 1.06697e-37 0 0 4.04755e-05 3.80517e-39 0.000170851 6.66049e-42 
20.5 0.221264 1.01616e-38 -0.0126254 8.15158e-38 0.00202238 1.06697e-37 0 0 3.84447e-05 3.81233e-39 0.000159448 6.62165e-42 
20.6 0.221264 1.01616e-38 -0.0126215 8.19503e-38 0.00200549 1.06698e-37 0 0 3.7928e-05 3.82056e-39 0.000146344 6.58868e-42 
20.7 0.221264 1.01616e-38 -0.0126176 8.23859e-38 0.00199051 1.06698e-37 0 0 3.86744e-05 3.82962e-39 0.000131913 6.56153e-42 
20.8 0.221264 1.01616e-38 -0.0126136 8.28226e-38 0.00197738 1.06698e-37 0 0 4.0208e-05 3.83929e-39 0.000116518 6.5401e-42 
20.9 0.221264 1.01616e-38 -0.0126095 8.32608e-38 0.00196644 1.06698e-37 0 0 4.2371e-05 3.8495e-39 0.000100248 6.5248e-42 
21 0.221264 1.01616e-38 -0.0126051 8.37003e-38 0.00195774 1.06697e-37 0 0 4.50188e-05 3.86023e-39 8.31513e-05 6.51595e-42 
21.1 0.221264 1.01616e-38 -0.0126004 8.41414e-38 0.00195136 1.06697e-37 0 0 4.7807e-05 3.87153e-39 6.51651e-05 6.51376e-42 
21.2 0.221264 1.01616e-38 -0.0125955 8.41414e-38 0.00195136 1.06697e-37 0 0 5.02251e-05 3.8828e-39 4.72146e-05 6.51725e-42 
21.3 0.221264 1.01616e-38 -0.0125904 8.45838e-38 0.00194727 1.06696e-37 0 0 5.28687e-05 3.89483e-39 2.80456e-05 6.52835e-42 
21.4 0.221264 1.01616e-38 -0.012585 8.52154e-38 0.00194591 1.06695e-37 0 0 5.51527e-05 3.90681e-39 8.9607e-06 6.54556e-42 
21.5 0.221264 1.01616e-38 -0.0125793 8.55324e-38 0.00194712 1.06694e-37 0 0 5.80383e-05 3.91953e-39 -1.1295e-05 6.57075e-42 
21.6 0.221264 1.01616e-38 -0.0125734 8.58504e-38 0.0019499 1.06693e-37 0 0 5.98234e-05 3.93189e-39 -3.09913e-05 6.60207e-42 
21.7 0.221264 1.01616e-38 -0.0125674 8.61683e-38 0.00195264 1.06691e-37 0 0 6.18795e-05 3.94352e-39 -4.95035e-05 6.63792e-42 
21.8 0.221264 1.01616e-38 -0.0125602 8.64885e-38 0.00195894 1.0669e-37 0 0 7.85463e-05 3.96685e-39 -8.66718e-05 6.70726e-42 
21.9 0.221264 1.01616e-38 -0.0125535 8.71291e-38 0.00197196 1.06687e-37 0 0 6.22047e-05 3.96741e-39 -8.75643e-05 6.73676e-42 
22 0.221264 1.01616e-38 -0.0125494 8.73291e-38 0.00197564 1.06686e-37 0 0 4.23981e-05 3.95949e-39 -7.49537e-05 6.74463e-42 
22.1 0.221264 1.01616e-38 -0.0125452 8.78094e-38 0.00198523 1.06684e-37 0 0 4.43585e-05 3.96382e-39 -8.18396e-05 6.77908e-42 
22.2 0.221264 1.01616e-38 -0.0125402 8.81303e-38 0.00199253 1.06682e-37 0 0 5.56674e-05 3.97224e-39 -9.52645e-05 6.82567e-42 
22.3 0.221264 1.01616e-38 -0.0125337 8.86133e-38 0.00200638 1.0668e-37 0 0 7.50691e-05 3.98735e-39 -0.000119331 6.89229e-42 
22.4 0.221264 1.01616e-38 -0.0125256 8.89363e-38 0.00201723 1.06678e-37 0 0 8.59881e-05 3.99974e-39 -0.000139064 6.96135e-42 
22.5 0.221264 1.01616e-38 -0.0125168 8.94222e-38 0.00203563 1.06674e-37 0 0 9.16034e-05 4.01022e-39 -0.000155755 7.03283e-42 
22.6 0.221264 1.01616e-38 -0.0125083 8.973e-38 0.00204728 1.06672e-37 0 0 8.15392e-05 4.01103e-39 -0.00015704 7.08762e-42 
22.7 0.221264 1.01616e-38 -0.0125012 9.0167e-38 0.00206338 1.0667e-37 0 0 6.32404e-05 4.00298e-39 -0.000144227 7.12269e-42 
22.8 0.221264 1.01616e-38 -0.0124956 9.05169e-38 0.00207497 1.06668e-37 0 0 4.90106e-05 3.99157e-39 -0.000126055 7.14588e-42 
22.9 0.221264 1.01616e-38 -0.0124913 9.0914e-38 0.00208591 1.06665e-37 0 0 3.88166e-05 3.97585e-39 -0.000101015 7.15185e-42 
23 0.221264 1.01616e-38 -0.0124872 9.13098e-38 0.0020947 1.06663e-37 0 0 4.31554e-05 3.96337e-39 -8.1126e-05 7.15664e-42 
23.1 0.221264 1.01616e-38 -0.0124822 9.17046e-38 0.00210197 1.06661e-37 0 0 5.73832e-05 3.95495e-39 -6.77099e-05 7.16419e-42 
23.2 0.221264 1.01616e-38 -0.0124755 9.21205e-38 0.00210862 1.0666e-37 0 0 7.67035e-05 3.95091e-39 -6.12878e-05 7.17748e-42 
23.3 0.221264 1.01616e-38 -0.0124668 9.24871e-38 0.00211425 1.06658e-37 0 0 9.42902e-05 3.9504e-39 -6.04673e-05 7.19688e-42 
23.4 0.221264 1.01616e-38 -0.0124566 9.28486e-38 0.00211992 1.06656e-37 0 0 0.00010567 3.9517e-39 -6.25319e-05 7.22052e-42 
23.5 0.221264 1.01616e-38 -0.0124458 9.32661e-38 0.00212664 1.06655e-37 0 0 0.000109371 3.9526e-39 -6.39668e-05 7.24394e-42 
23.6 0.221264 1.01616e-38 -0.0124349 9.37926e-38 0.00213507 1.06652e-37 0 0 0.000108024 3.95213e-39 -6.32218e-05 7.2645e-42 
23.7 0.221264 1.01616e-38 -0.0124243 9.40293e-38 0.00213866 1.06651e-37 0 0 0.000103354 3.94932e-39 -5.87547e-05 7.27911e-42 
23.8 0.221264 1.01616e-38 -0.0124144 9.45025e-38 0.00214513 1.06649e-37 0 0 9.68399e-05 3.94386e-39 -5.00561e-05 7.28573e-42 
23.9 0.221264 1.01616e-38 -0.0124048 9.49745e-38 0.00214985 1.06647e-37 0 0 9.33776e-05 3.9359e-39 -3.73784e-05 7.28334e-42 
24 0.221264 1.01616e-38 -0.0123956 9.521e-38 0.00215137 1.06646e-37 0 0 9.19294e-05 3.92574e-39 -2.11878e-05 7.27128e-42 
24.1 0.221264 1.01616e-38 -0.0123862 9.56087e-38 0.00215252 1.06645e-37 0 0 9.45857e-05 3.9144e-39 -3.12849e-06 7.25093e-42 
24.2 0.221264 1.01616e-38 -0.0123766 9.60062e-38 0.0021518 1.06644e-37 0 0 9.86629e-05 3.90271e-39 1.54978e-05 7.22369e-42 
24.3 0.221264 1.01616e-38 -0.0123665 9.64026e-38 0.0021492 1.06643e-37 0 0 0.000103645 3.89157e-39 3.32461e-05 7.19162e-42 
24.4 0.221264 1.01616e-38 -0.0123559 9.68431e-38 0.00214433 1.06642e-37 0 0 0.000105308 3.88209e-39 4.83462e-05 7.1562e-42 
24.5 0.221264 1.01616e-38 -0.0123455 9.7189e-38 0.00213865 1.06642e-37 0 0 0.000102954 3.87409e-39 6.10969e-05 7.12015e-42 
24.6 0.221264 1.01616e-38 -0.0123354 9.75596e-38 0.00213217 1.06641e-37 0 0 9.77624e-05 3.86789e-39 7.09719e-05 7.08491e-42 
24.7 0.221264 1.01616e-38 -0.0123262 9.81517e-38 0.0021204 1.06641e-37 0 0 8.82727e-05 3.86341e-39 7.81083e-05 7.05083e-42 
24.8 0.221264 1.01616e-38 -0.0123181 9.84475e-38 0.00211406 1.06641e-37 0 0 7.45521e-05 3.86039e-39 8.29133e-05 7.018e-42 
24.9 0.221264 1.01616e-38 -0.0123127 9.89701e-38 0.00210258 1.0664e-37 0 0 5.73712e-05 3.85916e-39 8.4871e-05 6.98753e-42 
25 0.221264 1.01616e-38 -0.0123087 9.92412e-38 0.00209655 1.0664e-37 0 0 3.92891e-05 3.85853e-39 8.58831e-05 6.958e-42 
25.1 0.221264 1.01616e-38 -0.012306 9.95499e-38 0.0020896 1.0664e-37 0 0 2.13261e-05 3.85814e-39 8.65022e-05 6.92878e-42 
25.2 0.221264 1.01616e-38 -0.0123052 9.99318e-38 0.00208102 1.0664e-37 0 0 8.14291e-07 3.85808e-39 8.66046e-05 6.90015e-42 
25.3 0.221264 1.01616e-38 -0.0123062 1.00314e-37 0.00207247 1.0664e-37 0 0 -1.97765e-05 3.85828e-39 8.62825e-05 6.87214e-42 
25.4 0.221264 1.01616e-38 -0.0123091 1.00696e-37 0.00206401 1.0664e-37 0 0 -3.99986e-05 3.85884e-39 8.53868e-05 6.84509e-42 
25.5 0.221264 1.01616e-38 -0.0123141 1.01078e-37 0.00205563 1.06639e-37 0 0 -6.03768e-05 3.85994e-39 8.36312e-05 6.81961e-42 
25.6 0.221264 1.01616e-38 -0.0123212 1.01454e-37 0.00204774 1.06639e-37 0 0 -8.02086e-05 3.86176e-39 8.07362e-05 6.79636e-42 
25.7 0.221264 1.01616e-38 -0.0123303 1.01831e-37 0.00204004 1.06639e-37 0 0 -0.000101733 3.86413e-39 7.69656e-05 6.77531e-42 
25.8 0.221264 1.01616e-38 -0.0123416 1.02585e-37 0.0020264 1.06638e-37 0 0 -0.000123644 3.86717e-39 7.21156e-05 6.75725e-42 
25.9 0.221264 1.01616e-38 -0.012355 1.02585e-37 0.0020264 1.06638e-37 0 0 -0.000145188 3.87097e-39 6.60705e-05 6.74244e-42 
26 0.221264 1.01616e-38 -0.0123706 1.02977e-37 0.00202019 1.06638e-37 0 0 -0.00016631 3.87555e-39 5.87675e-05 6.73127e-42 
26.1 0.221264 1.01616e-38 -0.0123882 1.0337e-37 0.00201458 1.06637e-37 0 0 -0.000186876 3.88107e-39 4.99677e-05 6.72456e-42 
26.2 0.221264 1.01616e-38 -0.0124079 1.03763e-37 0.00201022 1.06637e-37 0 0 -0.000206414 3.88727e-39 4.01042e-05 6.72215e-42 
26.3 0.221264 1.01616e-38 -0.0124294 1.04158e-37 0.00200686 1.06636e-37 0 0 -0.000224164 3.8939e-39 2.9531e-05 6.72396e-42 
26.4 0.221264 1.01616e-38 -0.0124525 1.04553e-37 0.00200461 1.06635e-37 0 0 -0.000240233 3.90078e-39 1.85743e-05 6.72974e-42 
26.5 0.221264 1.01616e-38 -0.012477 1.05344e-37 0.00200349 1.06633e-37 0 0 -0.000253726 3.90773e-39 7.50163e-06 6.73936e-42 
26.6 0.221264 1.01616e-38 -0.0125027 1.05344e-37 0.00200349 1.06633e-37 0 0 -0.000264359 3.91473e-39 -3.64643e-06 6.7528e-42 
26.7 0.221264 1.01616e-38 -0.0125291 1.06044e-37 0.00200611 1.06631e-37 0 0 -0.000271833 3.9215e-39 -1.44387e-05 6.76937e-42 
26.8 0.221264 1.01616e-38 -0.0125563 1.06747e-37 0.00201214 1.06628e-37 0 0 -0.000276145 3.92806e-39 -2.48808e-05 6.78908e-42 
26.9 0.221264 1.01616e-38 -0.0125836 1.06747e-37 0.00201214 1.06628e-37 0 0 -0.000276687 3.93408e-39 -3.44781e-05 6.81098e-42 
27 0.221264 1.01616e-38 -0.0126109 1.07451e-37 0.00202083 1.06625e-37 0 0 -0.000273743 3.93967e-39 -4.33833e-05 6.83524e-42 
27.1 0.221264 1.01616e-38 -0.0126377 1.07451e-37 0.00202083 1.06625e-37 0 0 -0.000267657 3.9448e-39 -5.15597e-05 6.86137e-42 
27.2 0.221264 1.01616e-38 -0.0126637 1.08156e-37 0.00203168 1.06622e-37 0 0 -0.000258293 3.94942e-39 -5.8918e-05 6.88914e-42 
27.3 0.221264 1.01616e-38 -0.0126886 1.08156e-37 0.00203168 1.06622e-37 0 0 -0.000245628 3.95344e-39 -6.53212e-05 6.91802e-42 
27.4 0.221264 1.01616e-38 -0.0127121 1.08862e-37 0.00204432 1.06619e-37 0 0 -0.000229917 3.95671e-39 -7.05361e-05 6.94729e-42 
27.5 0.221264 1.01616e-38 -0.0127339 1.08862e-37 0.00204432 1.06619e-37 0 0 -0.00021125 3.95917e-39 -7.44536e-05 6.97658e-42 
27.6 0.221264 1.01616e-38 -0.0127539 1.09574e-37 0.00205764 1.06616e-37 0 0 -0.000190353 3.96091e-39 -7.72242e-05 7.00574e-42 
27.7 0.221264 1.01616e-38 -0.0127716 1.0993e-37 0.00206494 1.06614e-37 0 0 -0.000165652 3.96301e-39 -8.0567e-05 7.03682e-42 
27.8 0.221264 1.01616e-38 -0.0127868 1.10287e-37 0.00207235 1.06612e-37 0 0 -0.000138291 3.96451e-39 -8.29478e-05 7.0676e-42 
27.9 0.221264 1.01616e-38 -0.012799 1.10519e-37 0.00207748 1.06611e-37 0 0 -0.000108924 3.96581e-39 -8.50267e-05 7.09902e-42 
28 0.221264 1.01616e-38 -0.0128084 1.10939e-37 0.00208593 1.06609e-37 0 0 -8.20188e-05 3.96283e-39 -8.02738e-05 7.12076e-42 
28.1 0.221264 1.01616e-38 -0.0128145 1.11278e-37 0.00209242 1.06607e-37 0 0 -5.30537e-05 3.95902e-39 -7.42035e-05 7.1386e-42 
28.2 0.221264 1.01616e-38 -0.0128172 1.11616e-37 0.00209802 1.06605e-37 0 0 -2.26204e-05 3.95452e-39 -6.70479e-05 7.15218e-42 
28.3 0.221264 1.01616e-38 -0.0128163 1.12292e-37 0.00210838 1.06602e-37 0 0 9.94386e-06 3.94993e-39 -5.97215e-05 7.1628e-42 
28.4 0.221264 1.01616e-38 -0.0128126 1.12966e-37 0.00211583 1.066e-37 0 0 4.19761e-05 3.9453e-39 -5.23491e-05 7.17109e-42 
28.5 0.221264 1.01616e-38 -0.0128064 1.12966e-37 0.00211583 1.066e-37 0 0 7.26086e-05 3.94058e-39 -4.4829e-05 7.17708e-42 
28.6 0.221264 1.01616e-38 -0.0127977 1.1354e-37 0.00212095 1.06597e-37 0 0 0.00010185 3.93568e-39 -3.7019e-05 7.18035e-42 
28.7 0.221264 1.01616e-38 -0.0127861 1.13826e-37 0.00212286 1.06596e-37 0 0 0.000129625 3.93049e-39 -2.87544e-05 7.18032e-42 
28.8 0.221264 1.01616e-38 -0.0127719 1.14111e-37 0.00212434 1.06595e-37 0 0 0.000155059 3.92501e-39 -2.0033e-05 7.17687e-42 
28.9 0.221264 1.01616e-38 -0.0127553 1.14395e-37 0.0021253 1.06594e-37 0 0 0.000176736 3.91934e-39 -1.09853e-05 7.16999e-42 
29 0.221264 1.01616e-38 -0.0127367 1.14964e-37 0.00212573 1.06593e-37 0 0 0.000195647 3.91321e-39 -1.22525e-06 7.15899e-42 
29.1 0.221264 1.01616e-38 -0.0127164 1.15248e-37 0.00212513 1.06592e-37 0 0 0.000210447 3.90676e-39 9.05183e-06 7.14395e-42 
29.2 0.221264 1.01616e-38 -0.0126949 1.15815e-37 0.00212225 1.06591e-37 0 0 0.000222075 3.90014e-39 1.96035e-05 7.12507e-42 
29.3 0.221264 1.01616e-38 -0.0126725 1.1638e-37 0.00211717 1.0659e-37 0 0 0.000230583 3.89343e-39 3.0282e-05 7.10253e-42 
29.4 0.221264 1.01616e-38 -0.0126494 1.1638e-37 0.00211717 1.0659e-37 0 0 0.000235394 3.88665e-39 4.10875e-05 7.07628e-42 
29.5 0.221264 1.01616e-38 -0.012626 1.16943e-37 0.00210977 1.06589e-37 0 0 0.000237095 3.88034e-39 5.11372e-05 7.04778e-42 
29.6 0.221264 1.01616e-38 -0.0126025 1.17506e-37 0.0021006 1.06588e-37 0 0 0.000235522 3.8746e-39 6.02847e-05 7.01737e-42 
29.7 0.221264 1.01616e-38 -0.0125795 1.17506e-37 0.0021006 1.06588e-37 0 0 0.000229978 3.86934e-39 6.86625e-05 6.98517e-42 
29.8 0.221264 1.01616e-38 -0.0125572 1.18068e-37 0.00208979 1.06588e-37 0 0 0.000221152 3.8648e-39 7.58993e-05 6.95206e-42 
29.9 0.221264 1.01616e-38 -0.0125359 1.18628e-37 0.00207778 1.06588e-37 0 0 0.000209006 3.86114e-39 8.17375e-05 6.91865e-42 
30 0.221264 1.01616e-38 -0.0125159 1.19189e-37 0.0020652 1.06587e-37 0 0 0.000193511 3.85866e-39 8.56787e-05 6.88615e-42 
30.1 0.221264 1.01616e-38 -0.0124975 1.19189e-37 0.0020652 1.06587e-37 0 0 0.000177615 3.85976e-39 8.39274e-05 6.86146e-42 
30.2 0.221264 1.01616e-38 -0.0124815 1.19749e-37 0.00205146 1.06587e-37 0 0 0.000151863 3.8562e-39 8.96009e-05 6.82462e-42 
30.3 0.221264 1.01616e-38 -0.012469 1.19874e-37 0.00204783 1.06587e-37 0 0 0.00011031 3.84171e-39 0.000112686 6.75984e-42 
30.4 0.221264 1.01616e-38 -0.0124585 1.20283e-37 0.0020366 1.06588e-37 0 0 9.67705e-05 3.84722e-39 0.000103913 6.73591e-42 
30.5 0.221264 1.01616e-38 -0.0124497 1.20649e-37 0.00202756 1.06588e-37 0 0 7.98016e-05 3.85386e-39 9.33353e-05 6.71728e-42 
30.6 0.221264 1.01616e-38 -0.012443 1.2104e-37 0.00201905 1.06588e-37 0 0 5.79935e-05 3.86089e-39 8.21377e-05 6.703e-42 
30.7 0.221264 1.01616e-38 -0.0124389 1.21466e-37 0.00201114 1.06587e-37 0 0 3.25939e-05 3.86838e-39 7.01936e-05 6.69375e-42 
30.8 0.221264 1.01616e-38 -0.0124377 1.21809e-37 0.00200595 1.06587e-37 0 0 4.94374e-06 3.87543e-39 5.8971e-05 6.68742e-42 
30.9 0.221264 1.01616e-38 -0.0124392 1.22151e-37 0.00200157 1.06586e-37 0 0 -2.30056e-05 3.88183e-39 4.87711e-05 6.68318e-42 
31 0.221264 1.01616e-38 -0.0124438 1.22838e-37 0.00199473 1.06585e-37 0 0 -4.93442e-05 3.88747e-39 3.9775e-05 6.68098e-42 
31.1 0.221264 1.01616e-38 -0.012451 1.23182e-37 0.00199255 1.06585e-37 0 0 -7.21522e-05 3.89287e-39 3.11786e-05 6.68133e-42 
31.2 0.221264 1.01616e-38 -0.0124601 1.23527e-37 0.00199104 1.06584e-37 0 0 -9.13477e-05 3.8983e-39 2.25351e-05 6.68456e-42 
31.3 0.221264 1.01616e-38 -0.0124707 1.23872e-37 0.00199023 1.06583e-37 0 0 -0.000106863 3.90393e-39 1.35529e-05 6.69111e-42 
31.4 0.221264 1.01616e-38 -0.0124825 1.24217e-37 0.00199017 1.06582e-37 0 0 -0.000118816 3.90989e-39 4.0543e-06 6.70143e-42 
31.5 0.221264 1.01616e-38 -0.0124952 1.24563e-37 0.00199093 1.06581e-37 0 0 -0.000127634 3.91623e-39 -6.03621e-06 6.71582e-42 
31.6 0.221264 1.01616e-38 -0.0125084 1.24975e-37 0.00199344 1.0658e-37 0 0 -0.000133783 3.92281e-39 -1.65277e-05 6.73337e-42 
31.7 0.221264 1.01616e-38 -0.012522 1.25386e-37 0.00199593 1.06578e-37 0 0 -0.000137264 3.92966e-39 -2.74423e-05 6.75463e-42 
31.8 0.221264 1.01616e-38 -0.0125358 1.25698e-37 0.00199919 1.06577e-37 0 0 -0.000138924 3.93669e-39 -3.86354e-05 6.7802e-42 
31.9 0.221264 1.01616e-38 -0.0125494 1.26135e-37 0.00200476 1.06575e-37 0 0 -0.00013477 3.94358e-39 -4.96236e-05 6.8101e-42 
32 0.221264 1.01616e-38 -0.0125625 1.26426e-37 0.00200865 1.06574e-37 0 0 -0.000129087 3.95002e-39 -5.98783e-05 6.84272e-42 
32.1 0.221264 1.01616e-38 -0.0125746 1.27304e-37 0.00202515 1.0657e-37 0 0 -0.000120187 3.95593e-39 -6.92942e-05 6.87784e-42 
32.2 0.221264 1.01616e-38 -0.0125859 1.27304e-37 0.00202515 1.0657e-37 0 0 -0.000108885 3.96122e-39 -7.77258e-05 6.91377e-42 
32.3 0.221264 1.01616e-38 -0.0125959 1.27891e-37 0.00203754 1.06567e-37 0 0 -9.50348e-05 3.96563e-39 -8.47587e-05 6.95031e-42 
32.4 0.221264 1.01616e-38 -0.0126045 1.28681e-37 0.00205596 1.06562e-37 0 0 -7.87674e-05 3.96909e-39 -9.02622e-05 6.98716e-42 
32.5 0.221264 1.01616e-38 -0.0126112 1.28681e-37 0.00205596 1.06562e-37 0 0 -6.09236e-05 3.97168e-39 -9.43987e-05 7.02344e-42 
32.6 0.221264 1.01616e-38 -0.0126161 1.29472e-37 0.00207592 1.06558e-37 0 0 -4.12622e-05 3.97339e-39 -9.71188e-05 7.05913e-42 
32.7 0.221264 1.01616e-38 -0.0126189 1.29472e-37 0.00207592 1.06558e-37 0 0 -1.96944e-05 3.97415e-39 -9.83324e-05 7.09332e-42 
32.8 0.221264 1.01616e-38 -0.0126195 1.30262e-37 0.00209517 1.06553e-37 0 0 3.38834e-06 3.97398e-39 -9.80506e-05 7.12596e-42 
32.9 0.221264 1.01616e-38 -0.0126179 1.30262e-37 0.00209517 1.06553e-37 0 0 2.6831e-05 3.97281e-39 -9.6191e-05 7.15574e-42 
33 0.221264 1.01616e-38 -0.012614 1.31052e-37 0.00211238 1.06549e-37 0 0 5.08114e-05 3.97072e-39 -9.28644e-05 7.18298e-42 
33.1 0.221264 1.01616e-38 -0.0126077 1.31052e-37 0.00211238 1.06549e-37 0 0 7.44294e-05 3.96786e-39 -8.83087e-05 7.20699e-42 
33.2 0.221264 1.01616e-38 -0.0125992 1.3176e-37 0.00212518 1.06545e-37 0 0 9.77833e-05 3.96419e-39 -8.24642e-05 7.2278e-42 
33.3 0.221264 1.01616e-38 -0.0125884 1.3176e-37 0.00212518 1.06545e-37 0 0 0.00012008 3.95979e-39 -7.54418e-05 7.24467e-42 
33.4 0.221264 1.01616e-38 -0.0125752 1.31982e-37 0.002129 1.06544e-37 0 0 0.000141449 3.95452e-39 -6.70576e-05 7.25742e-42 
33.5 0.221264 1.01616e-38 -0.0125597 1.32424e-37 0.00213566 1.06542e-37 0 0 0.000160795 3.94857e-39 -5.75693e-05 7.26526e-42 
33.6 0.221264 1.01616e-38 -0.0125423 1.32777e-37 0.00213984 1.06541e-37 0 0 0.000174988 3.94172e-39 -4.66607e-05 7.26668e-42 
33.7 0.221264 1.01616e-38 -0.0125236 1.33831e-37 0.0021457 1.06537e-37 0 0 0.000187614 3.9346e-39 -3.53163e-05 7.26339e-42 
33.8 0.221264 1.01616e-38 -0.0125036 1.33831e-37 0.0021457 1.06537e-37 0 0 0.000195185 3.92716e-39 -2.34527e-05 7.25236e-42 
33.9 0.221264 1.01616e-38 -0.0124835 1.34018e-37 0.00214612 1.06536e-37 0 0 0.000201251 3.91956e-39 -1.13505e-05 7.24047e-42 
34 0.221264 1.01616e-38 -0.0124631 1.34576e-37 0.00214554 1.06535e-37 0 0 0.000204034 3.91212e-39 5.11069e-07 7.22479e-42 
34.1 0.221264 1.01616e-38 -0.0124429 1.35316e-37 0.00214009 1.06533e-37 0 0 0.000203784 3.90498e-39 1.18825e-05 7.20434e-42 
34.2 0.221264 1.01616e-38 -0.0124231 1.35316e-37 0.00214009 1.06533e-37 0 0 0.000199633 3.89815e-39 2.27627e-05 7.18022e-42 
34.3 0.221264 1.01616e-38 -0.0124042 1.36057e-37 0.00213464 1.06532e-37 0 0 0.00019321 3.89171e-39 3.30262e-05 7.15396e-42 
34.4 0.221264 1.01616e-38 -0.0123862 1.36057e-37 0.00213464 1.06532e-37 0 0 0.000184156 3.88572e-39 4.25751e-05 7.12524e-42 
34.5 0.221264 1.01616e-38 -0.0123687 1.36422e-37 0.00212598 1.06532e-37 0 0 0.000174039 3.87992e-39 5.18122e-05 7.09563e-42 
34.6 0.221264 1.01616e-38 -0.0123526 1.36789e-37 0.00212074 1.06531e-37 0 0 0.000160984 3.87472e-39 6.01049e-05 7.06508e-42 
34.7 0.221264 1.01616e-38 -0.0123379 1.37155e-37 0.00211412 1.06531e-37 0 0 0.000145585 3.8702e-39 6.73113e-05 7.0342e-42 
34.8 0.221264 1.01616e-38 -0.0123246 1.37613e-37 0.00210478 1.06531e-37 0 0 0.000128821 3.86617e-39 7.37348e-05 7.00262e-42 
34.9 0.221264 1.01616e-38 -0.0123136 1.38072e-37 0.0020951 1.06531e-37 0 0 0.000110467 3.86318e-39 7.84842e-05 6.97056e-42 
35 0.221264 1.01616e-38 -0.0123044 1.38413e-37 0.0020877 1.06531e-37 0 0 9.11915e-05 3.86088e-39 8.21547e-05 6.93874e-42 
35.1 0.221264 1.01616e-38 -0.0122973 1.38754e-37 0.00208027 1.06531e-37 0 0 7.01628e-05 3.85938e-39 8.45462e-05 6.90762e-42 
35.2 0.221264 1.01616e-38 -0.0122933 1.39437e-37 0.00206526 1.0653e-37 0 0 4.88828e-05 3.85922e-39 8.47983e-05 6.87928e-42 
35.3 0.221264 1.01616e-38 -0.0122909 1.39437e-37 0.00206526 1.0653e-37 0 0 2.80141e-05 3.85954e-39 8.42937e-05 6.85223e-42 
35.4 0.221264 1.01616e-38 -0.01229 1.39792e-37 0.00205765 1.0653e-37 0 0 7.41898e-06 3.86052e-39 8.27289e-05 6.82698e-42 
35.5 0.221264 1.01616e-38 -0.0122912 1.40147e-37 0.00205005 1.0653e-37 0 0 -1.2992e-05 3.86238e-39 7.97659e-05 6.80488e-42 
35.6 0.221264 1.01616e-38 -0.0122943 1.41215e-37 0.00203038 1.0653e-37 0 0 -3.23376e-05 3.86482e-39 7.58835e-05 6.78554e-42 
35.7 0.221264 1.01616e-38 -0.0122988 1.41215e-37 0.00203038 1.0653e-37 0 0 -5.05601e-05 3.8678e-39 7.11293e-05 6.76826e-42 
35.8 0.221264 1.01616e-38 -0.0123047 1.41927e-37 0.00201879 1.06529e-37 0 0 -6.7628e-05 3.87136e-39 6.54636e-05 6.75327e-42 
35.9 0.221264 1.01616e-38 -0.0123123 1.41927e-37 0.00201879 1.06529e-37 0 0 -8.32851e-05 3.87566e-39 5.86094e-05 6.74207e-42 
36 0.221264 1.01616e-38 -0.0123212 1.42642e-37 0.00201064 1.06528e-37 0 0 -9.73859e-05 3.88052e-39 5.08665e-05 6.73411e-42 
36.1 0.221264 1.01616e-38 -0.0123314 1.42642e-37 0.00201064 1.06528e-37 0 0 -0.000109379 3.88563e-39 4.27148e-05 6.72928e-42 
36.2 0.221264 1.01616e-38 -0.0123427 1.43358e-37 0.00200537 1.06527e-37 0 0 -0.000119313 3.89111e-39 3.39835e-05 6.72786e-42 
36.3 0.221264 1.01616e-38 -0.0123548 1.43358e-37 0.00200537 1.06527e-37 0 0 -0.000127008 3.89694e-39 2.4692e-05 6.7301e-42 
36.4 0.221264 1.01616e-38 -0.0123676 1.44077e-37 0.00200323 1.06525e-37 0 0 -0.000132544 3.90302e-39 1.50035e-05 6.73593e-42 
36.5 0.221264 1.01616e-38 -0.0123808 1.44077e-37 0.00200323 1.06525e-37 0 0 -0.000135919 3.90931e-39 4.98869e-06 6.74539e-42 
36.6 0.221264 1.01616e-38 -0.0123944 1.44436e-37 0.00200367 1.06524e-37 0 0 -0.000136932 3.91584e-39 -5.42535e-06 6.75864e-42 
36.7 0.221264 1.01616e-38 -0.012408 1.45082e-37 0.00200604 1.06522e-37 0 0 -0.000135674 3.92217e-39 -1.55077e-05 6.77484e-42 
36.8 0.221264 1.01616e-38 -0.0124212 1.45406e-37 0.00200827 1.06521e-37 0 0 -0.000130984 3.92852e-39 -2.56314e-05 6.79452e-42 
36.9 0.221264 1.01616e-38 -0.0124339 1.46055e-37 0.0020145 1.06519e-37 0 0 -0.000124855 3.93445e-39 -3.50715e-05 6.81661e-42 
37 0.221264 1.01616e-38 -0.0124458 1.46055e-37 0.0020145 1.06519e-37 0 0 -0.000116234 3.94001e-39 -4.39441e-05 6.84101e-42 
37.1 0.221264 1.01616e-38 -0.0124568 1.46706e-37 0.00202322 1.06516e-37 0 0 -0.000105886 3.94497e-39 -5.18463e-05 6.86692e-42 
37.2 0.221264 1.01616e-38 -0.0124667 1.47357e-37 0.00203352 1.06513e-37 0 0 -9.39288e-05 3.9493e-39 -5.87411e-05 6.89416e-42 
37.3 0.221264 1.01616e-38 -0.0124752 1.47357e-37 0.00203352 1.06513e-37 0 0 -8.04847e-05 3.95311e-39 -6.4811e-05 6.92251e-42 
37.4 0.221264 1.01616e-38 -0.0124824 1.4801e-37 0.00204517 1.06509e-37 0 0 -6.58786e-05 3.95629e-39 -6.98802e-05 6.95155e-42 
37.5 0.221264 1.01616e-38 -0.0124882 1.4801e-37 0.00204517 1.06509e-37 0 0 -5.06102e-05 3.95873e-39 -7.3769e-05 6.98062e-42 
37.6 0.221264 1.01616e-38 -0.0124924 1.48663e-37 0.00205762 1.06506e-37 0 0 -3.49091e-05 3.96034e-39 -7.634e-05 7.00895e-42 
37.7 0.221264 1.01616e-38 -0.0124951 1.48754e-37 0.00205887 1.06505e-37 0 0 -1.88219e-05 3.96119e-39 -7.76971e-05 7.03666e-42 
37.8 0.221264 1.01616e-38 -0.0124959 1.49355e-37 0.00207065 1.06502e-37 0 0 -2.62678e-06 3.96131e-39 -7.78748e-05 7.0633e-42 
37.9 0.221264 1.01616e-38 -0.0124944 1.49881e-37 0.00208053 1.06499e-37 0 0 1.25929e-05 3.96033e-39 -7.63258e-05 7.08706e-42 
38 0.221264 1.01616e-38 -0.0124916 1.50408e-37 0.00209048 1.06497e-37 0 0 2.72372e-05 3.95885e-39 -7.3961e-05 7.109e-42 
38.1 0.221264 1.01616e-38 -0.0124874 1.50408e-37 0.00209048 1.06497e-37 0 0 3.99698e-05 3.95624e-39 -6.97999e-05 7.12714e-42 
38.2 0.221264 1.01616e-38 -0.0124819 1.50933e-37 0.00209892 1.06494e-37 0 0 5.16831e-05 3.9533e-39 -6.51145e-05 7.14252e-42 
38.3 0.221264 1.01616e-38 -0.0124759 1.51982e-37 0.00211214 1.06489e-37 0 0 6.25624e-05 3.95012e-39 -6.0049e-05 7.15622e-42 
38.4 0.221264 1.01616e-38 -0.012469 1.51982e-37 0.00211214 1.06489e-37 0 0 7.17851e-05 3.94649e-39 -5.42672e-05 7.16705e-42 
38.5 0.221264 1.01616e-38 -0.0124615 1.51982e-37 0.00211214 1.06489e-37 0 0 7.96391e-05 3.94249e-39 -4.78936e-05 7.17551e-42 
38.6 0.221264 1.01616e-38 -0.0124535 1.52924e-37 0.00212082 1.06486e-37 0 0 8.55811e-05 3.93798e-39 -4.07049e-05 7.18028e-42 
38.7 0.221264 1.01616e-38 -0.012445 1.52924e-37 0.00212082 1.06486e-37 0 0 8.96903e-05 3.93298e-39 -3.27337e-05 7.18155e-42 
38.8 0.221264 1.01616e-38 -0.0124361 1.53864e-37 0.00212557 1.06482e-37 0 0 9.19962e-05 3.92768e-39 -2.42939e-05 7.17964e-42 
38.9 0.221264 1.01616e-38 -0.0124273 1.53864e-37 0.00212557 1.06482e-37 0 0 9.24158e-05 3.92236e-39 -1.58097e-05 7.17476e-42 
39 0.221264 1.01616e-38 -0.0124183 1.54518e-37 0.00212476 1.0648e-37 0 0 9.09934e-05 3.91686e-39 -7.04281e-06 7.16677e-42 
39.1 0.221264 1.01616e-38 -0.0124096 1.54518e-37 0.00212476 1.0648e-37 0 0 8.76216e-05 3.91124e-39 1.90499e-06 7.15556e-42 
39.2 0.221264 1.01616e-38 -0.0124012 1.55171e-37 0.00212227 1.06479e-37 0 0 8.24997e-05 3.90563e-39 1.08529e-05 7.14148e-42 
39.3 0.221264 1.01616e-38 -0.0123935 1.55171e-37 0.00212227 1.06479e-37 0 0 7.60325e-05 3.90038e-39 1.92138e-05 7.1254e-42 
39.4 0.221264 1.01616e-38 -0.0123864 1.55823e-37 0.00211747 1.06478e-37 0 0 6.7782e-05 3.89538e-39 2.71776e-05 7.10717e-42 
39.5 0.221264 1.01616e-38 -0.0123803 1.56474e-37 0.00211021 1.06477e-37 0 0 5.75912e-05 3.89063e-39 3.47609e-05 7.08685e-42 
39.6 0.221264 1.01616e-38 -0.0123754 1.56474e-37 0.00211021 1.06477e-37 0 0 4.44982e-05 3.88436e-39 4.47402e-05 7.06e-42 
39.7 0.221264 1.01616e-38 -0.0123719 1.56871e-37 0.00210471 1.06476e-37 0 0 2.96475e-05 3.87777e-39 5.52564e-05 7.02935e-42 
39.8 0.221264 1.01616e-38 -0.0123696 1.57268e-37 0.00209785 1.06476e-37 0 0 1.53563e-05 3.87282e-39 6.31451e-05 6.99944e-42 
39.9 0.221264 1.01616e-38 -0.0123689 1.57502e-37 0.00209397 1.06476e-37 0 0 2.52332e-07 3.86821e-39 7.04879e-05 6.96776e-42 
40 0.221264 1.01616e-38 -0.0123696 1.57793e-37 0.00208797 1.06476e-37 0 0 -1.30322e-05 3.86548e-39 7.48332e-05 6.93779e-42 
40.1 0.221264 1.01616e-38 -0.0123715 1.5826e-37 0.00207887 1.06476e-37 0 0 -2.30577e-05 3.86562e-39 7.46159e-05 6.91341e-42 
40.2 0.221264 1.01616e-38 -0.0123742 1.58579e-37 0.00207363 1.06475e-37 0 0 -2.84651e-05 3.87215e-39 6.4205e-05 6.90474e-42 
40.3 0.221264 1.01616e-38 -0.0123779 1.5909e-37 0.00206556 1.06475e-37 0 0 -4.04527e-05 3.87465e-39 6.02264e-05 6.88946e-42 
40.4 0.221264 1.01616e-38 -0.0123832 1.59601e-37 0.00205821 1.06475e-37 0 0 -5.62014e-05 3.87651e-39 5.72646e-05 6.87417e-42 
40.5 0.221264 1.01616e-38 -0.0123902 1.59908e-37 0.00205393 1.06474e-37 0 0 -7.02923e-05 3.87791e-39 5.50309e-05 6.85882e-42 
40.6 0.221264 1.01616e-38 -0.0123984 1.60215e-37 0.00204966 1.06474e-37 0 0 -8.3127e-05 3.8789e-39 5.34517e-05 6.84311e-42 
40.7 0.221264 1.01616e-38 -0.0124076 1.60521e-37 0.00204554 1.06474e-37 0 0 -9.38209e-05 3.87981e-39 5.19983e-05 6.82768e-42 
40.8 0.221264 1.01616e-38 -0.0124177 1.61135e-37 0.00203776 1.06473e-37 0 0 -0.000101832 3.88102e-39 5.00749e-05 6.81342e-42 
40.9 0.221264 1.01616e-38 -0.0124283 1.6175e-37 0.0020306 1.06472e-37 0 0 -0.000108599 3.88243e-39 4.78225e-05 6.80019e-42 
41 0.221264 1.01616e-38 -0.0124392 1.6175e-37 0.0020306 1.06472e-37 0 0 -0.000111973 3.88469e-39 4.42239e-05 6.78979e-42 
41.1 0.221264 1.01616e-38 -0.0124504 1.62365e-37 0.00202428 1.06472e-37 0 0 -0.000113602 3.88764e-39 3.95124e-05 6.7822e-42 
41.2 0.221264 1.01616e-38 -0.0124617 1.62981e-37 0.00201963 1.0647e-37 0 0 -0.000114158 3.89124e-39 3.37847e-05 6.77749e-42 
41.3 0.221264 1.01616e-38 -0.012473 1.62981e-37 0.00201963 1.0647e-37 0 0 -0.000113632 3.89539e-39 2.71755e-05 6.77603e-42 
41.4 0.221264 1.01616e-38 -0.0124842 1.63598e-37 0.00201699 1.06469e-37 0 0 -0.000111804 3.90007e-39 1.97135e-05 6.77789e-42 
41.5 0.221264 1.01616e-38 -0.0124952 1.63598e-37 0.00201699 1.06469e-37 0 0 -0.000108526 3.90523e-39 1.14795e-05 6.78325e-42 
41.6 0.221264 1.01616e-38 -0.0125057 1.64217e-37 0.00201642 1.06467e-37 0 0 -0.00010423 3.91052e-39 3.06136e-06 6.79162e-42 
41.7 0.221264 1.01616e-38 -0.0125158 1.64837e-37 0.00201797 1.06466e-37 0 0 -9.87967e-05 3.91585e-39 -5.4375e-06 6.80281e-42 
41.8 0.221264 1.01616e-38 -0.0125253 1.64837e-37 0.00201797 1.06466e-37 0 0 -9.21091e-05 3.92092e-39 -1.35183e-05 6.8162e-42 
41.9 0.221264 1.01616e-38 -0.012534 1.65458e-37 0.00202138 1.06463e-37 0 0 -8.39321e-05 3.92577e-39 -2.12506e-05 6.83177e-42 
42 0.221264 1.01616e-38 -0.0125416 1.6589e-37 0.00202501 1.06462e-37 0 0 -7.40668e-05 3.93019e-39 -2.83014e-05 6.84953e-42 
42.1 0.221264 1.01616e-38 -0.0125478 1.66321e-37 0.00202866 1.0646e-37 0 0 -6.29932e-05 3.93375e-39 -3.39747e-05 6.86825e-42 
42.2 0.221264 1.01616e-38 -0.012553 1.66681e-37 0.00203306 1.06458e-37 0 0 -5.11228e-05 3.93652e-39 -3.83854e-05 6.88687e-42 
42.3 0.221264 1.01616e-38 -0.0125568 1.67039e-37 0.00203689 1.06457e-37 0 0 -3.83588e-05 3.93912e-39 -4.25351e-05 6.9065e-42 
42.4 0.221264 1.01616e-38 -0.0125594 1.67399e-37 0.00204124 1.06455e-37 0 0 -2.55475e-05 3.94101e-39 -4.55348e-05 6.92568e-42 
42.5 0.221264 1.01616e-38 -0.0125607 1.67758e-37 0.00204576 1.06454e-37 0 0 -1.23774e-05 3.94253e-39 -4.79711e-05 6.94496e-42 
42.6 0.221264 1.01616e-38 -0.0125607 1.68117e-37 0.00205044 1.06452e-37 0 0 3.50617e-07 3.94352e-39 -4.9541e-05 6.96371e-42 
42.7 0.221264 1.01616e-38 -0.0125594 1.68477e-37 0.00205505 1.0645e-37 0 0 1.26397e-05 3.94393e-39 -5.01991e-05 6.98152e-42 
42.8 0.221264 1.01616e-38 -0.012557 1.68836e-37 0.0020597 1.06449e-37 0 0 2.48504e-05 3.94426e-39 -5.07185e-05 6.99934e-42 
42.9 0.221264 1.01616e-38 -0.012553 1.69554e-37 0.00206826 1.06446e-37 0 0 3.51756e-05 3.94336e-39 -4.9284e-05 7.01369e-42 
43 0.221264 1.01616e-38 -0.0125484 1.69554e-37 0.00206826 1.06446e-37 0 0 4.46128e-05 3.94185e-39 -4.688e-05 7.02625e-42 
43.1 0.221264 1.01616e-38 -0.0125423 1.70272e-37 0.00207668 1.06442e-37 0 0 5.40121e-05 3.94091e-39 -4.53792e-05 7.03928e-42 
43.2 0.221264 1.01616e-38 -0.012536 1.7099e-37 0.00208427 1.06439e-37 0 0 6.33536e-05 3.94005e-39 -4.40193e-05 7.05233e-42 
43.3 0.221264 1.01616e-38 -0.0125285 1.7099e-37 0.00208427 1.06439e-37 0 0 6.96261e-05 3.93792e-39 -4.06214e-05 7.06064e-42 
43.4 0.221264 1.01616e-38 -0.0125209 1.71705e-37 0.00208828 1.06437e-37 0 0 7.54197e-05 3.93552e-39 -3.67853e-05 7.0677e-42 
43.5 0.221264 1.01616e-38 -0.0125127 1.71705e-37 0.00208828 1.06437e-37 0 0 7.9225e-05 3.93197e-39 -3.11302e-05 7.06956e-42 
43.6 0.221264 1.01616e-38 -0.0125043 1.72421e-37 0.00209319 1.06434e-37 0 0 8.31486e-05 3.92904e-39 -2.64688e-05 7.07203e-42 
43.7 0.221264 1.01616e-38 -0.0124954 1.72421e-37 0.00209319 1.06434e-37 0 0 8.72719e-05 3.92717e-39 -2.34844e-05 7.07553e-42 
43.8 0.221264 1.01616e-38 -0.0124865 1.73136e-37 0.00209623 1.06432e-37 0 0 8.88345e-05 3.92443e-39 -1.91133e-05 7.07535e-42 
43.9 0.221264 1.01616e-38 -0.0124777 1.73136e-37 0.00209623 1.06432e-37 0 0 8.83017e-05 3.92097e-39 -1.36075e-05 7.07216e-42 
44 0.221264 1.01616e-38 -0.0124692 1.73777e-37 0.00209442 1.0643e-37 0 0 8.63984e-05 3.91613e-39 -5.88858e-06 7.06266e-42 
44.1 0.221264 1.01616e-38 -0.0124608 1.74003e-37 0.00209391 1.06429e-37 0 0 8.42828e-05 3.91107e-39 2.17721e-06 7.05137e-42 
44.2 0.221264 1.01616e-38 -0.0124522 1.74207e-37 0.00209371 1.06429e-37 0 0 8.58927e-05 3.90979e-39 4.22004e-06 7.04737e-42 
44.3 0.221264 1.01616e-38 -0.0124436 1.74599e-37 0.00209309 1.06428e-37 0 0 8.60787e-05 3.90848e-39 6.309e-06 7.04272e-42 
44.4 0.221264 1.01616e-38 -0.0124351 1.75312e-37 0.00209147 1.06426e-37 0 0 8.40755e-05 3.9072e-39 8.33814e-06 7.03747e-42 
44.5 0.221264 1.01616e-38 -0.012427 1.75669e-37 0.00209055 1.06425e-37 0 0 8.15503e-05 3.90583e-39 1.05281e-05 7.0311e-42 
44.6 0.221264 1.01616e-38 -0.0124193 1.76026e-37 0.00208918 1.06424e-37 0 0 7.64661e-05 3.90415e-39 1.32121e-05 7.0232e-42 
44.7 0.221264 1.01616e-38 -0.0124123 1.76738e-37 0.00208526 1.06423e-37 0 0 7.14597e-05 3.90242e-39 1.59619e-05 7.01403e-42 
44.8 0.221264 1.01616e-38 -0.0124059 1.76738e-37 0.00208526 1.06423e-37 0 0 6.62938e-05 3.90063e-39 1.88172e-05 7.00356e-42 
44.9 0.221264 1.01616e-38 -0.0124 1.7745e-37 0.00208156 1.06421e-37 0 0 6.1168e-05 3.89902e-39 2.13901e-05 6.99262e-42 
45 0.221264 1.01616e-38 -0.0123946 1.7745e-37 0.00208156 1.06421e-37 0 0 5.60816e-05 3.89758e-39 2.36855e-05 6.98123e-42 
45.1 0.221264 1.01616e-38 -0.0123896 1.78038e-37 0.00207675 1.0642e-37 0 0 5.11717e-05 3.89645e-39 2.54837e-05 6.97014e-42 
45.2 0.221264 1.01616e-38 -0.012385 1.78626e-37 0.00207271 1.06419e-37 0 0 4.63662e-05 3.89555e-39 2.69143e-05 6.95931e-42 
45.3 0.221264 1.01616e-38 -0.0123811 1.78626e-37 0.00207271 1.06419e-37 0 0 4.16608e-05 3.89506e-39 2.76973e-05 6.94902e-42 
45.4 0.221264 1.01616e-38 -0.0123775 1.79214e-37 0.00206834 1.06418e-37 0 0 3.71292e-05 3.89489e-39 2.79584e-05 6.93936e-42 
45.5 0.221264 1.01616e-38 -0.0123743 1.8039e-37 0.00206109 1.06416e-37 0 0 3.2861e-05 3.89502e-39 2.77604e-05 6.93048e-42 
45.6 0.221264 1.01616e-38 -0.0123719 1.8039e-37 0.00206109 1.06416e-37 0 0 2.95808e-05 3.89582e-39 2.64882e-05 6.92413e-42 
45.7 0.221264 1.01616e-38 -0.0123695 1.8039e-37 0.00206109 1.06416e-37 0 0 2.63005e-05 3.89662e-39 2.5216e-05 6.91777e-42 
45.8 0.221264 1.01616e-38 -0.0123672 1.81419e-37 0.00205602 1.06414e-37 0 0 2.31992e-05 3.89747e-39 2.38547e-05 6.91175e-42 
45.9 0.221264 1.01616e-38 -0.0123653 1.81419e-37 0.00205602 1.06414e-37 0 0 2.12924e-05 3.8987e-39 2.18994e-05 6.90794e-42 
46 0.221264 1.01616e-38 -0.0123635 1.81419e-37 0.00205602 1.06414e-37 0 0 1.93856e-05 3.89992e-39 1.99441e-05 6.90414e-42 
46.1 0.221264 1.01616e-38 -0.0123618 1.82448e-37 0.00205104 1.06412e-37 0 0 1.7859e-05 3.90134e-39 1.76843e-05 6.90178e-42 
46.2 0.221264 1.01616e-38 -0.0123602 1.82448e-37 0.00205104 1.06412e-37 0 0 1.67241e-05 3.90296e-39 1.51108e-05 6.90091e-42 
46.3 0.221264 1.01616e-38 -0.0123587 1.82448e-37 0.00205104 1.06412e-37 0 0 1.55892e-05 3.90457e-39 1.25373e-05 6.90004e-42 
46.4 0.221264 1.01616e-38 -0.0123571 1.84513e-37 0.0020525 1.06406e-37 0 0 1.54057e-05 3.906e-39 1.02582e-05 6.90224e-42 
46.5 0.221264 1.01616e-38 -0.0123556 1.84513e-37 0.0020525 1.06406e-37 0 0 1.53836e-05 3.9074e-39 8.0291e-06 6.90496e-42 
46.6 0.221264 1.01616e-38 -0.0123541 1.84513e-37 0.0020525 1.06406e-37 0 0 1.53615e-05 3.9088e-39 5.80001e-06 6.90768e-42 
46.7 0.221264 1.01616e-38 -0.0123525 1.84513e-37 0.0020525 1.06406e-37 0 0 1.53395e-05 3.91019e-39 3.57092e-06 6.91041e-42 
46.8 0.221264 1.01616e-38 -0.012351 1.84513e-37 0.0020525 1.06406e-37 0 0 1.53174e-05 3.91159e-39 1.34183e-06 6.91313e-42 
46.9 0.221264 1.01616e-38 -0.0123494 1.86577e-37 0.00205227 1.064e-37 0 0 1.5489e-05 3.9127e-39 -4.15026e-07 6.91672e-42 
47 0.221264 1.01616e-38 -0.0123477 1.86577e-37 0.00205227 1.064e-37 0 0 1.58011e-05 3.91358e-39 -1.82912e-06 6.92093e-42 
47.1 0.221264 1.01616e-38 -0.012346 1.86577e-37 0.00205227 1.064e-37 0 0 1.61132e-05 3.91447e-39 -3.24321e-06 6.92515e-42 
47.2 0.221264 1.01616e-38 -0.0123443 1.86577e-37 0.00205227 1.064e-37 0 0 1.64253e-05 3.91536e-39 -4.6573e-06 6.92937e-42 
47.3 0.221264 1.01616e-38 -0.0123426 1.86577e-37 0.00205227 1.064e-37 0 0 1.67374e-05 3.91624e-39 -6.07139e-06 6.93358e-42 
