0 3.40165 -1.21968e-13 5175.61 0 0 0 34.3593 0 0 2.14491e-07 -7.49281e-21 2.44335e-06 -1.14725e-13 -54.751 3.59782e-14 4.8121 4.40266 9.03371e-13 5179.5 4.40266 4.00218e-13 5179.5 
0.1 3.09197 3.33389e-06 5436.76 0 0 0 34.3916 0 0 2.25826e-07 -4.67075e-15 2.37979e-06 -8.76451e-07 -15.8077 7.38681e-06 4.84259 4.68146 3.08398e-06 5439.97 4.68146 3.08398e-06 5439.97 
0.2 11.3393 1.3303e-06 5485.34 0 0 0 34.4881 0 0 2.14224e-07 -2.12089e-16 2.12976e-06 -4.27864e-07 19.1048 3.09974e-06 4.91078 13.6138 1.31323e-06 5489.64 13.6138 1.31323e-06 5489.64 
0.3 19.1567 8.99357e-07 5526.6 0 0 0 34.6487 0 0 2.31269e-07 2.88409e-17 2.13904e-06 -2.64579e-07 56.2208 2.21994e-06 4.95472 22.2825 9.23041e-07 5531.83 22.2825 9.23042e-07 5531.83 
0.4 23.2883 2.2623e-07 5573.54 0 0 0 34.8726 0 0 2.40155e-07 1.70005e-17 2.17286e-06 -1.1602e-07 63.5543 6.72925e-07 4.97042 26.3985 2.70495e-07 5577.56 26.3985 2.70495e-07 5577.56 
0.5 28.6883 2.79531e-07 5605.04 0 0 0 35.1592 0 0 2.43713e-07 -7.18526e-18 2.15851e-06 -9.63313e-08 65.8774 6.28752e-07 4.98691 31.2128 2.94848e-07 5606.65 31.2128 2.94847e-07 5606.65 
0.6 31.9091 3.04517e-07 5613.23 0 0 0 35.5072 0 0 2.4384e-07 -4.57098e-18 2.0823e-06 -9.57988e-08 40.6373 6.8288e-07 4.98636 33.7118 3.19672e-07 5612.83 33.7118 3.19672e-07 5612.83 
0.7 32.9892 -1.29754e-08 5596.21 0 0 0 35.9153 0 0 2.50013e-07 -4.28498e-17 2.2274e-06 -1.51115e-08 -9.88534 -8.16913e-08 4.95728 33.9951 -4.19603e-09 5594.81 33.9951 -4.19566e-09 5594.81 
0.8 34.0544 -3.5147e-08 5560.05 0 0 0 36.382 0 0 2.5085e-07 -3.26405e-17 2.19875e-06 1.38443e-08 -49.2779 -1.82686e-07 4.93267 34.517 -3.53274e-08 5559.16 34.517 -3.5327e-08 5559.16 
0.9 34.702 9.72769e-08 5525.09 0 0 0 36.9052 0 0 2.52042e-07 -8.7678e-18 2.18755e-06 -1.46069e-08 -72.7742 1.20559e-07 4.91589 35.0014 9.75383e-08 5525.98 35.0014 9.75385e-08 5525.98 
1 35.2545 8.19358e-08 5500.73 0 0 0 37.4828 0 0 2.54171e-07 -6.53004e-18 2.24103e-06 -1.2891e-08 -82.5002 8.42225e-08 4.90524 35.7228 8.02013e-08 5504.02 35.7228 8.02008e-08 5504.02 
1.1 36.458 -0.00343488 5483.58 0 0 0 38.1123 0 0 2.55825e-07 -2.05834e-17 2.21905e-06 0.00077737 -95.3158 -0.00790727 4.90596 38.1698 -0.00366044 5489.5 38.1698 -0.00366044 5489.5 
1.2 37.868 1.73143e-06 5481.86 0 0 0 38.7908 0 0 2.56858e-07 -1.34969e-15 2.20458e-06 -2.19809e-09 -67.9867 9.23424e-07 4.91996 40.1097 9.7902e-07 5489.63 40.1097 9.7902e-07 5489.63 
1.3 38.9496 -9.26909e-08 5490.3 0 0 0 39.5151 0 0 2.59059e-07 -1.53392e-16 2.19729e-06 -5.45363e-08 -43.2635 1.24166e-06 4.9331 41.7013 -1.69825e-07 5500.14 41.7013 -1.69825e-07 5500.14 
1.4 39.3416 2.69283e-07 5508.31 0 0 0 40.2818 0 0 2.51133e-07 -1.63694e-17 2.11498e-06 -5.34534e-08 -11.8053 1.97194e-07 4.9509 42.5452 2.75606e-07 5519.61 42.5452 2.75607e-07 5519.61 
1.5 39.7364 -7.36132e-08 5528.36 0 0 0 41.0869 0 0 2.56744e-07 -6.17825e-18 2.17979e-06 -1.28365e-08 18.0294 3.80214e-07 4.97012 43.0883 -6.88575e-08 5539.72 43.0883 -6.88574e-08 5539.72 
1.6 40.1656 3.5524e-09 5544.27 0 0 0 41.9263 0 0 2.56384e-07 -1.2427e-17 2.18103e-06 1.5824e-09 40.8836 -1.3116e-07 4.98735 43.4654 1.06039e-10 5554.73 43.4654 1.06126e-10 5554.73 
1.7 39.7999 -7.1387e-08 5555.65 0 0 0 42.7954 0 0 2.58646e-07 -1.21703e-17 2.16701e-06 9.21218e-09 55.6799 -7.82264e-08 4.99744 42.8509 -6.6598e-08 5564.52 42.8509 -6.65983e-08 5564.52 
1.8 39.8247 -9.43004e-08 5555.04 0 0 0 43.6895 0 0 2.57592e-07 -1.10002e-17 2.21184e-06 1.54057e-08 64.4924 -6.25608e-08 4.99405 42.5329 -9.50097e-08 5561.77 42.5329 -9.50099e-08 5561.77 
1.9 40.5138 -3.43856e-08 5546.44 0 0 0 44.6034 0 0 2.53887e-07 -1.11202e-17 1.97526e-06 1.17307e-08 67.5992 -1.27456e-07 4.97173 42.9664 -3.70688e-08 5550.71 42.9664 -3.70687e-08 5550.71 
2 40.2475 0.015689 5531.9 0 0 0 45.5317 0 0 2.56195e-07 -4.41669e-18 2.29033e-06 -0.00270195 53.4195 0.0415148 4.95156 43.0109 0.0130902 5533.57 43.0109 0.0130902 5533.57 
2.1 39.6243 -1.24888e-05 5531.6 0 0 0 46.4687 0 0 2.60693e-07 9.40549e-15 2.2308e-06 1.02497e-06 15.1736 -1.47139e-05 4.95457 42.3418 -9.07e-06 5531.97 42.3418 -9.07e-06 5531.97 
2.2 39.3009 -3.8604e-06 5531.53 0 0 0 47.4086 0 0 2.64469e-07 1.07441e-15 2.20491e-06 9.16394e-07 -24.2063 -4.72653e-06 4.97039 42.1137 -3.78577e-06 5532.15 42.1137 -3.78577e-06 5532.15 
2.3 39.8131 -1.26969e-06 5527.36 0 0 0 48.3453 0 0 2.66636e-07 2.43868e-16 2.1664e-06 3.95198e-07 -47.2478 -4.36059e-06 4.97746 42.7527 -1.22381e-06 5529.5 42.7527 -1.22381e-06 5529.5 
2.4 41.0307 -1.94431e-06 5521.34 0 0 0 49.2727 0 0 2.67496e-07 -5.19843e-17 2.15062e-06 2.58103e-07 -53.8335 2.81625e-07 4.97907 44.1348 -1.95503e-06 5525.64 44.1348 -1.95503e-06 5525.64 
2.5 42.6875 1.56859e-07 5516.14 0 0 0 50.1844 0 0 2.68079e-07 -4.01627e-17 2.15266e-06 4.47111e-08 -42.6405 -2.15885e-06 4.97859 46.0155 1.69992e-07 5522.53 46.0155 1.69993e-07 5522.53 
2.6 44.5311 -6.99815e-07 5515.14 0 0 0 51.0741 0 0 2.66263e-07 -2.18517e-17 2.20799e-06 8.99699e-08 -18.2383 1.31994e-07 4.97464 48.1271 -6.85463e-07 5522.87 48.1271 -6.85463e-07 5522.87 
2.7 46.0461 -3.14152e-07 5516.31 0 0 0 51.9357 0 0 2.65541e-07 -1.41723e-17 2.22296e-06 3.57671e-08 3.65047 -3.08858e-07 4.9781 49.8949 -3.16848e-07 5524.38 49.8949 -3.16848e-07 5524.38 
2.8 46.7707 -2.41052e-07 5526.32 0 0 0 52.763 0 0 2.67783e-07 -9.30341e-18 2.1571e-06 2.40078e-08 14.3815 -2.48035e-07 4.99344 50.7653 -2.29927e-07 5534.15 50.7653 -2.29927e-07 5534.15 
2.9 47.2222 -1.8673e-07 5536.81 0 0 0 53.5497 0 0 2.62743e-07 -4.57312e-18 2.34404e-06 1.88346e-08 18.2161 -5.12856e-08 5.00482 51.23 -1.74001e-07 5544.14 51.23 -1.74001e-07 5544.14 
3 47.3453 0.0143282 5537.8 0 0 0 54.2902 0 0 2.66791e-07 -2.13827e-18 2.18345e-06 -0.00220884 15.6404 0.0365529 5.00334 51.3807 0.0130869 5544.6 51.3807 0.0130869 5544.6 
3.1 48.5437 -1.42228e-05 5537.28 0 0 0 54.9789 0 0 2.66531e-07 1.06658e-14 2.20817e-06 3.95187e-06 22.0433 -3.44692e-05 4.99858 52.3982 -1.33189e-05 5543.24 52.3982 -1.33189e-05 5543.24 
3.2 48.7764 -2.70457e-06 5536.76 0 0 0 55.6105 0 0 2.67885e-07 1.29234e-15 2.19145e-06 9.18051e-07 16.1196 -6.77409e-06 4.99971 52.5521 -2.78148e-06 5541.91 52.5521 -2.78148e-06 5541.91 
3.3 49.0661 -1.29868e-06 5532.94 0 0 0 56.18 0 0 2.68037e-07 1.90559e-16 2.19183e-06 3.69568e-07 9.37452 -2.83546e-06 4.99755 52.7921 -1.35668e-06 5537.59 52.7921 -1.35668e-06 5537.59 
3.4 49.4902 -4.61905e-07 5529.19 0 0 0 56.6831 0 0 2.68733e-07 -2.56307e-17 2.1824e-06 1.59604e-07 2.30877 -1.31051e-06 4.99528 53.2315 -4.8453e-07 5533.61 53.2315 -4.8453e-07 5533.61 
3.5 49.9078 -2.5816e-07 5526.43 0 0 0 57.1158 0 0 2.69445e-07 -2.70637e-17 2.19177e-06 9.37429e-08 -4.5434 -6.18442e-07 4.99437 53.715 -2.79052e-07 5530.86 53.715 -2.79053e-07 5530.86 
3.6 50.4422 -2.60733e-07 5525.49 0 0 0 57.4747 0 0 2.70034e-07 -1.48848e-17 2.18805e-06 7.79066e-08 -10.9564 -5.92004e-07 4.99463 54.3435 -2.77414e-07 5530.23 54.3435 -2.77414e-07 5530.23 
3.7 51.0174 -1.56626e-07 5524.94 0 0 0 57.7569 0 0 2.70648e-07 -9.21683e-18 2.1644e-06 5.16347e-08 -12.8985 -3.27114e-07 4.99767 55.012 -1.67961e-07 5530.2 55.012 -1.6796e-07 5530.2 
3.8 51.5343 -3.92366e-08 5526.56 0 0 0 57.9601 0 0 2.65573e-07 -4.1355e-18 2.29337e-06 1.83789e-08 -15.2193 -2.14216e-08 5.00125 55.6006 -4.46834e-08 5532.48 55.6006 -4.46839e-08 5532.48 
3.9 51.9962 -5.0499e-08 5527.09 0 0 0 58.0826 0 0 2.7227e-07 -1.81265e-18 2.12102e-06 2.08158e-09 -13.8633 7.67533e-08 5.00194 56.1079 -4.85745e-08 5533.69 56.1079 -4.85741e-08 5533.69 
4 51.9196 0.018137 5525.69 0 0 0 58.1236 0 0 2.70528e-07 1.38106e-18 2.16887e-06 -0.00194729 -13.189 0.0402801 5.00277 56.0948 0.0143527 5533.02 56.0948 0.0143527 5533.02 
4.1 52.462 -9.82471e-07 5527.42 0 0 0 58.1236 0 0 2.70621e-07 1.47657e-14 2.16396e-06 -1.95478e-06 -8.7401 -2.00859e-06 5.00541 56.5805 -7.8799e-07 5535.14 56.5805 -7.8799e-07 5535.14 
4.2 52.5516 -4.94388e-06 5527.81 0 0 0 58.1236 0 0 2.70436e-07 2.90742e-15 2.16223e-06 1.58081e-06 -4.35504 -1.29439e-05 5.00725 56.6444 -5.4676e-06 5535.87 56.6444 -5.4676e-06 5535.87 
4.3 52.6337 -1.70206e-06 5528.39 0 0 0 58.1236 0 0 2.7005e-07 3.52575e-16 2.16508e-06 3.68044e-07 2.59844 -2.91075e-06 5.00751 56.6908 -1.7987e-06 5536.53 56.6908 -1.7987e-06 5536.53 
4.4 52.5283 -7.36201e-07 5528.4 0 0 0 58.1236 0 0 2.69788e-07 -6.2869e-18 2.1658e-06 1.03961e-07 6.56591 -9.91398e-07 5.00749 56.5474 -7.0355e-07 5536.37 56.5474 -7.0355e-07 5536.37 
4.5 52.2698 -5.89802e-07 5528.68 0 0 0 58.1236 0 0 2.69639e-07 -3.7978e-17 2.1611e-06 4.81473e-08 7.79483 -2.22786e-07 5.00785 56.2451 -5.57625e-07 5536.36 56.2451 -5.57625e-07 5536.36 
4.6 51.8898 -3.96398e-07 5528.88 0 0 0 58.1236 0 0 2.69683e-07 -2.07708e-17 2.15992e-06 2.90506e-08 6.17966 -1.43188e-07 5.00874 55.8174 -3.71261e-07 5536.27 55.8174 -3.71261e-07 5536.27 
4.7 51.4195 -2.89298e-07 5528.95 0 0 0 58.1236 0 0 2.69673e-07 -6.98571e-18 2.1511e-06 1.70943e-08 2.93802 -3.86921e-08 5.01 55.2984 -2.70014e-07 5536.17 55.2984 -2.70014e-07 5536.17 
4.8 51.0249 -2.06503e-07 5527.86 0 0 0 58.1236 0 0 2.66684e-07 -8.05615e-19 2.25523e-06 4.19586e-09 0.678934 5.28184e-08 5.01033 54.8613 -1.89152e-07 5535.06 54.8613 -1.89152e-07 5535.06 
4.9 50.6856 -1.6239e-07 5526.32 0 0 0 58.1236 0 0 2.70284e-07 1.39009e-18 2.13672e-06 -6.38492e-09 -0.691276 1.52722e-07 5.01011 54.4971 -1.4511e-07 5533.6 54.4971 -1.4511e-07 5533.6 
5 50.3857 -1.21196e-07 5524.93 0 0 0 58.1236 0 0 2.6982e-07 3.04713e-18 2.15368e-06 -1.86607e-08 -1.05374 2.38015e-07 5.01018 54.1922 -1.00341e-07 5532.35 54.1922 -1.00341e-07 5532.35 
5.1 49.64 0.0182715 5524.34 0 0 0 58.1236 0 0 2.69934e-07 6.25938e-18 2.14788e-06 -0.00209928 -5.68663 0.0438965 5.01044 53.6082 0.0150878 5532.11 53.6082 0.0150878 5532.11 
5.2 49.7415 -1.63196e-05 5524.36 0 0 0 58.1236 0 0 2.69836e-07 1.32077e-14 2.14566e-06 2.41354e-06 -3.32613 -4.42965e-05 5.01145 53.6876 -1.70208e-05 5532.06 53.6876 -1.70208e-05 5532.06 
5.3 49.5759 -5.29556e-06 5524.35 0 0 0 58.1236 0 0 2.69776e-07 2.5962e-15 2.1459e-06 1.7576e-06 -1.09822 -1.37192e-05 5.01231 53.5495 -5.95068e-06 5532.19 53.5495 -5.95068e-06 5532.19 
5.4 49.3943 -1.03776e-06 5524.79 0 0 0 58.1236 0 0 2.69465e-07 6.44907e-16 2.14653e-06 1.33635e-07 1.47454 -8.70216e-07 5.01297 53.3852 -1.05649e-06 5532.65 53.3852 -1.05649e-06 5532.65 
5.5 49.191 -3.58183e-07 5525.69 0 0 0 58.1236 0 0 2.69264e-07 -1.14767e-16 2.14566e-06 -8.47632e-08 3.13314 2.06508e-07 5.0141 53.1905 -3.00279e-07 5533.48 53.1905 -3.00279e-07 5533.48 
5.6 48.9959 -5.33471e-07 5526.77 0 0 0 58.1236 0 0 2.69169e-07 4.32597e-17 2.14587e-06 2.18503e-08 5.19204 2.18555e-07 5.01493 52.989 -4.76564e-07 5534.4 52.989 -4.76564e-07 5534.4 
5.7 48.7516 -3.69564e-07 5527.43 0 0 0 58.1236 0 0 2.69026e-07 -2.43681e-18 2.14604e-06 1.06759e-09 4.80028 -3.76682e-08 5.01499 52.7259 -3.27162e-07 5534.89 52.7259 -3.27162e-07 5534.89 
5.8 48.5105 -3.44452e-07 5527.9 0 0 0 58.1236 0 0 2.69171e-07 6.88152e-18 2.14098e-06 9.96631e-09 3.68789 7.40025e-08 5.01503 52.4591 -3.17998e-07 5535.18 52.4591 -3.17998e-07 5535.18 
5.9 48.2641 -2.04682e-07 5527.67 0 0 0 58.1236 0 0 2.6913e-07 2.51569e-18 2.14816e-06 1.14849e-09 2.87883 -6.37476e-09 5.01488 52.1849 -1.85303e-07 5534.82 52.1849 -1.85303e-07 5534.82 
6 48.0344 -1.48082e-07 5527.28 0 0 0 58.1236 0 0 2.68991e-07 4.99189e-18 2.14607e-06 -2.7705e-09 1.50431 6.57021e-08 5.01461 51.9329 -1.34143e-07 5534.36 51.9329 -1.34143e-07 5534.36 
6.1 47.4291 0.0193655 5526.27 0 0 0 58.1236 0 0 2.69123e-07 6.40455e-18 2.14643e-06 -0.00201387 -1.25239 0.0439934 5.01424 51.3985 0.015358 5533.46 51.3985 0.015358 5533.46 
6.2 47.5621 -0.000797149 5525.8 0 0 0 58.1236 0 0 2.69093e-07 2.87076e-13 2.14824e-06 0.000164479 -1.23744 -0.00108939 5.01375 51.4905 -0.000617944 5532.8 51.4905 -0.000617944 5532.8 
6.3 47.4057 -3.82163e-05 5525.46 0 0 0 58.1236 0 0 2.69015e-07 5.78411e-14 2.14721e-06 1.93536e-05 -1.89591 -0.000295408 5.0141 51.3679 -6.70009e-05 5532.45 51.3679 -6.70009e-05 5532.45 
6.4 47.3114 -2.61998e-06 5525.29 0 0 0 58.1236 0 0 2.68888e-07 1.25403e-14 2.14397e-06 6.62153e-06 -1.52261 -7.95303e-05 5.01432 51.2874 -9.49379e-06 5532.36 51.2874 -9.49379e-06 5532.36 
6.5 47.1698 -5.26146e-05 5525.33 0 0 0 58.1236 0 0 2.69077e-07 1.21286e-15 2.14837e-06 4.23046e-06 -1.0596 8.90606e-05 5.01473 51.1618 -5.61288e-05 5532.47 51.1618 -5.61288e-05 5532.47 
6.6 47.0922 5.9734e-05 5525.95 0 0 0 58.1236 0 0 2.68526e-07 1.27081e-16 2.14128e-06 -5.35085e-06 -0.109649 -0.000104376 5.0154 51.1084 5.96623e-05 5533.07 51.1084 5.96623e-05 5533.07 
6.7 46.9694 -1.42829e-05 5526.21 0 0 0 58.1236 0 0 2.67971e-07 -6.9829e-16 2.13703e-06 -4.51317e-07 0.82338 4.72412e-05 5.01567 50.9849 -1.51559e-05 5533.36 50.9849 -1.51559e-05 5533.36 
6.8 46.8829 -6.53938e-06 5526.71 0 0 0 58.1236 0 0 2.68743e-07 -1.68423e-16 2.14531e-06 -1.95366e-06 1.85732 1.38217e-05 5.01598 50.9068 -1.75098e-06 5533.78 50.9068 -1.75098e-06 5533.78 
6.9 46.7086 1.46167e-05 5526.87 0 0 0 58.1236 0 0 2.70588e-07 -7.61337e-17 2.16558e-06 -1.18209e-06 1.99235 -1.87769e-05 5.01609 50.7243 1.42174e-05 5533.88 50.7243 1.42174e-05 5533.88 
7 46.5523 -2.04887e-05 5527.12 0 0 0 58.1236 0 0 2.67864e-07 -2.31173e-16 2.13562e-06 1.95043e-06 1.52637 3.96903e-05 5.01593 50.5633 -2.2843e-05 5534.05 50.5633 -2.2843e-05 5534.05 
7.1 46.4236 1.73689e-05 5527.14 0 0 0 58.1236 0 0 2.68565e-07 2.86283e-17 2.14721e-06 -1.51473e-06 1.97438 -3.17784e-05 5.01585 50.4291 1.82029e-05 5533.96 50.4291 1.82029e-05 5533.96 
7.2 46.3308 -6.14275e-06 5526.53 0 0 0 58.1236 0 0 2.68504e-07 -1.05593e-18 2.14673e-06 6.48339e-07 2.98286 9.20931e-06 5.01556 50.3296 -6.97114e-06 5533.26 50.3296 -6.97114e-06 5533.26 
7.3 46.2069 6.15796e-06 5526.54 0 0 0 58.1236 0 0 2.68451e-07 -2.22663e-18 2.14522e-06 -6.15354e-07 2.5771 -5.79072e-06 5.01549 50.2073 6.83905e-06 5533.14 50.2073 6.83905e-06 5533.14 
7.4 46.0885 1.0198e-06 5526.12 0 0 0 58.1236 0 0 2.68512e-07 5.59253e-18 2.14562e-06 1.07282e-08 1.75866 7.55884e-07 5.01547 50.0897 5.00364e-07 5532.64 50.0897 5.00364e-07 5532.64 
7.5 46.0049 -5.69077e-06 5526.78 0 0 0 58.1236 0 0 2.68556e-07 5.84083e-18 2.14621e-06 5.65238e-07 0.614054 4.97254e-06 5.01547 50.0105 -5.6595e-06 5533.23 50.0105 -5.6595e-06 5533.23 
7.6 45.9514 3.56131e-06 5526.68 0 0 0 58.1236 0 0 2.68604e-07 2.83426e-18 2.14628e-06 -3.03917e-07 -0.0221977 -4.04158e-06 5.01552 49.9631 3.83475e-06 5533.09 49.9631 3.83475e-06 5533.09 
7.7 45.9183 1.9432e-06 5526.77 0 0 0 58.1236 0 0 2.68614e-07 -3.71231e-18 2.14565e-06 1.84742e-07 -0.659974 1.27959e-06 5.01557 49.9317 1.70855e-06 5533.2 49.9317 1.70855e-06 5533.2 
7.8 45.9088 -3.44241e-06 5526.78 0 0 0 58.1236 0 0 2.68647e-07 -6.94534e-18 2.14597e-06 2.43884e-07 -0.817601 -1.57773e-06 5.01567 49.9282 -3.79948e-06 5533.24 49.9282 -3.79948e-06 5533.24 
7.9 45.9084 -9.39583e-07 5526.74 0 0 0 58.1236 0 0 2.68649e-07 -2.31702e-17 2.14573e-06 1.62569e-08 -0.705736 -2.69624e-07 5.01576 49.9314 -1.14276e-06 5533.24 49.9314 -1.14276e-06 5533.24 
8 45.8985 1.87003e-06 5526.69 0 0 0 58.1236 0 0 2.68637e-07 -6.08638e-17 2.14588e-06 -1.39509e-07 -0.518423 2.27523e-06 5.01584 49.9249 1.70942e-06 5533.23 49.9249 1.70942e-06 5533.23 
8.1 45.8987 1.78741e-06 5526.71 0 0 0 58.1236 0 0 2.68616e-07 -1.11262e-16 2.14605e-06 -2.6172e-07 -0.110483 2.42747e-06 5.01589 49.9278 1.70894e-06 5533.27 49.9278 1.70894e-06 5533.27 
8.2 45.9022 -9.49199e-07 5526.83 0 0 0 58.1236 0 0 2.68602e-07 -1.16135e-16 2.14619e-06 -1.40663e-08 0.304159 2.9332e-07 5.01595 49.9338 -9.25076e-07 5533.4 49.9338 -9.25076e-07 5533.4 
8.3 45.8995 7.53285e-08 5526.85 0 0 0 58.1236 0 0 2.6859e-07 -3.11409e-17 2.14627e-06 -1.144e-07 0.735686 1.32307e-06 5.01599 49.9319 1.47883e-07 5533.41 49.9319 1.47883e-07 5533.41 
8.4 45.886 4.48291e-07 5527.01 0 0 0 58.1236 0 0 2.68588e-07 2.337e-17 2.14634e-06 -1.39013e-07 0.692043 1.50827e-06 5.01599 49.9188 4.87227e-07 5533.53 49.9188 4.87227e-07 5533.53 
8.5 45.8791 4.23513e-07 5527.05 0 0 0 58.1236 0 0 2.68588e-07 1.25219e-16 2.14639e-06 -8.99163e-08 0.804111 1.09621e-06 5.01598 49.9119 4.04906e-07 5533.54 49.9119 4.04906e-07 5533.54 
8.6 45.8759 2.38143e-07 5527.05 0 0 0 58.1236 0 0 2.68598e-07 5.99772e-17 2.14643e-06 -6.1225e-08 0.730656 5.50129e-07 5.01594 49.9088 1.72954e-07 5533.51 49.9088 1.72953e-07 5533.51 
8.7 45.8764 2.393e-07 5527.06 0 0 0 58.1236 0 0 2.68612e-07 -1.29793e-17 2.14644e-06 -4.86425e-08 0.574298 3.85753e-07 5.01591 49.9096 1.70524e-07 5533.49 49.9096 1.70524e-07 5533.49 
8.8 45.8758 2.34162e-07 5527.07 0 0 0 58.1236 0 0 2.68622e-07 -7.0663e-17 2.14635e-06 -4.03006e-08 0.451994 3.02957e-07 5.01588 49.9099 1.86916e-07 5533.48 49.9099 1.86916e-07 5533.48 
8.9 45.904 1.21166e-07 5527.03 0 0 0 58.1236 0 0 2.68654e-07 -1.02363e-16 2.14625e-06 -1.90525e-08 0.130758 6.09498e-08 5.01585 49.9399 1.06042e-07 5533.43 49.9399 1.06043e-07 5533.43 
9 45.9221 7.80902e-08 5527.06 0 0 0 58.1236 0 0 2.68671e-07 -9.53657e-17 2.14618e-06 -9.5003e-09 -0.0456825 -1.73049e-09 5.01584 49.9603 8.40909e-08 5533.46 49.9603 8.40904e-08 5533.46 
9.1 45.9429 8.38462e-08 5527.1 0 0 0 58.1236 0 0 2.68685e-07 -8.76532e-17 2.14611e-06 -1.39705e-08 -0.138269 4.24941e-08 5.01585 49.9835 9.45107e-08 5533.49 49.9835 9.45108e-08 5533.49 
9.2 45.9635 6.22067e-08 5527.05 0 0 0 58.1236 0 0 2.68697e-07 -8.80488e-17 2.14606e-06 -1.12084e-08 -0.212601 1.56484e-08 5.01585 50.0066 7.60835e-08 5533.45 50.0066 7.60838e-08 5533.45 
9.3 45.9873 6.0292e-08 5527.15 0 0 0 58.1236 0 0 2.68708e-07 -4.89361e-17 2.14602e-06 -7.74097e-09 -0.207269 2.85457e-08 5.01587 50.033 7.26621e-08 5533.55 50.033 7.26622e-08 5533.55 
9.4 46.0098 5.59428e-08 5527.09 0 0 0 58.1236 0 0 2.68715e-07 -3.69978e-17 2.14603e-06 -6.57727e-09 -0.182791 2.79242e-08 5.01589 50.0578 6.49675e-08 5533.5 50.0578 6.49675e-08 5533.5 
9.5 46.0335 5.26011e-08 5527.1 0 0 0 58.1236 0 0 2.68729e-07 -1.28144e-17 2.14594e-06 -5.33105e-09 -0.153174 2.92599e-08 5.01588 50.0837 5.89724e-08 5533.51 50.0837 5.89728e-08 5533.51 
9.6 46.0546 4.99853e-08 5527.09 0 0 0 58.1236 0 0 2.6873e-07 -1.28353e-17 2.14604e-06 -3.12356e-09 -0.0543325 1.89342e-08 5.01589 50.1067 5.05228e-08 5533.5 50.1067 5.05229e-08 5533.5 
9.7 46.0839 4.78879e-08 5527.15 0 0 0 58.1236 0 0 2.68745e-07 -4.41919e-18 2.14599e-06 -2.5146e-09 -0.050912 1.94155e-08 5.0159 50.1379 4.71015e-08 5533.57 50.1379 4.71016e-08 5533.57 
9.8 46.1109 4.37285e-08 5527.18 0 0 0 58.1236 0 0 2.68745e-07 -1.41572e-18 2.14617e-06 -1.22926e-09 -0.038518 9.87949e-09 5.0159 50.1665 4.11562e-08 5533.59 50.1665 4.1156e-08 5533.59 
9.9 46.1347 3.99184e-08 5527.18 0 0 0 58.1236 0 0 2.68756e-07 1.73439e-18 2.14619e-06 1.53748e-10 -0.0259587 1.76252e-09 5.01589 50.1918 3.66042e-08 5533.59 50.1918 3.66044e-08 5533.59 
10 46.1568 3.69674e-08 5527.12 0 0 0 58.1236 0 0 2.68764e-07 1.80299e-18 2.14615e-06 1.3491e-09 0.0296971 -7.6227e-09 5.01589 50.2154 3.26367e-08 5533.54 50.2154 3.26364e-08 5533.54 
10.1 46.1902 3.35216e-08 5527.32 0 0 0 58.1236 0 0 2.68786e-07 3.19834e-18 2.14609e-06 2.42627e-09 -0.0939399 -1.50631e-08 5.01589 50.2505 2.8783e-08 5533.73 50.2505 2.87829e-08 5533.73 
10.2 46.2091 3.09168e-08 5527.21 0 0 0 58.1236 0 0 2.68794e-07 3.64357e-18 2.14611e-06 3.22722e-09 -0.0463596 -2.03295e-08 5.01588 50.2707 2.59061e-08 5533.62 50.2707 2.59063e-08 5533.62 
10.3 46.2404 2.82894e-08 5527.47 0 0 0 58.1236 0 0 2.6881e-07 3.41603e-18 2.14609e-06 3.49159e-09 -0.223793 -2.25171e-08 5.01588 50.3032 2.34008e-08 5533.88 50.3032 2.34007e-08 5533.88 
10.4 46.2658 2.48083e-08 5527.64 0 0 0 58.1236 0 0 2.68825e-07 3.07946e-18 2.1461e-06 3.46322e-09 -0.422482 -2.36131e-08 5.01588 50.3298 2.01544e-08 5534.05 50.3298 2.01543e-08 5534.05 
10.5 46.2736 2.30303e-08 5527.17 0 0 0 58.1236 0 0 2.68825e-07 3.07946e-18 2.1461e-06 3.48598e-09 -0.145391 -2.24328e-08 5.01588 50.3387 1.84418e-08 5533.59 50.3387 1.84415e-08 5533.59 
10.6 46.2992 1.98389e-08 5527.45 0 0 0 58.1236 0 0 2.68634e-07 4.05441e-18 2.14984e-06 4.00877e-09 -0.333507 -2.14849e-08 5.01587 50.3653 1.57124e-08 5533.88 50.3653 1.5712e-08 5533.88 
10.7 46.3406 3.34205e-08 5529.87 0 0 0 58.1236 0 0 2.68492e-07 -4.0925e-17 2.15367e-06 -5.1391e-09 -1.23455 1.16664e-08 5.01588 50.4073 2.28645e-08 5536.3 50.4073 2.28647e-08 5536.3 
10.8 46.3449 4.42005e-08 5528.92 0 0 0 58.1236 0 0 2.68492e-07 -4.0925e-17 2.15367e-06 -1.66603e-08 -0.839354 1.17125e-07 5.01588 50.4122 5.81489e-08 5535.35 50.4122 5.81481e-08 5535.35 
10.9 46.349 5.8363e-08 5527.96 0 0 0 58.1236 0 0 2.68492e-07 -4.0925e-17 2.15367e-06 -3.41822e-08 -0.445395 2.76707e-07 5.01588 50.4168 1.13987e-07 5534.4 50.4168 1.13987e-07 5534.4 
11 46.3751 1.61677e-08 5529.67 0 0 0 58.1236 0 0 2.68922e-07 6.07494e-17 2.14515e-06 -4.59414e-08 -1.20905 3.33367e-07 5.01599 50.4439 1.36759e-07 5536.11 50.4439 1.36759e-07 5536.11 
11.1 46.383 3.08216e-09 5528.58 0 0 0 58.1236 0 0 2.68922e-07 6.07494e-17 2.14515e-06 -3.49241e-08 -0.69676 2.30912e-07 5.01599 50.45 9.75604e-08 5535.04 50.45 9.75608e-08 5535.04 
11.2 46.3945 -1.06861e-08 5527.45 0 0 0 58.1236 0 0 2.68922e-07 6.07494e-17 2.14515e-06 -1.49503e-08 -0.122544 4.58771e-08 5.01599 50.4587 2.78151e-08 5533.94 50.4587 2.78154e-08 5533.94 
11.3 46.4206 5.58877e-08 5528.52 0 0 0 58.1236 0 0 2.68986e-07 -5.28766e-17 2.14416e-06 -4.4776e-09 -0.472914 7.00336e-08 5.01594 50.4807 4.6529e-08 5535.03 50.4807 4.6529e-08 5535.03 
11.4 46.4171 4.03578e-08 5527.45 0 0 0 58.1236 0 0 2.68986e-07 -5.28766e-17 2.14416e-06 -2.96416e-10 -0.181896 3.41804e-08 5.01594 50.4733 4.27794e-08 5533.99 50.4733 4.27793e-08 5533.99 
11.5 46.4242 -2.7188e-07 5527.91 0 0 0 58.1236 0 0 2.69038e-07 2.82329e-16 2.14343e-06 9.00524e-08 -0.372753 -7.17241e-07 5.016 50.4799 -2.6122e-07 5534.46 50.4799 -2.6122e-07 5534.46 
11.6 46.4317 -3.22901e-07 5528.31 0 0 0 58.1236 0 0 2.69515e-07 9.56435e-16 2.13535e-06 1.00631e-07 -0.423759 -6.91588e-07 5.01614 50.492 -2.98045e-07 5534.83 50.492 -2.98046e-07 5534.83 
11.7 46.4001 -7.81519e-08 5527.45 0 0 0 58.1236 0 0 2.69515e-07 9.56435e-16 2.13535e-06 -4.02799e-08 -0.4896 6.33226e-07 5.01614 50.4667 1.39409e-07 5533.93 50.4667 1.39409e-07 5533.93 
11.8 46.3977 1.44512e-07 5527.76 0 0 0 58.1236 0 0 2.68887e-07 9.58591e-17 2.14586e-06 -1.14362e-07 -0.495669 8.94234e-07 5.01601 50.4585 2.89928e-07 5534.29 50.4585 2.89927e-07 5534.29 
11.9 46.4155 -3.16249e-07 5527.41 0 0 0 58.1236 0 0 2.68879e-07 6.14526e-17 2.14593e-06 6.85522e-08 0.0309234 -5.38744e-07 5.01602 50.4692 -3.62114e-07 5533.99 50.4692 -3.62113e-07 5533.99 
12 46.3984 1.57124e-07 5527.19 0 0 0 58.1236 0 0 2.68873e-07 2.8337e-17 2.14595e-06 -3.00868e-08 0.0726188 3.9815e-07 5.01602 50.4508 1.50233e-07 5533.79 50.4508 1.50233e-07 5533.79 
12.1 46.3873 1.62023e-07 5527.26 0 0 0 58.1236 0 0 2.68863e-07 2.03719e-17 2.14596e-06 -3.8947e-08 0.1406 4.15154e-07 5.01604 50.4343 1.57792e-07 5533.9 50.4343 1.57791e-07 5533.9 
12.2 46.3503 -4.10145e-09 5527.22 0 0 0 58.1236 0 0 2.6886e-07 7.58399e-18 2.14593e-06 -1.06508e-08 -0.168126 7.54165e-08 5.01606 50.4012 -7.21335e-09 5533.82 50.4012 -7.21322e-09 5533.82 
12.3 46.3438 -4.81014e-08 5527.35 0 0 0 58.1236 0 0 2.68849e-07 2.79423e-18 2.14594e-06 1.6702e-09 0.152471 2.52399e-09 5.01608 50.3919 -4.31651e-08 5533.95 50.3919 -4.31653e-08 5533.95 
12.4 46.3164 -9.84808e-09 5527.3 0 0 0 58.1236 0 0 2.68843e-07 8.6104e-18 2.14593e-06 -4.96542e-09 0.0774133 8.83952e-08 5.01609 50.3628 -6.4186e-09 5533.9 50.3628 -6.41864e-09 5533.9 
12.5 46.2933 -1.05919e-08 5527.21 0 0 0 58.1236 0 0 2.68836e-07 3.75877e-18 2.14589e-06 -7.79615e-09 0.0368112 8.6463e-08 5.0161 50.3334 -8.38667e-09 5533.84 50.3334 -8.38679e-09 5533.84 
12.6 46.2686 -3.484e-08 5527.12 0 0 0 58.1236 0 0 2.68825e-07 1.33493e-18 2.14596e-06 -2.49657e-09 0.148123 3.41261e-08 5.01609 50.3102 -3.1049e-08 5533.72 50.3102 -3.10493e-08 5533.72 
12.7 46.2376 -3.50907e-08 5527.11 0 0 0 58.1236 0 0 2.68817e-07 3.11989e-18 2.14591e-06 -2.85675e-09 -0.143475 3.90788e-08 5.01609 50.2657 -3.03524e-08 5533.8 50.2657 -3.03521e-08 5533.8 
12.8 46.2057 -3.03758e-08 5527.09 0 0 0 58.1236 0 0 2.68801e-07 5.18323e-18 2.14601e-06 -5.51589e-09 0.0201775 6.60573e-08 5.01608 50.2412 -2.59168e-08 5533.72 50.2412 -2.59172e-08 5533.72 
12.9 46.1649 -2.48048e-08 5527.1 0 0 0 58.1236 0 0 2.68786e-07 4.52738e-18 2.14603e-06 -6.31962e-09 0.022913 7.44701e-08 5.01608 50.1985 -2.06566e-08 5533.73 50.1985 -2.06567e-08 5533.73 
13 46.1385 -2.47713e-08 5527.09 0 0 0 58.1236 0 0 2.68777e-07 4.37956e-18 2.14603e-06 -6.65424e-09 -0.0131862 7.64242e-08 5.01608 50.1702 -2.01853e-08 5533.72 50.1702 -2.01851e-08 5533.72 
13.1 46.093 -2.91237e-08 5527.1 0 0 0 58.1236 0 0 2.68765e-07 3.81256e-18 2.146e-06 -8.75239e-09 -0.0295098 9.26476e-08 5.01606 50.1262 -2.30113e-08 5533.72 50.1262 -2.30113e-08 5533.72 
13.2 46.0661 -3.23325e-08 5527.04 0 0 0 58.1236 0 0 2.68746e-07 3.81799e-18 2.1461e-06 -9.09653e-09 0.0853572 9.58452e-08 5.01605 50.0951 -2.56106e-08 5533.68 50.0951 -2.56105e-08 5533.68 
13.3 46.0048 -3.24247e-08 5527.09 0 0 0 58.1236 0 0 2.6869e-07 3.80692e-18 2.14672e-06 -9.7416e-09 0.0349212 1.00303e-07 5.01605 50.0416 -2.54194e-08 5533.67 50.0416 -2.54191e-08 5533.67 
13.4 45.97 -3.08936e-08 5527.15 0 0 0 58.1236 0 0 2.68695e-07 3.8206e-18 2.14635e-06 -1.04393e-08 -0.00901315 1.03823e-07 5.01607 50.0056 -2.36898e-08 5533.73 50.0056 -2.36899e-08 5533.73 
13.5 45.9438 -2.97119e-08 5526.82 0 0 0 58.1236 0 0 2.68713e-07 3.82486e-18 2.14558e-06 -8.43218e-09 0.581814 8.71645e-08 5.01612 49.9677 -2.35906e-08 5533.46 49.9677 -2.35912e-08 5533.46 
13.6 45.893 -2.60433e-08 5527.07 0 0 0 58.1236 0 0 2.68674e-07 4.03118e-18 2.14629e-06 -8.55477e-09 0.0249539 8.65342e-08 5.01604 49.922 -2.01779e-08 5533.66 49.922 -2.0178e-08 5533.66 
13.7 45.8614 -2.87622e-08 5527.11 0 0 0 58.1236 0 0 2.68654e-07 3.64054e-18 2.14646e-06 -7.74409e-09 -0.00780723 8.02575e-08 5.01603 49.8886 -2.29526e-08 5533.7 49.8886 -2.29529e-08 5533.7 
13.8 45.8264 -2.62276e-08 5526.98 0 0 0 58.1236 0 0 2.68633e-07 3.61732e-18 2.14652e-06 -7.26146e-09 0.255564 7.55437e-08 5.01602 49.8521 -2.09183e-08 5533.56 49.8521 -2.09183e-08 5533.56 
13.9 45.8 -2.35883e-08 5527.07 0 0 0 58.1236 0 0 2.68622e-07 3.46358e-18 2.14653e-06 -6.32503e-09 0.244621 6.68491e-08 5.01602 49.8246 -1.89466e-08 5533.64 49.8246 -1.89468e-08 5533.64 
14 45.7632 -2.04395e-08 5526.89 0 0 0 58.1236 0 0 2.68608e-07 3.72115e-18 2.14654e-06 -5.24783e-09 0.329541 5.69388e-08 5.01601 49.7869 -1.66162e-08 5533.45 49.7869 -1.66163e-08 5533.45 
14.1 45.7438 -1.6926e-08 5527.05 0 0 0 58.1236 0 0 2.68602e-07 3.38271e-18 2.14652e-06 -4.27459e-09 0.247313 4.77121e-08 5.01601 49.7667 -1.38685e-08 5533.6 49.7667 -1.38685e-08 5533.6 
14.2 45.7181 -1.38338e-08 5527.03 0 0 0 58.1236 0 0 2.68594e-07 3.59769e-18 2.14651e-06 -3.30797e-09 0.210755 3.88698e-08 5.01601 49.7404 -1.15139e-08 5533.56 49.7404 -1.15139e-08 5533.56 
14.3 45.6938 -1.03431e-08 5526.88 0 0 0 58.1236 0 0 2.68586e-07 3.39725e-18 2.14648e-06 -2.55175e-09 0.242366 3.14563e-08 5.016 49.7156 -8.67279e-09 5533.41 49.7156 -8.67267e-09 5533.41 
14.4 45.6791 -7.20229e-09 5526.93 0 0 0 58.1236 0 0 2.68581e-07 3.36769e-18 2.14646e-06 -1.93369e-09 0.224385 2.50763e-08 5.01599 49.7007 -6.08489e-09 5533.45 49.7007 -6.0851e-09 5533.45 
14.5 45.6661 -4.65959e-09 5526.98 0 0 0 58.1236 0 0 2.68579e-07 3.58812e-18 2.14637e-06 -1.4336e-09 0.171076 2.00298e-08 5.016 49.6875 -3.96811e-09 5533.5 49.6875 -3.96766e-09 5533.5 
14.6 45.6516 -1.99616e-09 5526.65 0 0 0 58.1236 0 0 2.68572e-07 3.64639e-18 2.1464e-06 -1.14364e-09 0.235642 1.63458e-08 5.01599 49.6731 -1.50081e-09 5533.15 49.6731 -1.50079e-09 5533.15 
14.7 45.6505 -3.78027e-10 5527.09 0 0 0 58.1236 0 0 2.68572e-07 3.64639e-18 2.1464e-06 -6.7027e-10 0.0868749 1.14719e-08 5.01599 49.6722 3.9352e-11 5533.59 49.6722 4.00523e-11 5533.59 
14.8 45.644 2.0277e-09 5526.69 0 0 0 58.1236 0 0 2.68565e-07 2.55349e-18 2.14642e-06 -4.48481e-10 0.270705 6.6298e-09 5.01598 49.666 1.39079e-09 5533.18 49.666 1.39017e-09 5533.18 
14.9 45.6413 3.48761e-09 5526.35 0 0 0 58.1236 0 0 2.68635e-07 5.45542e-18 2.14155e-06 7.93784e-10 0.334138 1.95458e-09 5.01598 49.6637 2.59853e-09 5532.84 49.6637 2.59879e-09 5532.84 
15 45.6442 4.76562e-09 5526.77 0 0 0 58.1236 0 0 2.68635e-07 5.45542e-18 2.14155e-06 1.32579e-09 0.241376 -3.54107e-09 5.01598 49.6672 3.67359e-09 5533.26 49.6672 3.67377e-09 5533.26 
15.1 45.6482 7.6607e-09 5526.47 0 0 0 58.1236 0 0 2.68571e-07 2.64954e-18 2.14135e-06 8.86883e-10 0.272407 -5.49299e-09 5.01596 49.6719 5.75524e-09 5532.95 49.6719 5.75519e-09 5532.95 
15.2 45.653 9.97717e-09 5526.87 0 0 0 58.1236 0 0 2.68571e-07 2.64954e-18 2.14135e-06 1.18889e-09 0.209012 -8.87878e-09 5.01596 49.6772 7.79526e-09 5533.34 49.6772 7.79483e-09 5533.34 
15.3 45.6616 2.25819e-08 5526.87 0 0 0 58.1236 0 0 2.68666e-07 -3.50164e-18 2.14274e-06 -1.01116e-08 0.103052 6.32899e-08 5.01596 49.6867 4.25848e-08 5533.34 49.6867 4.25845e-08 5533.34 
15.4 45.6721 -7.40169e-08 5526.87 0 0 0 58.1236 0 0 2.68575e-07 1.90006e-17 2.14632e-06 2.36474e-08 0.0974715 -1.51061e-07 5.01595 49.698 -4.61897e-08 5533.33 49.698 -4.61887e-08 5533.33 
15.5 45.6838 -1.85565e-08 5526.83 0 0 0 58.1236 0 0 2.68578e-07 7.43353e-17 2.14627e-06 3.0204e-08 0.123086 -7.86234e-08 5.01594 49.7106 -1.08654e-08 5533.29 49.7106 -1.08653e-08 5533.29 
15.6 45.7057 1.19184e-08 5526.61 0 0 0 58.1236 0 0 2.68594e-07 2.55876e-17 2.14619e-06 7.20762e-09 0.0193166 -2.62848e-08 5.01593 49.7337 1.35011e-08 5533.06 49.7337 1.35013e-08 5533.06 
15.7 45.7151 3.06072e-08 5526.9 0 0 0 58.1236 0 0 2.68594e-07 2.55876e-17 2.14619e-06 3.24278e-09 0.049743 1.2047e-08 5.01593 49.7441 3.22226e-08 5533.35 49.7441 3.22222e-08 5533.35 
15.8 45.7396 2.33845e-07 5526.77 0 0 0 58.1236 0 0 2.68597e-07 -2.06593e-16 2.14635e-06 -7.89308e-08 -0.0203166 6.60658e-07 5.01592 49.7698 2.37879e-07 5533.21 49.7698 2.37879e-07 5533.21 
15.9 45.7501 4.70375e-07 5527.01 0 0 0 58.1236 0 0 2.68597e-07 -2.06593e-16 2.14635e-06 -1.79125e-07 0.0369038 1.5764e-06 5.01592 49.7813 5.77285e-07 5533.45 49.7813 5.77285e-07 5533.45 
16 45.7741 8.32938e-09 5526.91 0 0 0 58.1236 0 0 2.68613e-07 -5.05862e-16 2.14621e-06 -3.20808e-07 0.0129869 4.50979e-08 5.01591 49.8066 1.53446e-07 5533.35 49.8066 1.53445e-07 5533.35 
16.1 45.7923 -2.86534e-07 5526.98 0 0 0 58.1236 0 0 2.68624e-07 -1.27069e-17 2.14604e-06 5.8902e-08 0.0219815 -5.11705e-07 5.0159 49.826 -1.48389e-07 5533.41 49.826 -1.48389e-07 5533.41 
16.2 45.8079 -1.1701e-06 5526.94 0 0 0 58.1236 0 0 2.68636e-07 -5.75135e-17 2.14604e-06 2.34869e-07 -0.178388 -2.65641e-06 5.0159 49.8429 -1.15317e-06 5533.37 49.8429 -1.15317e-06 5533.37 
16.3 45.8271 -6.4488e-07 5526.92 0 0 0 58.1236 0 0 2.68649e-07 -1.24388e-17 2.14599e-06 6.70722e-09 -0.356768 -1.76248e-06 5.01589 49.8634 -7.85493e-07 5533.35 49.8634 -7.85493e-07 5533.35 
16.4 45.8564 7.43151e-07 5527.05 0 0 0 58.1236 0 0 2.68649e-07 -1.24388e-17 2.14599e-06 -3.66006e-07 -0.0471126 1.38013e-06 5.01589 49.8937 6.46473e-07 5533.47 49.8937 6.46473e-07 5533.47 
16.5 45.8794 1.45422e-07 5527.07 0 0 0 58.1236 0 0 2.68655e-07 6.97296e-16 2.14639e-06 3.5179e-07 -0.23344 3.34329e-07 5.01588 49.9182 2.09478e-07 5533.49 49.9182 2.09479e-07 5533.49 
16.6 45.8982 5.12312e-07 5527.24 0 0 0 58.1236 0 0 2.68689e-07 9.0745e-16 2.14607e-06 -1.16479e-08 -0.932387 1.21593e-06 5.01587 49.9385 5.9071e-07 5533.66 49.9385 5.90709e-07 5533.66 
16.7 45.9287 1.06257e-06 5527.19 0 0 0 58.1236 0 0 2.68689e-07 9.0745e-16 2.14607e-06 -1.56366e-07 -0.55842 2.4992e-06 5.01587 49.97 1.12827e-06 5533.61 49.97 1.12827e-06 5533.61 
16.8 45.9593 1.78334e-06 5527.12 0 0 0 58.1236 0 0 2.68689e-07 9.0745e-16 2.14607e-06 -3.42429e-07 -0.173677 4.22655e-06 5.01587 50.0016 1.83349e-06 5533.54 50.0016 1.83349e-06 5533.54 
16.9 45.9788 6.83025e-07 5527.54 0 0 0 58.1236 0 0 2.6868e-07 3.49825e-15 2.14737e-06 3.2065e-07 -0.981029 2.43123e-06 5.01586 50.0233 1.13794e-06 5533.96 50.0233 1.13794e-06 5533.96 
17 46.0054 -3.3193e-07 5527.39 0 0 0 58.1236 0 0 2.6868e-07 3.49825e-15 2.14737e-06 6.19537e-07 -0.61886 -2.66714e-07 5.01586 50.0512 5.96049e-08 5533.8 50.0512 5.96045e-08 5533.8 
17.1 46.0312 -1.82316e-06 5527.21 0 0 0 58.1236 0 0 2.6868e-07 3.49825e-15 2.14737e-06 1.05564e-06 -0.260973 -4.18679e-06 5.01586 50.0783 -1.50711e-06 5533.63 50.0783 -1.50711e-06 5533.63 
17.2 46.0588 3.14681e-07 5527.74 0 0 0 58.1236 0 0 2.68749e-07 -3.52182e-15 2.1457e-06 -6.17166e-07 -0.852911 -1.63721e-06 5.01586 50.1042 -5.85346e-07 5534.18 50.1042 -5.85346e-07 5534.18 
17.3 46.0856 1.2539e-06 5527.46 0 0 0 58.1236 0 0 2.68749e-07 -3.52182e-15 2.1457e-06 -9.23453e-07 -0.435185 1.3188e-06 5.01586 50.1321 5.50173e-07 5533.89 50.1321 5.50172e-07 5533.89 
17.4 46.113 2.71443e-06 5527.14 0 0 0 58.1236 0 0 2.68749e-07 -3.52182e-15 2.1457e-06 -1.40126e-06 0.00284637 5.87118e-06 5.01586 50.1605 2.29769e-06 5533.57 50.1605 2.29769e-06 5533.57 
17.5 46.1312 9.72472e-07 5527.39 0 0 0 58.1236 0 0 2.68758e-07 -4.29062e-16 2.14605e-06 -3.29611e-07 -0.292046 2.54396e-06 5.01586 50.1816 1.00968e-06 5533.81 50.1816 1.00968e-06 5533.81 
17.6 46.1608 5.04673e-07 5527.63 0 0 0 58.1236 0 0 2.68772e-07 2.58965e-16 2.14604e-06 -1.02754e-07 -0.530571 1.28186e-06 5.01587 50.2053 5.81661e-07 5534.11 50.2053 5.81661e-07 5534.11 
17.7 46.1743 8.16792e-07 5527.27 0 0 0 58.1236 0 0 2.68772e-07 2.58965e-16 2.14604e-06 -1.58827e-07 -0.222786 2.33932e-06 5.01587 50.2248 1.00351e-06 5533.71 50.2248 1.00351e-06 5533.71 
17.8 46.1888 4.26089e-07 5527.14 0 0 0 58.1236 0 0 2.68776e-07 -1.46301e-17 2.14605e-06 -8.68679e-08 -0.160026 7.2922e-07 5.01586 50.2396 4.05791e-07 5533.59 50.2396 4.05791e-07 5533.59 
17.9 46.2058 1.15029e-07 5527.12 0 0 0 58.1236 0 0 2.6878e-07 -3.15848e-17 2.1461e-06 -1.93201e-08 -0.122172 1.17298e-07 5.01586 50.2567 1.28996e-07 5533.59 50.2567 1.28997e-07 5533.59 
18 46.2189 -3.08894e-08 5527.1 0 0 0 58.1236 0 0 2.68783e-07 -2.12805e-17 2.14613e-06 1.10969e-08 -0.0749138 -1.73402e-07 5.01586 50.2707 -2.41494e-08 5533.57 50.2707 -2.41492e-08 5533.57 
18.1 46.233 -4.48499e-08 5527.18 0 0 0 58.1236 0 0 2.68789e-07 -4.87522e-18 2.14615e-06 1.48708e-08 -0.0558975 -1.86312e-07 5.01586 50.2854 -4.29712e-08 5533.65 50.2854 -4.29711e-08 5533.65 
18.2 46.2398 -4.79388e-08 5527.14 0 0 0 58.1236 0 0 2.68792e-07 1.12249e-18 2.14615e-06 1.57439e-08 -0.0432797 -1.91079e-07 5.01587 50.293 -4.89246e-08 5533.61 50.293 -4.89244e-08 5533.61 
18.3 46.2524 -3.06393e-08 5527.47 0 0 0 58.1236 0 0 2.68799e-07 6.23974e-18 2.14615e-06 1.31756e-08 -0.129933 -1.51618e-07 5.01588 50.3055 -3.29533e-08 5533.94 50.3055 -3.29531e-08 5533.94 
18.4 46.2574 -2.19143e-08 5527.44 0 0 0 58.1236 0 0 2.68802e-07 7.33676e-18 2.14615e-06 1.07929e-08 -0.125753 -1.24225e-07 5.01589 50.3108 -2.40942e-08 5533.91 50.3108 -2.40939e-08 5533.91 
18.5 46.2642 -9.30494e-09 5527.33 0 0 0 58.1236 0 0 2.68806e-07 5.60812e-18 2.14612e-06 6.78317e-09 -0.0731509 -9.33647e-08 5.0159 50.3158 -1.26992e-08 5533.82 50.3158 -1.26993e-08 5533.82 
18.6 46.2563 -4.0215e-10 5527.31 0 0 0 58.1236 0 0 2.68809e-07 7.59739e-18 2.14617e-06 4.74071e-09 -0.206898 -6.54463e-08 5.01588 50.3125 -2.762e-09 5533.77 50.3125 -2.76175e-09 5533.77 
18.7 46.2762 6.07418e-09 5527.09 0 0 0 58.1236 0 0 2.68813e-07 5.1653e-18 2.14602e-06 2.04602e-09 0.135276 -4.31841e-08 5.01591 50.3256 4.04221e-09 5533.59 50.3256 4.04207e-09 5533.59 
18.8 46.2794 6.72668e-09 5527.23 0 0 0 58.1236 0 0 2.68814e-07 5.15354e-18 2.14617e-06 2.14683e-09 0.0492037 -3.81096e-08 5.01589 50.3284 4.82677e-09 5533.75 50.3284 4.82688e-09 5533.75 
18.9 46.2647 5.10369e-09 5527.16 0 0 0 58.1236 0 0 2.68815e-07 3.97398e-18 2.14616e-06 1.07876e-09 -0.0889274 -2.75334e-08 5.0159 50.3174 4.23728e-09 5533.65 50.3174 4.23786e-09 5533.65 
19 46.2605 -1.7792e-09 5527.23 0 0 0 58.1236 0 0 2.68815e-07 2.95189e-18 2.14616e-06 7.31344e-10 -0.141391 -2.15493e-08 5.01591 50.3121 -1.61776e-09 5533.73 50.3121 -1.61735e-09 5533.73 
19.1 46.2524 -8.2224e-09 5527.29 0 0 0 58.1236 0 0 2.68811e-07 3.24978e-18 2.14619e-06 2.98764e-10 -0.130418 -1.39626e-08 5.01591 50.3036 -7.16896e-09 5533.8 50.3036 -7.16902e-09 5533.8 
19.2 46.2453 -1.31225e-08 5527.25 0 0 0 58.1236 0 0 2.68808e-07 3.25157e-18 2.14622e-06 -1.21871e-10 -0.1142 -6.81688e-09 5.01591 50.2957 -1.15313e-08 5533.77 50.2957 -1.15309e-08 5533.77 
19.3 46.2338 -1.70735e-08 5527.18 0 0 0 58.1236 0 0 2.68804e-07 3.36845e-18 2.14623e-06 -5.48899e-10 -0.103752 -4.2793e-11 5.01592 50.284 -1.50254e-08 5533.71 50.284 -1.50253e-08 5533.71 
19.4 46.226 -2.13171e-08 5527.13 0 0 0 58.1236 0 0 2.688e-07 3.36458e-18 2.14624e-06 -6.23678e-10 -0.0354269 4.28339e-09 5.01593 50.2753 -1.89975e-08 5533.66 50.2753 -1.8998e-08 5533.66 
19.5 46.2079 -2.67436e-08 5527.21 0 0 0 58.1236 0 0 2.68797e-07 6.60707e-18 2.1462e-06 9.9758e-10 0.0263845 1.7534e-09 5.01594 50.2579 -2.49408e-08 5533.74 50.2579 -2.4941e-08 5533.74 
19.6 46.1876 -3.75996e-08 5527.24 0 0 0 58.1236 0 0 2.68783e-07 4.40232e-17 2.14629e-06 4.504e-09 0.0330846 -3.74524e-09 5.01596 50.2353 -3.04219e-08 5533.78 50.2353 -3.04212e-08 5533.78 
19.7 46.1665 7.77035e-09 5527.29 0 0 0 58.1236 0 0 2.68782e-07 -5.17405e-17 2.14627e-06 -8.34166e-09 0.0837817 7.54913e-08 5.01595 50.217 -9.89583e-09 5533.81 50.217 -9.89573e-09 5533.81 
19.8 46.1634 1.18257e-08 5527.13 0 0 0 58.1236 0 0 2.68782e-07 -5.17405e-17 2.14627e-06 -2.31624e-08 0.112351 2.1196e-07 5.01595 50.2114 4.41456e-08 5533.66 50.2114 4.41455e-08 5533.66 
19.9 46.1409 2.99458e-07 5527.15 0 0 0 58.1236 0 0 2.6878e-07 -4.30536e-16 2.14616e-06 -1.61075e-07 0.0203828 1.50578e-06 5.01596 50.1877 5.1296e-07 5533.68 50.1877 5.1296e-07 5533.68 
20 46.1259 -8.66263e-08 5527.13 0 0 0 58.1236 0 0 2.68768e-07 -1.48946e-16 2.14631e-06 -1.93368e-08 0.0128583 -4.11348e-07 5.01597 50.1735 -1.59655e-09 5533.65 50.1735 -1.59581e-09 5533.65 
20.1 46.1079 -3.19684e-07 5527.11 0 0 0 58.1236 0 0 2.68762e-07 -4.14731e-17 2.14629e-06 4.676e-08 0.0376743 -5.44436e-07 5.01598 50.153 -2.84338e-07 5533.65 50.153 -2.84338e-07 5533.65 
20.2 46.0805 -9.58249e-08 5527.11 0 0 0 58.1236 0 0 2.68751e-07 -1.9213e-18 2.14634e-06 1.19419e-08 -0.0144853 -7.92169e-08 5.01598 50.1237 -8.37173e-08 5533.66 50.1237 -8.37168e-08 5533.66 
20.3 46.0708 -4.31531e-08 5527.07 0 0 0 58.1236 0 0 2.68746e-07 1.54597e-17 2.14634e-06 4.7786e-09 0.0857684 3.19854e-08 5.01598 50.1123 -3.80852e-08 5533.63 50.1123 -3.8085e-08 5533.63 
20.4 46.0393 -3.45474e-08 5527.13 0 0 0 58.1236 0 0 2.68737e-07 7.86009e-18 2.14638e-06 1.10035e-10 0.0479309 4.74575e-08 5.01598 50.0854 -3.24323e-08 5533.64 50.0854 -3.24323e-08 5533.64 
20.5 46.0164 -3.88994e-08 5527.1 0 0 0 58.1236 0 0 2.68729e-07 3.92711e-18 2.14637e-06 -4.22917e-10 -0.00130122 3.78972e-08 5.01598 50.0594 -3.67523e-08 5533.64 50.0594 -3.67525e-08 5533.64 
20.6 45.9986 -4.03251e-08 5527.09 0 0 0 58.1236 0 0 2.68722e-07 4.01683e-18 2.14639e-06 -5.51368e-10 0.0889434 4.08674e-08 5.01599 50.0414 -3.78262e-08 5533.63 50.0414 -3.78261e-08 5533.63 
20.7 45.9679 -3.96814e-08 5527.17 0 0 0 58.1236 0 0 2.68717e-07 3.47568e-18 2.14638e-06 -1.39673e-09 -0.270065 4.73329e-08 5.01599 50.0095 -3.66131e-08 5533.71 50.0095 -3.66123e-08 5533.71 
20.8 45.9571 -3.93378e-08 5527.08 0 0 0 58.1236 0 0 2.68706e-07 3.16526e-18 2.1464e-06 -1.55288e-09 0.0625789 5.20739e-08 5.016 49.9985 -3.62762e-08 5533.62 49.9985 -3.62757e-08 5533.62 
20.9 45.932 -3.63835e-08 5527.07 0 0 0 58.1236 0 0 2.68698e-07 3.60643e-18 2.14642e-06 -1.74158e-09 0.071863 5.53034e-08 5.01599 49.9741 -3.36238e-08 5533.59 49.9741 -3.36234e-08 5533.59 
21 45.9219 -3.62277e-08 5527.08 0 0 0 58.1236 0 0 2.68695e-07 3.62426e-18 2.14636e-06 -1.44365e-09 0.12093 5.46957e-08 5.016 49.9623 -3.37281e-08 5533.61 49.9623 -3.37279e-08 5533.61 
21.1 45.9031 -3.30617e-08 5527.05 0 0 0 58.1236 0 0 2.68686e-07 3.36921e-18 2.14643e-06 -1.21786e-09 0.158193 5.28955e-08 5.01599 49.9434 -3.06788e-08 5533.58 49.9434 -3.06793e-08 5533.58 
21.2 45.8813 -3.00537e-08 5527.09 0 0 0 58.1236 0 0 2.68681e-07 2.04472e-18 2.14639e-06 -1.8978e-09 0.0411403 5.3231e-08 5.01601 49.9216 -2.79975e-08 5533.61 49.9216 -2.79976e-08 5533.61 
21.3 45.8725 -2.97907e-08 5527.07 0 0 0 58.1236 0 0 2.68674e-07 3.37177e-18 2.14637e-06 -6.91989e-10 0.16479 4.59356e-08 5.01602 49.9108 -2.85721e-08 5533.6 49.9108 -2.85718e-08 5533.6 
21.4 45.8618 -2.56439e-08 5527.05 0 0 0 58.1236 0 0 2.6868e-07 4.36452e-18 2.14632e-06 7.72268e-10 0.106948 4.17603e-08 5.01598 49.8975 -2.65651e-08 5533.61 49.8975 -2.6565e-08 5533.61 
21.5 45.8407 -2.57003e-08 5527.12 0 0 0 58.1236 0 0 2.68668e-07 2.95978e-18 2.1464e-06 3.13664e-10 0.105638 3.71981e-08 5.016 49.8817 -2.48388e-08 5533.62 49.8817 -2.4839e-08 5533.62 
21.6 45.8252 -1.96363e-08 5527.08 0 0 0 58.1236 0 0 2.68663e-07 3.24757e-18 2.14639e-06 -1.29448e-09 -0.0232912 5.01843e-08 5.016 49.8643 -1.85499e-08 5533.6 49.8643 -1.85504e-08 5533.6 
21.7 45.8198 -1.60885e-08 5527.01 0 0 0 58.1236 0 0 2.68656e-07 3.76349e-18 2.14639e-06 -1.48268e-09 0.118185 5.18466e-08 5.016 49.8571 -1.52976e-08 5533.53 49.8571 -1.52976e-08 5533.53 
21.8 45.8049 -1.2384e-08 5527 0 0 0 58.1236 0 0 2.68653e-07 3.55729e-18 2.14639e-06 -1.90635e-09 0.0900103 5.25243e-08 5.01599 49.8445 -1.173e-08 5533.51 49.8445 -1.17305e-08 5533.51 
21.9 45.7927 -7.52912e-09 5526.98 0 0 0 58.1236 0 0 2.68649e-07 3.42379e-18 2.14641e-06 -2.01743e-09 0.0559134 5.03736e-08 5.01599 49.8331 -7.24013e-09 5533.48 49.8331 -7.23967e-09 5533.48 
22 45.7941 -6.22031e-09 5527.06 0 0 0 58.1236 0 0 2.68646e-07 3.51005e-18 2.14638e-06 -1.79291e-09 0.146156 4.7552e-08 5.016 49.8334 -6.11153e-09 5533.56 49.8334 -6.11099e-09 5533.56 
22.1 45.7796 -1.62678e-09 5527.09 0 0 0 58.1236 0 0 2.68642e-07 3.60317e-18 2.14642e-06 -1.93227e-09 0.0415593 4.56408e-08 5.01599 49.8219 -1.77396e-09 5533.57 49.8219 -1.77356e-09 5533.57 
22.2 45.7764 2.8943e-09 5527.04 0 0 0 58.1236 0 0 2.68642e-07 3.51269e-18 2.14639e-06 -1.8263e-09 0.0466621 4.16154e-08 5.01599 49.8164 2.36646e-09 5533.53 49.8164 2.36677e-09 5533.53 
22.3 45.7784 5.84698e-09 5526.98 0 0 0 58.1236 0 0 2.68637e-07 3.64731e-18 2.14641e-06 -1.54736e-09 0.147457 3.6743e-08 5.01599 49.8169 5.01081e-09 5533.48 49.8169 5.01067e-09 5533.48 
22.4 45.776 9.54998e-09 5526.99 0 0 0 58.1236 0 0 2.68639e-07 3.55542e-18 2.14635e-06 -1.53365e-09 0.133462 3.34217e-08 5.016 49.8154 8.49383e-09 5533.48 49.8154 8.49399e-09 5533.48 
22.5 45.7714 1.45052e-08 5527.02 0 0 0 58.1236 0 0 2.68639e-07 3.66329e-18 2.14637e-06 -1.47346e-09 0.0518622 2.90461e-08 5.01598 49.8128 1.30737e-08 5533.5 49.8128 1.30737e-08 5533.5 
22.6 45.7732 1.87417e-08 5527.02 0 0 0 58.1236 0 0 2.6864e-07 3.60695e-18 2.14637e-06 -1.36667e-09 0.0350533 2.43957e-08 5.01598 49.8142 1.69831e-08 5533.49 49.8142 1.69835e-08 5533.49 
22.7 45.7804 2.10989e-08 5526.99 0 0 0 58.1236 0 0 2.68639e-07 3.84152e-18 2.14638e-06 -1.2362e-09 0.091307 2.01264e-08 5.01598 49.8201 1.9194e-08 5533.48 49.8201 1.91936e-08 5533.48 
22.8 45.7851 2.41613e-08 5526.99 0 0 0 58.1236 0 0 2.68643e-07 3.65363e-18 2.14631e-06 -1.26929e-09 0.0911133 1.65893e-08 5.01598 49.8253 2.21466e-08 5533.47 49.8253 2.21463e-08 5533.47 
22.9 45.7905 2.81579e-08 5527.01 0 0 0 58.1236 0 0 2.68645e-07 3.40037e-18 2.14634e-06 -1.02489e-09 0.0793511 1.03026e-08 5.01597 49.8324 2.57853e-08 5533.48 49.8324 2.57856e-08 5533.48 
23 45.8008 3.11088e-08 5526.99 0 0 0 58.1236 0 0 2.68647e-07 3.77483e-18 2.14632e-06 -8.16687e-10 0.090655 4.66876e-09 5.01598 49.8412 2.8518e-08 5533.47 49.8412 2.85178e-08 5533.47 
23.1 45.8064 3.45582e-08 5527.01 0 0 0 58.1236 0 0 2.68652e-07 3.63065e-18 2.14629e-06 -9.4728e-10 0.0221688 1.19868e-09 5.01597 49.8487 3.18772e-08 5533.47 49.8487 3.18774e-08 5533.47 
23.2 45.8206 3.66269e-08 5527.06 0 0 0 58.1236 0 0 2.68652e-07 3.21982e-18 2.14632e-06 -7.29237e-10 0.0968376 -4.17661e-09 5.01597 49.8599 3.37557e-08 5533.55 49.8599 3.37561e-08 5533.55 
23.3 45.8263 3.94953e-08 5527.03 0 0 0 58.1236 0 0 2.6866e-07 3.16582e-18 2.14629e-06 -8.83682e-10 -0.00706626 -7.64987e-09 5.01596 49.8688 3.66107e-08 5533.49 49.8688 3.66108e-08 5533.49 
23.4 45.8409 4.0558e-08 5527.02 0 0 0 58.1236 0 0 2.68662e-07 3.68008e-18 2.14629e-06 -8.55924e-10 0.043987 -1.15382e-08 5.01596 49.8827 3.77261e-08 5533.49 49.8827 3.77259e-08 5533.49 
23.5 45.8523 4.23158e-08 5526.98 0 0 0 58.1236 0 0 2.68667e-07 3.25956e-18 2.14629e-06 -8.82844e-10 -0.0417697 -1.54749e-08 5.01596 49.8942 3.94764e-08 5533.46 49.8942 3.94765e-08 5533.46 
23.6 45.8676 4.22985e-08 5526.97 0 0 0 58.1236 0 0 2.68671e-07 3.29456e-18 2.14629e-06 -5.72933e-10 0.028256 -2.08401e-08 5.01596 49.9099 3.94388e-08 5533.45 49.9099 3.94389e-08 5533.45 
23.7 45.8742 4.53281e-08 5527.09 0 0 0 58.1236 0 0 2.68675e-07 3.12689e-18 2.14627e-06 -5.83229e-10 -0.0493778 -2.4657e-08 5.01596 49.917 4.22633e-08 5533.56 49.917 4.22631e-08 5533.56 
23.8 45.8924 4.44159e-08 5527.07 0 0 0 58.1236 0 0 2.68681e-07 3.33813e-18 2.14627e-06 4.34605e-11 0.0124533 -3.21405e-08 5.01595 49.9371 4.12849e-08 5533.52 49.9371 4.12844e-08 5533.52 
23.9 45.9043 4.48444e-08 5527.1 0 0 0 58.1236 0 0 2.68685e-07 3.28153e-18 2.14625e-06 1.50899e-10 -0.0369842 -3.56146e-08 5.01596 49.9479 4.17301e-08 5533.56 49.9479 4.173e-08 5533.56 
24 45.9226 4.4423e-08 5527.07 0 0 0 58.1236 0 0 2.68698e-07 3.49641e-18 2.14622e-06 6.26552e-10 -0.0482874 -4.14592e-08 5.01594 49.9675 4.11262e-08 5533.53 49.9675 4.11265e-08 5533.53 
24.1 45.9342 4.27282e-08 5527.12 0 0 0 58.1236 0 0 2.68699e-07 3.05828e-18 2.14621e-06 6.82746e-10 -0.0243555 -4.3615e-08 5.01595 49.9807 3.97396e-08 5533.56 49.9807 3.97403e-08 5533.56 
24.2 45.9688 4.6523e-08 5527.01 0 0 0 58.1236 0 0 2.68709e-07 2.97664e-18 2.14614e-06 2.56865e-09 0.0677562 -6.13449e-08 5.01598 50.0055 4.21474e-08 5533.51 50.0055 4.2147e-08 5533.51 
24.3 45.9934 4.19412e-08 5527.03 0 0 0 58.1236 0 0 2.68711e-07 3.13016e-18 2.14618e-06 4.01641e-09 0.385369 -7.11341e-08 5.01597 50.0304 3.76807e-08 5533.53 50.0304 3.76801e-08 5533.53 
24.4 45.9996 4.21571e-08 5527.13 0 0 0 58.1236 0 0 2.68757e-07 3.60636e-18 2.14558e-06 4.3848e-09 0.066469 -7.308e-08 5.01597 50.0391 3.77222e-08 5533.61 50.0391 3.77222e-08 5533.61 
24.5 46.0023 3.54275e-08 5527.26 0 0 0 58.1236 0 0 2.68813e-07 2.64652e-18 2.14474e-06 5.05901e-09 -0.203274 -8.07624e-08 5.01599 50.0488 3.13939e-08 5533.69 50.0488 3.13937e-08 5533.69 
24.6 46.0117 4.479e-08 5527.34 0 0 0 58.1236 0 0 2.68756e-07 2.94887e-18 2.14581e-06 4.57423e-09 -0.572483 -7.8114e-08 5.016 50.0537 3.98875e-08 5533.8 50.0537 3.98874e-08 5533.8 
24.7 46.0693 2.70874e-08 5527.01 0 0 0 58.1236 0 0 2.68744e-07 3.25817e-18 2.14603e-06 3.28736e-09 0.290537 -6.27944e-08 5.016 50.1075 2.43485e-08 5533.5 50.1075 2.43483e-08 5533.5 
24.8 46.0689 2.8743e-08 5527.08 0 0 0 58.1236 0 0 2.68762e-07 3.00281e-18 2.14579e-06 2.3573e-09 -0.188029 -5.54667e-08 5.01601 50.109 2.62073e-08 5533.58 50.109 2.62075e-08 5533.58 
24.9 46.076 2.11495e-08 5527.13 0 0 0 58.1236 0 0 2.68895e-07 2.9014e-18 2.14355e-06 1.80241e-09 -0.184479 -4.7854e-08 5.01598 50.1182 1.94759e-08 5533.62 50.1182 1.94766e-08 5533.62 
25 46.1047 1.38635e-08 5527.13 0 0 0 58.1236 0 0 2.6876e-07 3.51811e-18 2.14596e-06 3.57651e-09 0.0378471 -5.68235e-08 5.01602 50.1421 1.20689e-08 5533.65 50.1421 1.2069e-08 5533.65 
25.1 46.1184 1.38162e-08 5527.1 0 0 0 58.1236 0 0 2.68766e-07 6.10489e-18 2.14595e-06 5.88612e-09 0.0815529 -7.01215e-08 5.01604 50.1552 1.16001e-08 5533.62 50.1552 1.15997e-08 5533.62 
25.2 46.1366 8.4983e-10 5527.07 0 0 0 58.1236 0 0 2.68774e-07 3.91395e-18 2.14588e-06 1.23081e-08 0.163985 -1.27081e-07 5.01605 50.1713 -1.21238e-08 5533.6 50.1713 -1.21238e-08 5533.6 
25.3 46.1474 1.74629e-08 5527.21 0 0 0 58.1236 0 0 2.68791e-07 4.97583e-18 2.14577e-06 5.2469e-09 0.0114903 -5.90127e-08 5.01606 50.1857 1.35918e-08 5533.71 50.1857 1.35919e-08 5533.71 
25.4 46.1639 5.93408e-09 5527.17 0 0 0 58.1236 0 0 2.68798e-07 2.44389e-18 2.14571e-06 6.13489e-09 -0.0655575 -6.94862e-08 5.01607 50.1974 3.2699e-09 5533.7 50.1974 3.27031e-09 5533.7 
25.5 46.1686 2.98745e-09 5527.12 0 0 0 58.1236 0 0 2.68801e-07 2.7033e-18 2.14571e-06 5.5084e-09 -0.170903 -6.20995e-08 5.01607 50.2003 8.92627e-10 5533.67 50.2003 8.92581e-10 5533.67 
25.6 46.178 -1.43666e-09 5527.15 0 0 0 58.1236 0 0 2.68805e-07 3.1202e-18 2.14574e-06 4.64396e-09 -0.22562 -5.00923e-08 5.01605 50.2108 -2.95077e-09 5533.69 50.2108 -2.95057e-09 5533.69 
25.7 46.1864 -7.12824e-09 5527.1 0 0 0 58.1236 0 0 2.68805e-07 3.1926e-18 2.14577e-06 3.95143e-09 -0.189523 -4.07731e-08 5.01604 50.218 -7.95627e-09 5533.66 50.218 -7.95632e-09 5533.66 
25.8 46.1916 -1.14404e-08 5527.08 0 0 0 58.1236 0 0 2.68805e-07 3.13628e-18 2.14579e-06 3.28687e-09 -0.165768 -3.19415e-08 5.01604 50.2231 -1.16844e-08 5533.64 50.2231 -1.16843e-08 5533.64 
25.9 46.1978 -1.66467e-08 5527.07 0 0 0 58.1236 0 0 2.68804e-07 2.99522e-18 2.14582e-06 3.00889e-09 -0.109088 -2.52557e-08 5.01604 50.2285 -1.64259e-08 5533.64 50.2285 -1.64257e-08 5533.64 
26 46.199 -2.07023e-08 5527.09 0 0 0 58.1236 0 0 2.68802e-07 3.4896e-18 2.14582e-06 2.88543e-09 -0.0800107 -1.99954e-08 5.01605 50.2298 -2.02423e-08 5533.66 50.2298 -2.02421e-08 5533.66 
26.1 46.2016 -2.41925e-08 5527.12 0 0 0 58.1236 0 0 2.688e-07 3.54318e-18 2.14584e-06 3.04774e-09 -0.0270759 -1.66107e-08 5.01606 50.2317 -2.36073e-08 5533.69 50.2317 -2.36072e-08 5533.69 
26.2 46.2013 -2.76115e-08 5527.18 0 0 0 58.1236 0 0 2.68799e-07 3.30773e-18 2.14584e-06 3.14031e-09 -0.000750867 -1.2913e-08 5.01607 50.2304 -2.69473e-08 5533.75 50.2304 -2.69478e-08 5533.75 
26.3 46.2006 -3.05997e-08 5527.22 0 0 0 58.1236 0 0 2.68798e-07 3.3024e-18 2.14584e-06 3.25422e-09 0.0342922 -9.25595e-09 5.01608 50.2288 -2.98514e-08 5533.79 50.2288 -2.98513e-08 5533.79 
26.4 46.1979 -3.19236e-08 5527.22 0 0 0 58.1236 0 0 2.68801e-07 2.94465e-18 2.14583e-06 3.3482e-09 0.0333116 -6.71313e-09 5.01607 50.2256 -3.12415e-08 5533.79 50.2256 -3.12414e-08 5533.79 
26.5 46.1949 -3.2718e-08 5527.1 0 0 0 58.1236 0 0 2.68798e-07 3.18387e-18 2.14585e-06 3.35142e-09 0.0347087 -2.85154e-09 5.01607 50.2211 -3.2087e-08 5533.68 50.2211 -3.20867e-08 5533.68 
26.6 46.1846 -3.43928e-08 5527.11 0 0 0 58.1236 0 0 2.68798e-07 3.17548e-18 2.14585e-06 3.63307e-09 -0.0801852 -1.41149e-09 5.01607 50.2108 -3.3924e-08 5533.68 50.2108 -3.39241e-08 5533.68 
26.7 46.1841 -3.56654e-08 5527.13 0 0 0 58.1236 0 0 2.68797e-07 3.49089e-18 2.14585e-06 3.60595e-09 -0.0209526 3.09787e-09 5.01607 50.2086 -3.52345e-08 5533.71 50.2086 -3.52343e-08 5533.71 
26.8 46.1772 -3.60101e-08 5527.15 0 0 0 58.1236 0 0 2.68796e-07 3.46872e-18 2.14585e-06 3.27769e-09 -0.0529607 9.0988e-09 5.01607 50.2019 -3.55245e-08 5533.73 50.2019 -3.55246e-08 5533.73 
26.9 46.1725 -3.72934e-08 5527.12 0 0 0 58.1236 0 0 2.68794e-07 3.43009e-18 2.14585e-06 2.91598e-09 -0.038307 1.55053e-08 5.01607 50.1959 -3.66387e-08 5533.7 50.1959 -3.66387e-08 5533.7 
27 46.163 -3.42737e-08 5527.07 0 0 0 58.1236 0 0 2.68797e-07 3.64687e-18 2.14581e-06 1.22481e-09 -0.0209116 3.00126e-08 5.01601 50.1865 -3.30671e-08 5533.64 50.1865 -3.3067e-08 5533.64 
27.1 46.1389 -4.19042e-08 5527.17 0 0 0 58.1236 0 0 2.68806e-07 3.64176e-18 2.14552e-06 -1.28089e-10 -0.149748 4.63469e-08 5.01603 50.1668 -3.9508e-08 5533.72 50.1668 -3.95081e-08 5533.72 
27.2 46.1261 -4.11184e-08 5527.14 0 0 0 58.1236 0 0 2.68839e-07 3.46776e-18 2.14477e-06 -1.74534e-09 -0.180718 6.01323e-08 5.01605 50.155 -3.8116e-08 5533.68 50.155 -3.81162e-08 5533.68 
27.3 46.1288 -4.58261e-08 5527.03 0 0 0 58.1236 0 0 2.68783e-07 3.77718e-18 2.14588e-06 -1.02919e-09 0.140888 5.93952e-08 5.01595 50.1495 -4.27028e-08 5533.64 50.1495 -4.27021e-08 5533.64 
27.4 46.0997 -4.14896e-08 5527.12 0 0 0 58.1236 0 0 2.68788e-07 3.82467e-18 2.14554e-06 -2.02704e-09 -0.0384275 6.62162e-08 5.01607 50.1297 -3.85604e-08 5533.66 50.1297 -3.85608e-08 5533.66 
27.5 46.108 -4.27218e-08 5527.01 0 0 0 58.1236 0 0 2.68795e-07 3.67679e-18 2.14556e-06 -3.30302e-10 0.277291 5.48788e-08 5.01596 50.1279 -4.05082e-08 5533.61 50.1279 -4.05089e-08 5533.61 
27.6 46.0735 -3.07939e-08 5527.08 0 0 0 58.1236 0 0 2.68739e-07 3.51337e-18 2.14624e-06 -1.66666e-09 0.110316 6.26311e-08 5.016 50.1002 -2.95086e-08 5533.63 50.1002 -2.95083e-08 5533.63 
27.7 46.0549 -3.88932e-08 5527.17 0 0 0 58.1236 0 0 2.68737e-07 3.75497e-18 2.14627e-06 -1.93166e-09 0.0559342 6.98648e-08 5.01598 50.0824 -3.62958e-08 5533.72 50.0824 -3.62954e-08 5533.72 
27.8 46.0491 -3.2721e-08 5527.1 0 0 0 58.1236 0 0 2.68734e-07 3.74084e-18 2.14627e-06 -2.29178e-09 0.0463294 7.0692e-08 5.01598 50.0749 -3.05638e-08 5533.64 50.0749 -3.05634e-08 5533.64 
27.9 46.03 -3.15688e-08 5527.09 0 0 0 58.1236 0 0 2.68725e-07 3.90577e-18 2.14632e-06 -2.43e-09 0.0792059 7.17969e-08 5.01597 50.0554 -2.9441e-08 5533.63 50.0554 -2.94411e-08 5533.63 
28 46.0102 -2.74173e-08 5527.09 0 0 0 58.1236 0 0 2.68715e-07 3.71516e-18 2.14635e-06 -2.79064e-09 0.121391 7.2969e-08 5.01596 50.0357 -2.54386e-08 5533.63 50.0357 -2.54385e-08 5533.63 
28.1 45.9977 -2.47127e-08 5527.09 0 0 0 58.1236 0 0 2.68713e-07 3.57744e-18 2.14636e-06 -2.73715e-09 0.0783572 7.17385e-08 5.01596 50.024 -2.30161e-08 5533.61 50.024 -2.3016e-08 5533.61 
28.2 45.9855 -2.12498e-08 5527.07 0 0 0 58.1236 0 0 2.68707e-07 3.82502e-18 2.14636e-06 -2.81552e-09 0.116156 7.05952e-08 5.01596 50.011 -1.97757e-08 5533.6 50.011 -1.9776e-08 5533.6 
28.3 45.9712 -1.67589e-08 5527.08 0 0 0 58.1236 0 0 2.68703e-07 3.8288e-18 2.14636e-06 -2.8478e-09 0.0859732 6.83204e-08 5.01596 49.997 -1.56156e-08 5533.6 49.997 -1.56157e-08 5533.6 
28.4 45.9563 -1.25431e-08 5527.09 0 0 0 58.1236 0 0 2.68698e-07 3.50554e-18 2.14636e-06 -2.98136e-09 0.0724675 6.66281e-08 5.01596 49.9835 -1.16502e-08 5533.6 49.9835 -1.16503e-08 5533.6 
28.5 45.9487 -8.15757e-09 5527.06 0 0 0 58.1236 0 0 2.68694e-07 3.76531e-18 2.14633e-06 -3.04685e-09 0.119752 6.44422e-08 5.01596 49.9736 -7.35252e-09 5533.58 49.9736 -7.3525e-09 5533.58 
28.6 45.9359 -3.86705e-09 5527.06 0 0 0 58.1236 0 0 2.68695e-07 3.09506e-18 2.14631e-06 -3.31914e-09 0.0525188 6.19608e-08 5.01595 49.9615 -3.31895e-09 5533.58 49.9615 -3.31883e-09 5533.58 
28.7 45.9279 -1.81958e-09 5526.99 0 0 0 58.1236 0 0 2.68689e-07 3.34484e-18 2.14633e-06 -2.69797e-09 0.108781 5.4816e-08 5.01595 49.9542 -1.62005e-09 5533.5 49.9542 -1.62017e-09 5533.5 
28.8 45.8991 7.39589e-09 5527.15 0 0 0 58.1236 0 0 2.68687e-07 3.5766e-18 2.14629e-06 -4.47563e-09 -0.425433 6.38944e-08 5.01596 49.9235 7.70402e-09 5533.68 49.9235 7.70466e-09 5533.68 
