0 0.221264 0 0 -0 -0 0 0 0 0 0 0 0 
0.1 0.221264 -5.16233e-39 -0.000728211 -2.73606e-42 5.27953e-05 -2.91143e-42 0 0 -0.0142567 -2.654e-41 -0.000948473 -1.12951e-45 
0.2 0.221264 -5.16233e-39 -0.00271208 -5.45844e-42 0.000175863 -2.91059e-42 0 0 -0.0245014 -2.6546e-41 -0.00130106 -3.82101e-45 
0.3 0.221264 -5.16233e-39 -0.00540857 -8.10668e-42 0.000287605 -2.9092e-42 0 0 -0.0283213 -2.65386e-41 -0.000867046 -6.41647e-45 
0.4 0.221264 -5.16233e-39 -0.00814461 -1.08251e-41 0.000319344 -2.90787e-42 0 0 -0.0255833 -2.6521e-41 0.000164194 -7.27583e-45 
0.5 0.221264 -5.16233e-39 -0.0103432 -1.35253e-41 0.000221865 -2.90759e-42 0 0 -0.0178273 -2.64975e-41 0.00153466 -5.37781e-45 
0.6 0.221264 -5.16233e-39 -0.0116247 -1.59167e-41 1.65552e-05 -2.909e-42 0 0 -0.00769309 -2.64756e-41 0.00281787 -3.8518e-46 
0.7 0.221264 -5.16233e-39 -0.0118896 -1.86442e-41 -0.000316366 -2.91292e-42 0 0 0.00178138 -2.64642e-41 0.00348485 6.90462e-45 
0.8 0.221264 -5.16233e-39 -0.0113497 -2.13127e-41 -0.000665981 -2.9187e-42 0 0 0.00829648 -2.64669e-41 0.00332521 1.47496e-44 
0.9 0.221264 -5.16233e-39 -0.0103611 -2.40045e-41 -0.000954409 -2.92536e-42 0 0 0.0109105 -2.64839e-41 0.00233026 2.1288e-44 
1 0.221264 -5.16233e-39 -0.00930549 -2.7238e-41 -0.00110226 -2.93202e-42 0 0 0.00976045 -2.65128e-41 0.000633033 2.47519e-44 
1.1 0.221264 -5.16233e-39 -0.00851206 -2.91581e-41 -0.00105546 -2.9341e-42 0 0 0.00597067 -2.65471e-41 -0.00137727 2.39465e-44 
1.2 0.221264 -5.16233e-39 -0.00818277 -3.19265e-41 -0.000796548 -2.93328e-42 0 0 0.000672948 -2.65836e-41 -0.00351547 1.84418e-44 
1.3 0.221264 -5.16233e-39 -0.00835742 -3.46678e-41 -0.000323129 -2.92683e-42 0 0 -0.00396722 -2.66158e-41 -0.00539805 8.25493e-45 
1.4 0.221264 -5.16233e-39 -0.00892042 -3.72847e-41 0.000288217 -2.91502e-42 0 0 -0.0069741 -2.66391e-41 -0.00676015 -5.71112e-45 
1.5 0.221264 -5.16233e-39 -0.0096788 -4.01444e-41 0.0010549 -2.89645e-42 0 0 -0.00781375 -2.66482e-41 -0.00728725 -2.19093e-44 
1.6 0.221264 -5.16233e-39 -0.010412 -4.26734e-41 0.00172853 -2.87673e-42 0 0 -0.00655633 -2.66405e-41 -0.00684538 -3.81705e-44 
1.7 0.221264 -5.16233e-39 -0.0109342 -4.52724e-41 0.00233109 -2.85542e-42 0 0 -0.00377717 -2.66188e-41 -0.00559393 -5.23771e-44 
1.8 0.221264 -5.16233e-39 -0.0111494 -4.81945e-41 0.00283387 -2.83266e-42 0 0 -0.000531111 -2.65887e-41 -0.00386994 -6.3128e-44 
1.9 0.221264 -5.16233e-39 -0.0110555 -5.04554e-41 0.00306596 -2.81754e-42 0 0 0.00224736 -2.65542e-41 -0.00189505 -6.95741e-44 
2 0.221264 -5.16233e-39 -0.010738 -5.31012e-41 0.00315947 -2.80378e-42 0 0 0.00394366 -2.65217e-41 -3.03297e-05 -7.1607e-44 
2.1 0.221264 -5.16233e-39 -0.0103048 -5.57619e-41 0.00307922 -2.79481e-42 0 0 0.00457556 -2.64963e-41 0.00142257 -6.97234e-44 
2.2 0.221264 -5.16233e-39 -0.00984106 -5.84723e-41 0.00289115 -2.78946e-42 0 0 0.00463272 -2.64841e-41 0.00212412 -6.55472e-44 
2.3 0.221264 -5.16233e-39 -0.00939287 -6.11303e-41 0.00267001 -2.78637e-42 0 0 0.00425547 -2.6483e-41 0.00219084 -6.05623e-44 
2.4 0.221264 -5.16233e-39 -0.00900724 -6.3708e-41 0.00247285 -2.78383e-42 0 0 0.00336935 -2.64894e-41 0.0018197 -5.59817e-44 
2.5 0.221264 -5.16233e-39 -0.00873614 -6.63606e-41 0.00231981 -2.78042e-42 0 0 0.00199172 -2.64997e-41 0.00122381 -5.254e-44 
2.6 0.221264 -5.16233e-39 -0.00861421 -6.9046e-41 0.00222855 -2.77538e-42 0 0 0.000472081 -2.65104e-41 0.000602371 -5.05104e-44 
2.7 0.221264 -5.16233e-39 -0.00862955 -7.18786e-41 0.00219522 -2.76812e-42 0 0 -0.000650431 -2.65188e-41 0.000114773 -4.97646e-44 
2.8 0.221264 -5.16233e-39 -0.00872017 -7.43823e-41 0.00220105 -2.76044e-42 0 0 -0.00103376 -2.65237e-41 -0.000172808 -4.98767e-44 
2.9 0.221264 -5.16233e-39 -0.00880902 -7.70415e-41 0.00222634 -2.75147e-42 0 0 -0.000627015 -2.65261e-41 -0.000310071 -5.04448e-44 
3 0.221264 -5.16233e-39 -0.00882358 -7.96065e-41 0.00226113 -2.74226e-42 0 0 0.000404984 -2.65277e-41 -0.000403066 -5.12604e-44 
3.1 0.221264 -5.16233e-39 -0.00871538 -8.23498e-41 0.00229716 -2.73227e-42 0 0 0.00173652 -2.65264e-41 -0.000328787 -5.20491e-44 
3.2 0.221264 -5.16233e-39 -0.00849119 -8.49793e-41 0.00231794 -2.72314e-42 0 0 0.00260178 -2.65218e-41 -5.70799e-05 -5.25318e-44 
3.3 0.221264 -5.16233e-39 -0.00822297 -8.77178e-41 0.00229081 -2.71578e-42 0 0 0.00262218 -2.65108e-41 0.000581287 -5.19745e-44 
3.4 0.221264 -5.16233e-39 -0.00799184 -9.02676e-41 0.00219144 -2.71259e-42 0 0 0.00192784 -2.64964e-41 0.00142162 -4.96788e-44 
3.5 0.221264 -5.16233e-39 -0.00784595 -9.31634e-41 0.00199055 -2.71386e-42 0 0 0.000989368 -2.64845e-41 0.00211943 -4.55967e-44 
3.6 0.221264 -5.16233e-39 -0.00778851 -9.57192e-41 0.00176364 -2.71839e-42 0 0 0.000204491 -2.64788e-41 0.00245878 -4.03359e-44 
3.7 0.221264 -5.16233e-39 -0.00779394 -9.83006e-41 0.00152323 -2.72464e-42 0 0 -0.000267125 -2.64793e-41 0.00242951 -3.4753e-44 
3.8 0.221264 -5.16233e-39 -0.00783417 -1.01282e-40 0.00126733 -2.73213e-42 0 0 -0.000519418 -2.64838e-41 0.00216257 -2.95404e-44 
3.9 0.221264 -5.16233e-39 -0.00789594 -1.03496e-40 0.00110336 -2.7372e-42 0 0 -0.000712744 -2.64894e-41 0.00182419 -2.50345e-44 
4 0.221264 -5.16233e-39 -0.00797461 -1.06105e-40 0.000941453 -2.74231e-42 0 0 -0.000841195 -2.64954e-41 0.00146768 -2.13127e-44 
4.1 0.221264 -5.16233e-39 -0.00805538 -1.08815e-40 0.000808899 -2.74641e-42 0 0 -0.000773125 -2.65017e-41 0.00108993 -1.8373e-44 
4.2 0.221264 -5.16233e-39 -0.00812669 -1.11657e-40 0.000719889 -2.74851e-42 0 0 -0.000655935 -2.65094e-41 0.000626067 -1.64368e-44 
4.3 0.221264 -5.16233e-39 -0.00819029 -1.14316e-40 0.000680947 -2.74824e-42 0 0 -0.000638476 -2.65157e-41 0.000247 -1.54772e-44 
4.4 0.221264 -5.16233e-39 -0.00825922 -1.17139e-40 0.000670085 -2.74631e-42 0 0 -0.000752033 -2.65194e-41 2.76848e-05 -1.51919e-44 
4.5 0.221264 -5.16233e-39 -0.00834094 -1.19502e-40 0.000674721 -2.74388e-42 0 0 -0.000872524 -2.65215e-41 -0.000100142 -1.52793e-44 
4.6 0.221264 -5.16233e-39 -0.00842943 -1.22415e-40 0.000694939 -2.73993e-42 0 0 -0.0008763 -2.65239e-41 -0.00024549 -1.56636e-44 
4.7 0.221264 -5.16233e-39 -0.00851232 -1.24818e-40 0.000727321 -2.73557e-42 0 0 -0.000775245 -2.6527e-41 -0.000430499 -1.6431e-44 
4.8 0.221264 -5.16233e-39 -0.00858595 -1.27975e-40 0.000789561 -2.72831e-42 0 0 -0.000712083 -2.65292e-41 -0.000564612 -1.75764e-44 
4.9 0.221264 -5.16233e-39 -0.00865961 -1.30611e-40 0.0008471 -2.72158e-42 0 0 -0.000776506 -2.65294e-41 -0.000578986 -1.88897e-44 
5 0.221264 -5.16233e-39 -0.00874423 -1.33247e-40 0.000899857 -2.71491e-42 0 0 -0.000918276 -2.65283e-41 -0.000513534 -2.01318e-44 
5.1 0.221264 -5.16233e-39 -0.00884278 -1.35276e-40 0.000935748 -2.70993e-42 0 0 -0.00104681 -2.65272e-41 -0.000444764 -2.12133e-44 
5.2 0.221264 -5.16233e-39 -0.00894893 -1.37954e-40 0.000974731 -2.70374e-42 0 0 -0.00111494 -2.65262e-41 -0.000386345 -2.2088e-44 
5.3 0.221264 -5.16233e-39 -0.00906311 -1.40705e-40 0.00101715 -2.69702e-42 0 0 -0.00115533 -2.65271e-41 -0.000438135 -2.30126e-44 
5.4 0.221264 -5.16233e-39 -0.00917723 -1.43608e-40 0.00107164 -2.68896e-42 0 0 -0.00111635 -2.65288e-41 -0.000543089 -2.41191e-44 
5.5 0.221264 -5.16233e-39 -0.0092839 -1.46293e-40 0.00113571 -2.68022e-42 0 0 -0.00100607 -2.65312e-41 -0.000685299 -2.55093e-44 
5.6 0.221264 -5.16233e-39 -0.00937589 -1.49292e-40 0.00122611 -2.66862e-42 0 0 -0.000823798 -2.65339e-41 -0.00084513 -2.72468e-44 
5.7 0.221264 -5.16233e-39 -0.00944667 -1.51269e-40 0.00129676 -2.65983e-42 0 0 -0.000587038 -2.65365e-41 -0.00100113 -2.93452e-44 
5.8 0.221264 -5.16233e-39 -0.0094919 -1.54288e-40 0.00142032 -2.64467e-42 0 0 -0.000313475 -2.65389e-41 -0.00114137 -3.17813e-44 
5.9 0.221264 -5.16233e-39 -0.0095085 -1.56591e-40 0.00152555 -2.63175e-42 0 0 -1.63377e-05 -2.65408e-41 -0.00125744 -3.45089e-44 
6 0.221264 -5.16233e-39 -0.00949444 -1.59355e-40 0.00166185 -2.61482e-42 0 0 0.000286413 -2.65423e-41 -0.00134449 -3.74702e-44 
6.1 0.221264 -5.16233e-39 -0.0094494 -1.61811e-40 0.00178953 -2.59863e-42 0 0 0.00057505 -2.65432e-41 -0.00139898 -4.05971e-44 
6.2 0.221264 -5.16233e-39 -0.00937738 -1.64767e-40 0.00194081 -2.5786e-42 0 0 0.00083329 -2.65427e-41 -0.00137188 -4.36736e-44 
6.3 0.221264 -5.16233e-39 -0.00928574 -1.67527e-40 0.00208221 -2.55913e-42 0 0 0.000983072 -2.65422e-41 -0.00134256 -4.67672e-44 
6.4 0.221264 -5.16233e-39 -0.00918506 -1.7004e-40 0.00220158 -2.5416e-42 0 0 0.00101262 -2.65397e-41 -0.00119754 -4.96617e-44 
6.5 0.221264 -5.16233e-39 -0.00908703 -1.72939e-40 0.00231326 -2.52298e-42 0 0 0.00093945 -2.65351e-41 -0.000925302 -5.20659e-44 
6.6 0.221264 -5.16233e-39 -0.00899929 -1.75514e-40 0.00237848 -2.50902e-42 0 0 0.000812844 -2.65286e-41 -0.000550195 -5.37334e-44 
6.7 0.221264 -5.16233e-39 -0.00892481 -1.77761e-40 0.00240336 -2.4995e-42 0 0 0.000679294 -2.6521e-41 -0.000107946 -5.44645e-44 
6.8 0.221264 -5.16233e-39 -0.00886211 -1.80757e-40 0.00238573 -2.49137e-42 0 0 0.000580682 -2.65132e-41 0.00034684 -5.41721e-44 
6.9 0.221264 -5.16233e-39 -0.00880642 -1.83676e-40 0.0023161 -2.4885e-42 0 0 0.000540579 -2.65061e-41 0.000757581 -5.28945e-44 
7 0.221264 -5.16233e-39 -0.00875169 -1.85696e-40 0.00224281 -2.48913e-42 0 0 0.000557906 -2.65007e-41 0.00107693 -5.07946e-44 
7.1 0.221264 -5.16233e-39 -0.00869339 -1.88336e-40 0.00212534 -2.49246e-42 0 0 0.000607944 -2.64973e-41 0.00127712 -4.81176e-44 
7.2 0.221264 -5.16233e-39 -0.00862541 -1.91061e-40 0.00198562 -2.49831e-42 0 0 0.000720095 -2.64954e-41 0.00138563 -4.50401e-44 
7.3 0.221264 -5.16233e-39 -0.00855051 -1.94005e-40 0.00183391 -2.5055e-42 0 0 0.000771434 -2.64963e-41 0.00133691 -4.19388e-44 
7.4 0.221264 -5.16233e-39 -0.00847304 -1.96764e-40 0.00170474 -2.51168e-42 0 0 0.000769374 -2.64989e-41 0.00118334 -3.90766e-44 
7.5 0.221264 -5.16233e-39 -0.00839892 -1.99311e-40 0.00160437 -2.51604e-42 0 0 0.000705198 -2.65024e-41 0.000971352 -3.66385e-44 
7.6 0.221264 -5.16233e-39 -0.00833404 -2.01602e-40 0.00153154 -2.51857e-42 0 0 0.000586586 -2.65061e-41 0.000748739 -3.46987e-44 
7.7 0.221264 -5.16233e-39 -0.00828299 -2.04468e-40 0.00146231 -2.51988e-42 0 0 0.000431923 -2.65093e-41 0.00055703 -3.3232e-44 
7.8 0.221264 -5.16233e-39 -0.00824797 -2.07187e-40 0.00141378 -2.51965e-42 0 0 0.000269071 -2.65115e-41 0.000424199 -3.21345e-44 
7.9 0.221264 -5.16233e-39 -0.00822948 -2.1021e-40 0.0013705 -2.51853e-42 0 0 0.000124555 -2.65124e-41 0.000368772 -3.12595e-44 
8 0.221264 -5.16233e-39 -0.00822446 -2.12542e-40 0.00133731 -2.51781e-42 0 0 9.08187e-06 -2.65121e-41 0.000384943 -3.04116e-44 
8.1 0.221264 -5.16233e-39 -0.00822853 -2.1484e-40 0.00130089 -2.51764e-42 0 0 -7.75294e-05 -2.65111e-41 0.000445034 -2.947e-44 
8.2 0.221264 -5.16233e-39 -0.00823545 -2.17554e-40 0.00124711 -2.51884e-42 0 0 -9.25339e-05 -2.65091e-41 0.000567885 -2.82779e-44 
8.3 0.221264 -5.16233e-39 -0.00824717 -2.20572e-40 0.00117744 -2.52161e-42 0 0 -0.00014176 -2.6508e-41 0.000636445 -2.69047e-44 
8.4 0.221264 -5.16233e-39 -0.00826446 -2.23358e-40 0.00110817 -2.52508e-42 0 0 -0.000205759 -2.65075e-41 0.000664875 -2.54253e-44 
8.5 0.221264 -5.16233e-39 -0.0082892 -2.25472e-40 0.00105626 -2.52787e-42 0 0 -0.000291931 -2.65079e-41 0.000640392 -2.39403e-44 
8.6 0.221264 -5.16233e-39 -0.00832393 -2.28326e-40 0.000991697 -2.53132e-42 0 0 -0.000404192 -2.65093e-41 0.000558478 -2.25789e-44 
8.7 0.221264 -5.16233e-39 -0.00837102 -2.31112e-40 0.00094176 -2.53347e-42 0 0 -0.000538783 -2.65115e-41 0.000424236 -2.14636e-44 
8.8 0.221264 -5.16233e-39 -0.0084322 -2.339e-40 0.000909308 -2.5338e-42 0 0 -0.000684757 -2.65143e-41 0.000249287 -2.07011e-44 
8.9 0.221264 -5.16233e-39 -0.00850785 -2.36124e-40 0.000898487 -2.53236e-42 0 0 -0.000826629 -2.65175e-41 4.98302e-05 -2.03634e-44 
9 0.221264 -5.16233e-39 -0.00859662 -2.39827e-40 0.00091236 -2.52615e-42 0 0 -0.000947523 -2.65208e-41 -0.000155546 -2.04868e-44 
9.1 0.221264 -5.16233e-39 -0.00869589 -2.41353e-40 0.000929382 -2.52218e-42 0 0 -0.00103544 -2.6524e-41 -0.000351323 -2.10659e-44 
9.2 0.221264 -5.16233e-39 -0.00879814 -2.44345e-40 0.000977324 -2.51243e-42 0 0 -0.00104498 -2.65264e-41 -0.000501233 -2.20049e-44 
9.3 0.221264 -5.16233e-39 -0.00890397 -2.46859e-40 0.00103481 -2.50187e-42 0 0 -0.00106625 -2.65291e-41 -0.000671077 -2.33433e-44 
9.4 0.221264 -5.16233e-39 -0.00900978 -2.49794e-40 0.00111835 -2.48711e-42 0 0 -0.00104521 -2.65313e-41 -0.000802987 -2.50221e-44 
9.5 0.221264 -5.16233e-39 -0.00911112 -2.52965e-40 0.00122294 -2.4688e-42 0 0 -0.000979151 -2.65328e-41 -0.000894386 -2.69512e-44 
9.6 0.221264 -5.16233e-39 -0.0092038 -2.55079e-40 0.00129747 -2.45562e-42 0 0 -0.000872499 -2.65336e-41 -0.000947293 -2.90425e-44 
9.7 0.221264 -5.16233e-39 -0.00928408 -2.58249e-40 0.00141232 -2.43491e-42 0 0 -0.000730952 -2.65339e-41 -0.000966638 -3.12151e-44 
9.8 0.221264 -5.16233e-39 -0.0093489 -2.60587e-40 0.00149689 -2.41922e-42 0 0 -0.000563796 -2.65338e-41 -0.000960361 -3.34019e-44 
9.9 0.221264 -5.16233e-39 -0.00939619 -2.62925e-40 0.00158019 -2.40334e-42 0 0 -0.000381787 -2.65334e-41 -0.000936394 -3.55524e-44 
10 0.221264 -5.16233e-39 -0.00942503 -2.65263e-40 0.00166082 -2.38745e-42 0 0 -0.000195354 -2.65328e-41 -0.000899063 -3.76329e-44 
10.1 0.221264 -5.16233e-39 -0.00943542 -2.67884e-40 0.00174714 -2.36978e-42 0 0 -1.2597e-05 -2.6532e-41 -0.000850857 -3.96158e-44 
10.2 0.221264 -5.16233e-39 -0.00942541 -2.70629e-40 0.00182722 -2.35224e-42 0 0 0.000175993 -2.65304e-41 -0.000756569 -4.13699e-44 
10.3 0.221264 -5.16233e-39 -0.00940037 -2.73422e-40 0.00190452 -2.33456e-42 0 0 0.000323244 -2.65297e-41 -0.000715753 -4.30392e-44 
10.4 0.221264 -5.16233e-39 -0.00936097 -2.76324e-40 0.00197906 -2.31658e-42 0 0 0.000463987 -2.65288e-41 -0.000659622 -4.45997e-44 
10.5 0.221264 -5.16233e-39 -0.00930769 -2.78536e-40 0.00203026 -2.3034e-42 0 0 0.0006014 -2.65274e-41 -0.000580353 -4.60065e-44 
10.6 0.221264 -5.16233e-39 -0.00924069 -2.81192e-40 0.00208309 -2.28854e-42 0 0 0.000738457 -2.65256e-41 -0.000473661 -4.72007e-44 
10.7 0.221264 -5.16233e-39 -0.00916004 -2.84466e-40 0.00213102 -2.27234e-42 0 0 0.000874087 -2.65234e-41 -0.000338412 -4.81193e-44 
10.8 0.221264 -5.16233e-39 -0.00906623 -2.86855e-40 0.00215149 -2.26246e-42 0 0 0.00100034 -2.65207e-41 -0.000178682 -4.87021e-44 
10.9 0.221264 -5.16233e-39 -0.00895973 -2.89127e-40 0.00215617 -2.25514e-42 0 0 0.00110508 -2.65176e-41 6.73882e-07 -4.88598e-44 
11 0.221264 -5.16233e-39 -0.00884455 -2.92239e-40 0.00214138 -2.24824e-42 0 0 0.00117991 -2.65145e-41 0.000187891 -4.86029e-44 
11.1 0.221264 -5.16233e-39 -0.0087243 -2.94409e-40 0.00211695 -2.2456e-42 0 0 0.00122032 -2.65113e-41 0.000373429 -4.79574e-44 
11.2 0.221264 -5.16233e-39 -0.0085998 -2.97419e-40 0.0020578 -2.2459e-42 0 0 0.00124875 -2.65075e-41 0.000597935 -4.67967e-44 
11.3 0.221264 -5.16233e-39 -0.00847654 -3.00077e-40 0.0019878 -2.24916e-42 0 0 0.00120953 -2.6505e-41 0.000751582 -4.52584e-44 
11.4 0.221264 -5.16233e-39 -0.00835974 -3.02822e-40 0.00190167 -2.25501e-42 0 0 0.00111992 -2.6503e-41 0.000870981 -4.3412e-44 
11.5 0.221264 -5.16233e-39 -0.00825427 -3.05507e-40 0.00180731 -2.26273e-42 0 0 0.000985846 -2.65016e-41 0.000956278 -4.13365e-44 
11.6 0.221264 -5.16233e-39 -0.0081641 -3.08381e-40 0.00169949 -2.27259e-42 0 0 0.000815587 -2.65007e-41 0.00100805 -3.91079e-44 
11.7 0.221264 -5.16233e-39 -0.00809391 -3.10344e-40 0.0016238 -2.27998e-42 0 0 0.000621431 -2.65004e-41 0.00102642 -3.67958e-44 
11.8 0.221264 -5.16233e-39 -0.00804632 -3.13445e-40 0.00150452 -2.29223e-42 0 0 0.000418149 -2.65006e-41 0.00101556 -3.44854e-44 
11.9 0.221264 -5.16233e-39 -0.00801727 -3.16032e-40 0.00140748 -2.30253e-42 0 0 0.000214401 -2.65011e-41 0.000984442 -3.22273e-44 
12 0.221264 -5.16233e-39 -0.00800867 -3.18495e-40 0.00131995 -2.31202e-42 0 0 1.6729e-05 -2.6502e-41 0.000930659 -3.00748e-44 
12.1 0.221264 -5.16233e-39 -0.00801826 -3.21518e-40 0.00121978 -2.32299e-42 0 0 -0.000170903 -2.65031e-41 0.00085902 -2.80622e-44 
12.2 0.221264 -5.16233e-39 -0.00804443 -3.23937e-40 0.00114654 -2.33103e-42 0 0 -0.000347391 -2.65045e-41 0.000771424 -2.62176e-44 
12.3 0.221264 -5.16233e-39 -0.00808731 -3.26355e-40 0.00108203 -2.33794e-42 0 0 -0.000509247 -2.65062e-41 0.000666145 -2.45911e-44 
12.4 0.221264 -5.16233e-39 -0.0081454 -3.29983e-40 0.00100356 -2.34579e-42 0 0 -0.000654514 -2.65081e-41 0.000544928 -2.32239e-44 
12.5 0.221264 -5.16233e-39 -0.0082169 -3.32161e-40 0.000968279 -2.34876e-42 0 0 -0.000780833 -2.65102e-41 0.00040953 -2.21503e-44 
12.6 0.221264 -5.16233e-39 -0.00829999 -3.34338e-40 0.000942012 -2.35037e-42 0 0 -0.00088596 -2.65126e-41 0.000262478 -2.13949e-44 
12.7 0.221264 -5.16233e-39 -0.00839237 -3.38262e-40 0.000922686 -2.34866e-42 0 0 -0.000967703 -2.6515e-41 0.000106738 -2.09823e-44 
12.8 0.221264 -5.16233e-39 -0.00849177 -3.4001e-40 0.000924816 -2.34612e-42 0 0 -0.00102385 -2.65175e-41 -5.40711e-05 -2.09266e-44 
12.9 0.221264 -5.16233e-39 -0.00859546 -3.42782e-40 0.000942833 -2.3395e-42 0 0 -0.0010521 -2.652e-41 -0.000214901 -2.12343e-44 
13 0.221264 -5.16233e-39 -0.00870076 -3.44831e-40 0.000967172 -2.33264e-42 0 0 -0.00105227 -2.65225e-41 -0.000370694 -2.19011e-44 
13.1 0.221264 -5.16233e-39 -0.00880437 -3.48929e-40 0.00104236 -2.31394e-42 0 0 -0.00102486 -2.65247e-41 -0.000515885 -2.29062e-44 
13.2 0.221264 -5.16233e-39 -0.00890381 -3.50774e-40 0.00108563 -2.30364e-42 0 0 -0.000969653 -2.65267e-41 -0.000643679 -2.4219e-44 
13.3 0.221264 -5.16233e-39 -0.00899671 -3.54462e-40 0.00118959 -2.27951e-42 0 0 -0.000891247 -2.65285e-41 -0.000752029 -2.58006e-44 
13.4 0.221264 -5.16233e-39 -0.00908072 -3.55702e-40 0.00122742 -2.2707e-42 0 0 -0.000791763 -2.65298e-41 -0.000835989 -2.75995e-44 
13.5 0.221264 -5.16233e-39 -0.00915409 -3.58182e-40 0.00130904 -2.25177e-42 0 0 -0.00067535 -2.65307e-41 -0.000893405 -2.95619e-44 
13.6 0.221264 -5.16233e-39 -0.00921502 -3.62768e-40 0.00146648 -2.21458e-42 0 0 -0.000546547 -2.65312e-41 -0.000923279 -3.16142e-44 
13.7 0.221264 -5.16233e-39 -0.00926268 -3.64875e-40 0.0015407 -2.19669e-42 0 0 -0.000409355 -2.65312e-41 -0.000925585 -3.3701e-44 
13.8 0.221264 -5.16233e-39 -0.00929639 -3.66981e-40 0.00161176 -2.1791e-42 0 0 -0.000266958 -2.65308e-41 -0.000901823 -3.57639e-44 
13.9 0.221264 -5.16233e-39 -0.00931593 -3.69087e-40 0.00168004 -2.16176e-42 0 0 -0.000124425 -2.653e-41 -0.000853605 -3.77458e-44 
14 0.221264 -5.16233e-39 -0.00932139 -3.72878e-40 0.00179219 -2.1319e-42 0 0 1.54493e-05 -2.65289e-41 -0.000783602 -3.95953e-44 
14.1 0.221264 -5.16233e-39 -0.00931324 -3.74774e-40 0.00184188 -2.11788e-42 0 0 0.000148697 -2.65274e-41 -0.000695931 -4.12653e-44 
14.2 0.221264 -5.16233e-39 -0.0092922 -3.76669e-40 0.00188651 -2.10466e-42 0 0 0.000272829 -2.65257e-41 -0.000593063 -4.27205e-44 
14.3 0.221264 -5.16233e-39 -0.0092594 -3.80459e-40 0.00195876 -2.08101e-42 0 0 0.000385384 -2.65238e-41 -0.00047864 -4.39284e-44 
14.4 0.221264 -5.16233e-39 -0.00921607 -3.82354e-40 0.00198574 -2.07077e-42 0 0 0.000483638 -2.65218e-41 -0.000356473 -4.48689e-44 
14.5 0.221264 -5.16233e-39 -0.00916369 -3.86144e-40 0.0020204 -2.05378e-42 0 0 0.000566143 -2.65197e-41 -0.000229367 -4.55273e-44 
14.6 0.221264 -5.16233e-39 -0.00910396 -3.88039e-40 0.00202794 -2.04712e-42 0 0 0.00063166 -2.65175e-41 -0.000100476 -4.58959e-44 
14.7 0.221264 -5.16233e-39 -0.00903904 -3.91828e-40 0.00202386 -2.03754e-42 0 0 0.000679129 -2.65154e-41 2.67996e-05 -4.59766e-44 
14.8 0.221264 -5.16233e-39 -0.00897054 -3.95238e-40 0.00199912 -2.03315e-42 0 0 0.000707943 -2.65134e-41 0.00014997 -4.57755e-44 
14.9 0.221264 -5.16233e-39 -0.00889996 -3.95238e-40 0.00199912 -2.03315e-42 0 0 0.000718321 -2.65114e-41 0.000267117 -4.53034e-44 
15 0.221264 -5.16233e-39 -0.00882932 -3.98306e-40 0.00196097 -2.03254e-42 0 0 0.000710699 -2.65096e-41 0.000375231 -4.45798e-44 
15.1 0.221264 -5.16233e-39 -0.00876019 -4.01374e-40 0.00190782 -2.03516e-42 0 0 0.00068581 -2.6508e-41 0.000472838 -4.36243e-44 
15.2 0.221264 -5.16233e-39 -0.00869383 -4.03409e-40 0.00186816 -2.03802e-42 0 0 0.000643329 -2.65066e-41 0.000558105 -4.24541e-44 
15.3 0.221264 -5.16233e-39 -0.0086322 -4.08117e-40 0.00175747 -2.04904e-42 0 0 0.000587746 -2.65055e-41 0.000628728 -4.11071e-44 
15.4 0.221264 -5.16233e-39 -0.00857708 -4.10471e-40 0.0016952 -2.05634e-42 0 0 0.000518021 -2.65046e-41 0.000682731 -3.96254e-44 
15.5 0.221264 -5.16233e-39 -0.00852953 -4.12826e-40 0.00163091 -2.06435e-42 0 0 0.000437108 -2.6504e-41 0.000719083 -3.80439e-44 
15.6 0.221264 -5.16233e-39 -0.00849051 -4.1518e-40 0.00156579 -2.07281e-42 0 0 0.000347005 -2.65037e-41 0.000737118 -3.64021e-44 
15.7 0.221264 -5.16233e-39 -0.00846073 -4.17179e-40 0.00151181 -2.07994e-42 0 0 0.000250951 -2.65037e-41 0.000736388 -3.47398e-44 
15.8 0.221264 -5.16233e-39 -0.00844067 -4.19177e-40 0.0014565 -2.08755e-42 0 0 0.00015121 -2.65041e-41 0.00071715 -3.30983e-44 
15.9 0.221264 -5.16233e-39 -0.00843057 -4.23175e-40 0.00135358 -2.10173e-42 0 0 5.08819e-05 -2.65046e-41 0.000680115 -3.15219e-44 
16 0.221264 -5.16233e-39 -0.00843039 -4.25174e-40 0.00130637 -2.1082e-42 0 0 -4.76389e-05 -2.65055e-41 0.00062663 -3.00481e-44 
16.1 0.221264 -5.16233e-39 -0.00843977 -4.27173e-40 0.00126291 -2.11403e-42 0 0 -0.000141321 -2.65066e-41 0.000558227 -2.87114e-44 
16.2 0.221264 -5.16233e-39 -0.00845815 -4.29628e-40 0.00121614 -2.11997e-42 0 0 -0.00022834 -2.65078e-41 0.000476637 -2.75461e-44 
16.3 0.221264 -5.16233e-39 -0.00848465 -4.34537e-40 0.00114347 -2.12793e-42 0 0 -0.00030476 -2.65092e-41 0.000385137 -2.65765e-44 
16.4 0.221264 -5.16233e-39 -0.00851818 -4.36992e-40 0.0011204 -2.12921e-42 0 0 -0.000370274 -2.65108e-41 0.000285724 -2.58224e-44 
16.5 0.221264 -5.16233e-39 -0.00855757 -4.39447e-40 0.00110636 -2.1286e-42 0 0 -0.000422841 -2.65124e-41 0.000181026 -2.52987e-44 
16.6 0.221264 -5.16233e-39 -0.00860152 -4.41902e-40 0.00110141 -2.12602e-42 0 0 -0.000461975 -2.6514e-41 7.41106e-05 -2.50137e-44 
16.7 0.221264 -5.16233e-39 -0.00864867 -4.44357e-40 0.00110553 -2.12142e-42 0 0 -0.000486973 -2.65157e-41 -3.22673e-05 -2.49691e-44 
16.8 0.221264 -5.16233e-39 -0.00869763 -4.46812e-40 0.00111822 -2.11488e-42 0 0 -0.000498034 -2.65172e-41 -0.000135141 -2.51597e-44 
16.9 0.221264 -5.16233e-39 -0.00874717 -4.48366e-40 0.00113029 -2.10977e-42 0 0 -0.000495402 -2.65187e-41 -0.000232346 -2.55774e-44 
17 0.221264 -5.16233e-39 -0.00879586 -4.51474e-40 0.0011645 -2.09721e-42 0 0 -0.00047962 -2.65201e-41 -0.000321809 -2.62064e-44 
17.1 0.221264 -5.16233e-39 -0.00884219 -4.54583e-40 0.00120925 -2.08201e-42 0 0 -0.000452105 -2.65213e-41 -0.000400684 -2.70213e-44 
17.2 0.221264 -5.16233e-39 -0.00888512 -4.57691e-40 0.00126468 -2.06411e-42 0 0 -0.000414427 -2.65224e-41 -0.00046735 -2.79965e-44 
17.3 0.221264 -5.16233e-39 -0.00892394 -4.608e-40 0.0013265 -2.04438e-42 0 0 -0.000368099 -2.65232e-41 -0.000520696 -2.91076e-44 
17.4 0.221264 -5.16233e-39 -0.00895782 -4.63597e-40 0.00138371 -2.02594e-42 0 0 -0.000314589 -2.65238e-41 -0.000559888 -3.03234e-44 
17.5 0.221264 -5.16233e-39 -0.00898623 -4.65297e-40 0.00142106 -2.01399e-42 0 0 -0.00025673 -2.65242e-41 -0.000583997 -3.16125e-44 
17.6 0.221264 -5.16233e-39 -0.00900883 -4.66996e-40 0.00145943 -2.00169e-42 0 0 -0.000195568 -2.65243e-41 -0.000593075 -3.29447e-44 
17.7 0.221264 -5.16233e-39 -0.00902516 -4.70394e-40 0.00153446 -1.97712e-42 0 0 -0.0001316 -2.65242e-41 -0.000587174 -3.42802e-44 
17.8 0.221264 -5.16233e-39 -0.00903517 -4.72093e-40 0.00157111 -1.96487e-42 0 0 -6.85881e-05 -2.65239e-41 -0.000566638 -3.5586e-44 
17.9 0.221264 -5.16233e-39 -0.00903894 -4.75491e-40 0.00164064 -1.94092e-42 0 0 -6.81025e-06 -2.65234e-41 -0.000532394 -3.68286e-44 
18 0.221264 -5.16233e-39 -0.00903669 -4.78889e-40 0.00170297 -1.91828e-42 0 0 5.19924e-05 -2.65226e-41 -0.000485928 -3.798e-44 
18.1 0.221264 -5.16233e-39 -0.00902873 -4.80588e-40 0.00173071 -1.90764e-42 0 0 0.000107531 -2.65217e-41 -0.000428582 -3.90131e-44 
18.2 0.221264 -5.16233e-39 -0.00901544 -4.83985e-40 0.00177813 -1.88807e-42 0 0 0.00015857 -2.65206e-41 -0.000362291 -3.99064e-44 
18.3 0.221264 -5.16233e-39 -0.00899729 -4.85684e-40 0.00179744 -1.87925e-42 0 0 0.000204847 -2.65194e-41 -0.000289041 -4.06411e-44 
18.4 0.221264 -5.16233e-39 -0.00897492 -4.89081e-40 0.00182633 -1.86385e-42 0 0 0.000245802 -2.65182e-41 -0.000211279 -4.12025e-44 
18.5 0.221264 -5.16233e-39 -0.00894868 -4.91009e-40 0.00183705 -1.85643e-42 0 0 0.000281204 -2.65168e-41 -0.000130594 -4.15855e-44 
18.6 0.221264 -5.16233e-39 -0.0089191 -4.94863e-40 0.00184566 -1.84467e-42 0 0 0.000311537 -2.65155e-41 -4.88911e-05 -4.17858e-44 
18.7 0.221264 -5.16233e-39 -0.00888685 -4.97275e-40 0.00184241 -1.83946e-42 0 0 0.000335265 -2.65142e-41 3.15914e-05 -4.18033e-44 
18.8 0.221264 -5.16233e-39 -0.00885251 -4.99687e-40 0.00183266 -1.83588e-42 0 0 0.000353695 -2.6513e-41 0.000108906 -4.16428e-44 
18.9 0.221264 -5.16233e-39 -0.00881666 -5.02099e-40 0.00181693 -1.83388e-42 0 0 0.000365776 -2.65118e-41 0.000180824 -4.1314e-44 
19 0.221264 -5.16233e-39 -0.00877992 -5.04511e-40 0.00179594 -1.83328e-42 0 0 0.000371705 -2.65107e-41 0.00024667 -4.08308e-44 
19.1 0.221264 -5.16233e-39 -0.00874278 -5.07125e-40 0.00176772 -1.83415e-42 0 0 0.000371549 -2.65098e-41 0.000305145 -4.02047e-44 
19.2 0.221264 -5.16233e-39 -0.00870599 -5.11045e-40 0.00171602 -1.83812e-42 0 0 0.000364863 -2.6509e-41 0.000354918 -3.94566e-44 
19.3 0.221264 -5.16233e-39 -0.00867028 -5.13398e-40 0.00168074 -1.84178e-42 0 0 0.000351847 -2.65084e-41 0.000395215 -3.86101e-44 
19.4 0.221264 -5.16233e-39 -0.0086362 -5.1575e-40 0.00164244 -1.84638e-42 0 0 0.000332173 -2.65079e-41 0.000425661 -3.76836e-44 
19.5 0.221264 -5.16233e-39 -0.0086044 -5.18102e-40 0.00160331 -1.85136e-42 0 0 0.000306207 -2.65076e-41 0.000445643 -3.67008e-44 
19.6 0.221264 -5.16233e-39 -0.0085755 -5.20169e-40 0.00156884 -1.85591e-42 0 0 0.000273618 -2.65074e-41 0.000455216 -3.56835e-44 
19.7 0.221264 -5.16233e-39 -0.00855009 -5.24304e-40 0.00149788 -1.86593e-42 0 0 0.000235799 -2.65074e-41 0.00045418 -3.46559e-44 
19.8 0.221264 -5.16233e-39 -0.00852884 -5.28438e-40 0.00143166 -1.87522e-42 0 0 0.000191858 -2.65076e-41 0.000443135 -3.3645e-44 
19.9 0.221264 -5.16233e-39 -0.00851243 -5.28438e-40 0.00143166 -1.87522e-42 0 0 0.000142431 -2.65079e-41 0.000422927 -3.26769e-44 
20 0.221264 -5.16233e-39 -0.00850115 -5.32031e-40 0.00137886 -1.88243e-42 0 0 8.88483e-05 -2.65084e-41 0.000393836 -3.17658e-44 
20.1 0.221264 -5.16233e-39 -0.00849523 -5.34138e-40 0.00135081 -1.88604e-42 0 0 3.16471e-05 -2.6509e-41 0.000356076 -3.09233e-44 
20.2 0.221264 -5.16233e-39 -0.00849515 -5.36245e-40 0.00132496 -1.88917e-42 0 0 -2.9277e-05 -2.65096e-41 0.000310777 -3.0171e-44 
20.3 0.221264 -5.16233e-39 -0.00850125 -5.38352e-40 0.00130295 -1.89136e-42 0 0 -9.21306e-05 -2.65104e-41 0.000259389 -2.95272e-44 
20.4 0.221264 -5.16233e-39 -0.00851364 -5.42567e-40 0.00126926 -1.89315e-42 0 0 -0.000154928 -2.65113e-41 0.000202913 -2.90067e-44 
20.5 0.221264 -5.16233e-39 -0.00853225 -5.44674e-40 0.00125799 -1.89262e-42 0 0 -0.000216602 -2.65122e-41 0.000142682 -2.8618e-44 
20.6 0.221264 -5.16233e-39 -0.00855686 -5.46782e-40 0.00125068 -1.89104e-42 0 0 -0.000275489 -2.65132e-41 7.99851e-05 -2.8368e-44 
20.7 0.221264 -5.16233e-39 -0.00858712 -5.50997e-40 0.00124809 -1.88461e-42 0 0 -0.000329828 -2.65141e-41 1.62138e-05 -2.82615e-44 
20.8 0.221264 -5.16233e-39 -0.00862251 -5.53104e-40 0.00125273 -1.87976e-42 0 0 -0.000378775 -2.65151e-41 -4.74792e-05 -2.82989e-44 
20.9 0.221264 -5.16233e-39 -0.00866234 -5.56007e-40 0.00126542 -1.87126e-42 0 0 -0.000420491 -2.6516e-41 -0.000109795 -2.8478e-44 
21 0.221264 -5.16233e-39 -0.00870581 -5.5891e-40 0.00128546 -1.86065e-42 0 0 -0.000453601 -2.65169e-41 -0.000169251 -2.87939e-44 
21.1 0.221264 -5.16233e-39 -0.00875203 -5.61813e-40 0.00131181 -1.84812e-42 0 0 -0.000476311 -2.65178e-41 -0.000224761 -2.92392e-44 
21.2 0.221264 -5.16233e-39 -0.00879993 -5.64716e-40 0.00134378 -1.83386e-42 0 0 -0.000488351 -2.65185e-41 -0.000275057 -2.98033e-44 
21.3 0.221264 -5.16233e-39 -0.00884842 -5.66631e-40 0.00136682 -1.82378e-42 0 0 -0.000488381 -2.65192e-41 -0.000318772 -3.04732e-44 
21.4 0.221264 -5.16233e-39 -0.00889649 -5.68545e-40 0.00139283 -1.8128e-42 0 0 -0.000476557 -2.65198e-41 -0.000355535 -3.12358e-44 
21.5 0.221264 -5.16233e-39 -0.00894274 -5.70635e-40 0.00142205 -1.80045e-42 0 0 -0.000452124 -2.65202e-41 -0.000383644 -3.20713e-44 
21.6 0.221264 -5.16233e-39 -0.00898599 -5.74816e-40 0.00148556 -1.77396e-42 0 0 -0.000415374 -2.65205e-41 -0.000403088 -3.29614e-44 
21.7 0.221264 -5.16233e-39 -0.00902497 -5.76907e-40 0.00151797 -1.76034e-42 0 0 -0.000367281 -2.65206e-41 -0.000412819 -3.38831e-44 
21.8 0.221264 -5.16233e-39 -0.00905865 -5.78761e-40 0.00154623 -1.74829e-42 0 0 -0.000309111 -2.65206e-41 -0.00041237 -3.48157e-44 
21.9 0.221264 -5.16233e-39 -0.00908604 -5.81363e-40 0.00158572 -1.73127e-42 0 0 -0.000241895 -2.65205e-41 -0.000402074 -3.57345e-44 
22 0.221264 -5.16233e-39 -0.00910644 -5.84428e-40 0.00163047 -1.7115e-42 0 0 -0.000167677 -2.65201e-41 -0.00038195 -3.66208e-44 
22.1 0.221264 -5.16233e-39 -0.00911916 -5.87494e-40 0.00167072 -1.69281e-42 0 0 -8.85834e-05 -2.65197e-41 -0.000352616 -3.74485e-44 
22.2 0.221264 -5.16233e-39 -0.00912379 -5.90559e-40 0.00170693 -1.67508e-42 0 0 -6.58836e-06 -2.65191e-41 -0.000314725 -3.81969e-44 
22.3 0.221264 -5.16233e-39 -0.00912024 -5.93625e-40 0.00173635 -1.65919e-42 0 0 7.65478e-05 -2.65184e-41 -0.000268994 -3.88515e-44 
22.4 0.221264 -5.16233e-39 -0.00910855 -5.9669e-40 0.00175812 -1.64544e-42 0 0 0.000157624 -2.65175e-41 -0.000216728 -3.93952e-44 
22.5 0.221264 -5.16233e-39 -0.00908896 -5.9669e-40 0.00175812 -1.64544e-42 0 0 0.000235652 -2.65166e-41 -0.000158857 -3.98145e-44 
22.6 0.221264 -5.16233e-39 -0.00906201 -5.99756e-40 0.0017719 -1.63397e-42 0 0 0.000307319 -2.65156e-41 -9.72282e-05 -4.00985e-44 
22.7 0.221264 -5.16233e-39 -0.00902831 -6.02821e-40 0.0017773 -1.62497e-42 0 0 0.000371652 -2.65146e-41 -3.30783e-05 -4.02415e-44 
22.8 0.221264 -5.16233e-39 -0.00898872 -6.05886e-40 0.00177405 -1.61859e-42 0 0 0.000426562 -2.65135e-41 3.20036e-05 -4.02394e-44 
22.9 0.221264 -5.16233e-39 -0.00894422 -6.0895e-40 0.00176231 -1.61483e-42 0 0 0.000470505 -2.65125e-41 9.63743e-05 -4.0092e-44 
23 0.221264 -5.16233e-39 -0.00889588 -6.11572e-40 0.00174608 -1.61359e-42 0 0 0.000502915 -2.65115e-41 0.000158405 -3.98025e-44 
23.1 0.221264 -5.16233e-39 -0.0088449 -6.13932e-40 0.00172665 -1.61401e-42 0 0 0.000522265 -2.65106e-41 0.000216404 -3.93779e-44 
23.2 0.221264 -5.16233e-39 -0.00879291 -6.18652e-40 0.00167657 -1.61863e-42 0 0 0.000528674 -2.65098e-41 0.000269032 -3.88323e-44 
23.3 0.221264 -5.16233e-39 -0.00874142 -6.18652e-40 0.00167657 -1.61863e-42 0 0 0.000521995 -2.65091e-41 0.00031422 -3.81824e-44 
23.4 0.221264 -5.16233e-39 -0.00869076 -6.21002e-40 0.00164645 -1.62271e-42 0 0 0.000502445 -2.65085e-41 0.00035181 -3.74339e-44 
23.5 0.221264 -5.16233e-39 -0.00864238 -6.23351e-40 0.00161301 -1.62795e-42 0 0 0.000470415 -2.6508e-41 0.000380893 -3.6607e-44 
23.6 0.221264 -5.16233e-39 -0.00859771 -6.28051e-40 0.0015431 -1.63985e-42 0 0 0.000427571 -2.65077e-41 0.000399929 -3.57262e-44 
23.7 0.221264 -5.16233e-39 -0.00855781 -6.304e-40 0.00150706 -1.64637e-42 0 0 0.000374753 -2.65076e-41 0.000408828 -3.48145e-44 
23.8 0.221264 -5.16233e-39 -0.00852357 -6.3275e-40 0.00147142 -1.65292e-42 0 0 0.000313885 -2.65076e-41 0.000406814 -3.38956e-44 
23.9 0.221264 -5.16233e-39 -0.00849569 -6.34076e-40 0.00145233 -1.65636e-42 0 0 0.00024619 -2.65078e-41 0.000394445 -3.29906e-44 
24 0.221264 -5.16233e-39 -0.00847562 -6.36729e-40 0.00141465 -1.66323e-42 0 0 0.000172999 -2.65082e-41 0.000369922 -3.21317e-44 
24.1 0.221264 -5.16233e-39 -0.00846339 -6.39539e-40 0.00137829 -1.66957e-42 0 0 9.82383e-05 -2.65087e-41 0.000336133 -3.13443e-44 
24.2 0.221264 -5.16233e-39 -0.00845879 -6.41763e-40 0.00135294 -1.67361e-42 0 0 2.48449e-05 -2.65093e-41 0.000294252 -3.065e-44 
24.3 0.221264 -5.16233e-39 -0.00846255 -6.44931e-40 0.00132339 -1.67742e-42 0 0 -4.62999e-05 -2.65101e-41 0.000243772 -3.00835e-44 
24.4 0.221264 -5.16233e-39 -0.00847261 -6.48147e-40 0.00130128 -1.67889e-42 0 0 -0.000113086 -2.65109e-41 0.000188932 -2.96326e-44 
24.5 0.221264 -5.16233e-39 -0.00848847 -6.50652e-40 0.00128832 -1.67872e-42 0 0 -0.000173115 -2.65118e-41 0.000130218 -2.93043e-44 
24.6 0.221264 -5.16233e-39 -0.00850958 -6.54409e-40 0.00128163 -1.67438e-42 0 0 -0.000225905 -2.65127e-41 6.92906e-05 -2.91083e-44 
24.7 0.221264 -5.16233e-39 -0.00853468 -6.56913e-40 0.00128151 -1.67007e-42 0 0 -0.000271892 -2.65136e-41 7.91477e-06 -2.90301e-44 
24.8 0.221264 -5.16233e-39 -0.00856364 -6.59168e-40 0.00128778 -1.66407e-42 0 0 -0.000308706 -2.65145e-41 -5.32313e-05 -2.90852e-44 
24.9 0.221264 -5.16233e-39 -0.00859561 -6.63676e-40 0.00131044 -1.6486e-42 0 0 -0.000336472 -2.65154e-41 -0.000112134 -2.92727e-44 
25 0.221264 -5.16233e-39 -0.00862955 -6.63676e-40 0.00131044 -1.6486e-42 0 0 -0.000354907 -2.65162e-41 -0.000167285 -2.9586e-44 
25.1 0.221264 -5.16233e-39 -0.00866509 -6.66038e-40 0.00132848 -1.63836e-42 0 0 -0.000363167 -2.65169e-41 -0.000217681 -3.00204e-44 
25.2 0.221264 -5.16233e-39 -0.00870115 -6.684e-40 0.00135071 -1.62664e-42 0 0 -0.000361621 -2.65176e-41 -0.000262605 -3.05636e-44 
25.3 0.221264 -5.16233e-39 -0.00873656 -6.73795e-40 0.00141105 -1.59623e-42 0 0 -0.00035033 -2.65182e-41 -0.0003006 -3.11999e-44 
25.4 0.221264 -5.16233e-39 -0.0087703 -6.73795e-40 0.00141105 -1.59623e-42 0 0 -0.000330399 -2.65186e-41 -0.000330442 -3.19101e-44 
25.5 0.221264 -5.16233e-39 -0.00880165 -6.76828e-40 0.00145117 -1.57676e-42 0 0 -0.000302639 -2.65189e-41 -0.000351523 -3.26756e-44 
25.6 0.221264 -5.16233e-39 -0.00883007 -6.806e-40 0.00150179 -1.55198e-42 0 0 -0.000267662 -2.65191e-41 -0.000363472 -3.34834e-44 
25.7 0.221264 -5.16233e-39 -0.00885472 -6.84372e-40 0.00155233 -1.52688e-42 0 0 -0.000227636 -2.65191e-41 -0.000365891 -3.43052e-44 
25.8 0.221264 -5.16233e-39 -0.00887509 -6.84372e-40 0.00155233 -1.52688e-42 0 0 -0.000183589 -2.6519e-41 -0.00035888 -3.51168e-44 
25.9 0.221264 -5.16233e-39 -0.0088909 -6.88144e-40 0.00160251 -1.50154e-42 0 0 -0.000136976 -2.65188e-41 -0.000342732 -3.58972e-44 
26 0.221264 -5.16233e-39 -0.00890207 -6.91915e-40 0.00164657 -1.478e-42 0 0 -8.86972e-05 -2.65184e-41 -0.000317895 -3.66344e-44 
