3.03035 -0.23225 0.019896
3.03035 0.23225 0.019896
-1.49323e-10 -0.383396 -0.00873179
-0.0857807 -0.382419 -0.00811769
-0.171555 -0.380871 -0.00841617
-0.257315 -0.378736 -0.00924954
-0.343054 -0.375979 -0.0103606
-0.428772 -0.372616 -0.0113295
-0.514476 -0.368803 -0.0113706
-0.514476 0.368803 -0.0113706
-0.428772 0.372616 -0.0113295
-0.343054 0.375979 -0.0103606
-0.257315 0.378736 -0.00924954
-0.171555 0.380871 -0.00841617
-0.0857807 0.382419 -0.00811769
-1.49323e-10 0.383396 -0.00873179
-2.69528 3.11307e-37 0.0367728
-0.600154 -0.364548 -0.0104753
-0.685794 -0.359602 -0.00946247
-0.685794 0.359602 -0.00946247
-0.600154 0.364548 -0.0104753
-0.771376 -0.353653 -0.00910984
-0.856866 -0.346489 -0.00971942
-0.942247 -0.338141 -0.0108966
-1.02752 -0.32877 -0.0120992
-1.11269 -0.318479 -0.0131173
-1.19774 -0.307292 -0.0139545
-1.28266 -0.295163 -0.0147447
-1.36745 -0.28207 -0.0155384
-1.45208 -0.267987 -0.0163741
-1.53657 -0.25301 -0.0170309
-1.62089 -0.237106 -0.0173544
-1.70508 -0.220491 -0.0166625
-1.78918 -0.203815 -0.0135851
-1.87318 -0.187737 -0.00683985
-1.95692 -0.171567 0.00232591
-2.04032 -0.153613 0.0112397
-2.12382 -0.135694 0.0192851
-2.20718 -0.117231 0.0276981
-2.29035 -0.100395 0.0403665
-2.37307 -0.0855347 0.0574596
-2.45611 -0.0695491 0.0714545
-2.53946 -0.050551 0.0769817
-2.62081 -0.0272801 0.0641487
2.93651 -0.246034 0.0189297
2.84242 -0.258396 0.0170834
2.74817 -0.268884 0.0132291
2.65386 -0.278564 0.00863505
2.55951 -0.287749 0.00399907
2.46509 -0.296659 0.00017478
2.37061 -0.30537 -0.00246256
2.27608 -0.313897 -0.00372171
2.18149 -0.321797 -0.00448681
2.08685 -0.329021 -0.00520593
1.99216 -0.335474 -0.00634637
1.89743 -0.341192 -0.00804898
1.80268 -0.346421 -0.009901
1.7079 -0.35129 -0.0116013
1.6131 -0.355815 -0.012959
1.51829 -0.360008 -0.0138048
1.42345 -0.363805 -0.0142894
1.32859 -0.367208 -0.0145747
1.23373 -0.370248 -0.0148482
1.13885 -0.37296 -0.0151294
1.04397 -0.375367 -0.0153715
0.949075 -0.377472 -0.0155744
0.854177 -0.379297 -0.0156121
0.759273 -0.380811 -0.0155931
0.664367 -0.382062 -0.0152021
0.569458 -0.383035 -0.0146007
0.474548 -0.383745 -0.013792
0.379636 -0.384161 -0.013089
0.284723 -0.384309 -0.0123957
0.189812 -0.384243 -0.0114406
0.0949047 -0.383976 -0.0101052
0.0949047 0.383976 -0.0101052
0.189812 0.384243 -0.0114406
0.284723 0.384309 -0.0123957
0.379636 0.384161 -0.013089
0.474548 0.383745 -0.013792
0.569458 0.383035 -0.0146007
0.664367 0.382062 -0.0152021
0.759273 0.380811 -0.0155931
0.854177 0.379297 -0.0156121
0.949075 0.377472 -0.0155744
1.04397 0.375367 -0.0153715
1.13885 0.37296 -0.0151294
1.23373 0.370248 -0.0148482
1.32859 0.367208 -0.0145747
1.42345 0.363805 -0.0142893
1.51829 0.360008 -0.0138048
1.6131 0.355815 -0.012959
1.7079 0.35129 -0.0116013
1.80268 0.346421 -0.009901
1.89743 0.341192 -0.00804898
1.99216 0.335474 -0.00634637
2.08685 0.329021 -0.00520594
2.18149 0.321797 -0.00448682
2.27608 0.313897 -0.00372173
2.37061 0.30537 -0.00246258
2.46509 0.296659 0.000174766
2.55951 0.287749 0.00399905
2.65386 0.278564 0.00863503
2.74817 0.268884 0.0132291
2.84242 0.258396 0.0170834
2.93651 0.246034 0.0189297
-2.62081 0.0272801 0.0641487
-2.53946 0.050551 0.0769817
-2.45611 0.0695491 0.0714545
-2.37307 0.0855347 0.0574596
-2.29035 0.100395 0.0403665
-2.20718 0.117231 0.0276981
-2.12382 0.135694 0.0192851
-2.04032 0.153613 0.0112397
-1.95692 0.171567 0.00232591
-1.87318 0.187737 -0.00683985
-1.78918 0.203815 -0.0135851
-1.70508 0.220491 -0.0166625
-1.62089 0.237106 -0.0173544
-1.53657 0.25301 -0.0170309
-1.45208 0.267987 -0.0163741
-1.36745 0.28207 -0.0155384
-1.28266 0.295163 -0.0147447
-1.19774 0.307292 -0.0139545
-1.11269 0.318479 -0.0131173
-1.02752 0.32877 -0.0120992
-0.942247 0.338141 -0.0108966
-0.856866 0.346489 -0.00971942
-0.771376 0.353653 -0.00910984
