0 15.92 -3.83166e-13 5855.9 0 0 0 55.9649 0 0 2.47985e-07 3.04347e-21 1.75103e-06 -3.98908e-14 -623.913 5.60663e-14 5.11406 18.1246 -8.44446e-13 5863.78 18.1246 -7.09661e-13 5863.78 
0.1 29.2713 7.81487e-06 5637.72 0 0 0 55.9649 0 0 3.08109e-07 -4.48428e-15 1.55394e-06 -3.93332e-06 -290.304 2.59951e-05 5.06428 28.3374 9.25638e-06 5659.69 28.3374 9.25638e-06 5659.69 
0.2 40.6402 0.0400769 5522.03 0 0 0 55.9649 0 0 2.51093e-07 -5.31767e-16 2.24415e-06 -0.0150983 -109.767 0.135664 4.98728 38.7078 0.0492287 5555.14 38.7078 0.0492287 5555.14 
0.3 44.0376 1.21225e-05 5430.27 0 0 0 55.9649 0 0 2.31234e-07 1.71722e-15 2.96291e-06 -5.66877e-06 89.4075 9.74986e-06 4.91666 43.8011 1.41838e-05 5467.44 43.8011 1.41838e-05 5467.44 
0.4 36.4801 0.0605681 5360.79 0 0 0 55.9649 0 0 2.2015e-07 6.14618e-17 2.68186e-06 -0.0253413 213.722 0.193048 4.83821 38.2407 0.0699944 5387.79 38.2407 0.0699944 5387.79 
0.5 41.9929 6.37503e-05 5408.6 0 0 0 55.9649 0 0 2.30153e-07 -5.98108e-15 3.19324e-06 -1.93765e-05 325.99 1.5165e-05 4.9051 45.5877 7.11294e-05 5420.23 45.5877 7.11294e-05 5420.23 
0.6 40.1611 5.55992e-05 5473.38 0 0 0 55.9649 0 0 2.29529e-07 -2.96146e-15 2.15335e-06 1.26554e-06 286.932 -0.000136056 4.94921 45.0401 5.93243e-05 5471.99 45.0401 5.93243e-05 5471.99 
0.7 39.4226 7.85715e-05 5537.48 0 0 0 55.9649 0 0 2.44097e-07 -2.72692e-15 2.29055e-06 -7.48184e-07 185.108 -0.000169726 4.98193 44.5775 8.08288e-05 5528.06 44.5775 8.08288e-05 5528.06 
0.8 40.1647 0.000122505 5587.23 0 0 0 55.9649 0 0 2.56843e-07 -2.24449e-15 2.1512e-06 -2.04425e-06 44.1929 -0.000233536 5.00182 44.9094 0.000122681 5574.46 44.9094 0.000122681 5574.46 
0.9 42.8641 0.000198435 5611.09 0 0 0 55.9649 0 0 2.65548e-07 -1.55129e-15 2.09314e-06 7.70446e-07 -96.5681 -0.000419414 4.99919 46.9258 0.000205439 5598.97 46.9258 0.000205439 5598.97 
1 47.0267 0.00022089 5596.63 0 0 0 55.9649 0 0 2.69741e-07 -1.12028e-15 2.08007e-06 2.22628e-06 -175.091 -0.000524592 4.98781 50.4553 0.000236638 5588.56 50.4553 0.000236638 5588.56 
1.1 51.4236 0.0120115 5574.08 0 0 0 55.9649 0 0 2.73649e-07 2.36469e-16 2.08898e-06 -0.00140854 -220.628 0.0303856 4.9827 54.6923 0.0117382 5572.09 54.6923 0.0117382 5572.09 
1.2 55.2869 -4.13462e-05 5526.05 0 0 0 55.9649 0 0 2.73224e-07 9.12949e-15 2.17459e-06 -1.00997e-05 -210.415 -3.65217e-05 4.97095 58.3084 -2.10058e-05 5533.1 58.3084 -2.10058e-05 5533.1 
1.3 57.577 -0.000328754 5488.25 0 0 0 55.9649 0 0 2.79859e-07 -3.4807e-16 2.32159e-06 8.10554e-06 -160.953 0.000326482 4.93615 60.8219 -0.000322455 5503.25 60.8219 -0.000322455 5503.25 
1.4 59.1315 -0.00062898 5467.87 0 0 0 55.9649 0 0 2.45021e-07 1.18251e-15 1.92384e-06 3.46243e-05 -86.2415 0.00075669 4.94437 62.9363 -0.000628972 5488.7 62.9363 -0.000628972 5488.7 
1.5 59.315 -0.000816459 5470.6 0 0 0 55.9649 0 0 2.56015e-07 8.90736e-16 2.05441e-06 6.34325e-05 -13.4275 0.000951736 4.9694 63.7311 -0.000827078 5493.77 63.7311 -0.000827078 5493.77 
1.6 58.8703 -0.000779489 5495.6 0 0 0 55.9649 0 0 2.59415e-07 6.45092e-16 2.13576e-06 7.15851e-05 47.4724 0.000854939 4.98986 63.7084 -0.00080334 5517.86 63.7084 -0.00080334 5517.86 
1.7 57.2544 -0.000542878 5524.83 0 0 0 55.9649 0 0 2.6818e-07 8.49069e-16 2.17118e-06 5.58216e-05 87.1979 0.000550522 5.01851 62.1885 -0.000571829 5544.32 62.1885 -0.000571829 5544.32 
1.8 55.9332 -0.000176047 5548 0 0 0 55.9649 0 0 2.64003e-07 8.77493e-16 2.19959e-06 2.18748e-05 112.376 0.000160446 5.03407 60.5663 -0.000201126 5563.25 60.5663 -0.000201126 5563.25 
1.9 55.5821 0.000275703 5553.46 0 0 0 55.9649 0 0 2.60073e-07 1.25931e-15 2.32085e-06 -2.32475e-05 125.76 -0.000177124 5.01473 59.7629 0.000258653 5563.51 59.7629 0.000258653 5563.51 
2 54.0821 0.013686 5545.07 0 0 0 55.9649 0 0 2.60184e-07 1.3834e-15 2.34325e-06 -0.0013397 128.071 0.0338646 4.98915 57.925 0.00957531 5549.54 57.925 0.00957531 5549.54 
2.1 51.3134 0.000918129 5555.43 0 0 0 55.9649 0 0 2.65816e-07 1.33192e-14 2.25728e-06 -0.000104825 60.473 -0.000161068 4.98933 54.6393 0.000929451 5555.98 54.6393 0.000929451 5555.98 
2.2 49.4499 0.000910211 5551.96 0 0 0 55.9649 0 0 2.68587e-07 -2.43896e-15 2.27757e-06 -0.000102879 -7.02514 -2.66056e-05 4.98649 52.4315 0.00090755 5551.58 52.4315 0.00090755 5551.58 
2.3 48.7077 0.000684447 5537.05 0 0 0 55.9649 0 0 2.68952e-07 -4.13517e-17 2.31993e-06 -8.57669e-05 -55.3345 0.000101152 4.97668 51.53 0.000681496 5538.41 51.53 0.000681496 5538.41 
2.4 47.7298 0.000339982 5524.81 0 0 0 55.9649 0 0 2.73881e-07 1.61761e-15 2.17248e-06 -4.85532e-05 -94.1637 4.65482e-05 4.98405 50.5706 0.000336307 5529.66 50.5706 0.000336307 5529.66 
2.5 47.557 -4.51681e-06 5508.52 0 0 0 55.9649 0 0 2.74078e-07 2.0336e-15 2.14808e-06 -6.654e-06 -104.021 -0.000113289 4.98843 50.5795 -7.87041e-06 5517.89 50.5795 -7.87041e-06 5517.89 
2.6 48.0129 -0.000272047 5497.98 0 0 0 55.9649 0 0 2.73389e-07 7.17749e-16 2.15919e-06 3.09327e-05 -84.8643 -0.000288422 4.98331 51.385 -0.00027472 5511.51 51.385 -0.00027472 5511.51 
2.7 48.3012 -0.000416149 5495.38 0 0 0 55.9649 0 0 2.72205e-07 -1.01835e-15 2.16143e-06 5.12272e-05 -42.1124 -0.000384201 4.9895 52.1054 -0.000417343 5511.64 52.1054 -0.000417343 5511.64 
2.8 47.9906 -0.00044236 5501.73 0 0 0 55.9649 0 0 2.66965e-07 -1.36897e-15 2.29929e-06 5.52405e-05 -8.22955 -0.000360919 4.99863 52.1225 -0.000442124 5519.22 52.1225 -0.000442124 5519.22 
2.9 47.3572 -0.00035992 5515.14 0 0 0 55.9649 0 0 2.69563e-07 -2.13384e-17 2.18105e-06 4.19652e-05 31.0773 -0.000224899 5.01055 51.6485 -0.000358734 5532.13 51.6485 -0.000358734 5532.13 
3 45.5358 0.015782 5526.69 0 0 0 55.9649 0 0 2.67779e-07 1.97617e-16 2.19122e-06 -0.00179246 38.9367 0.0345669 5.01617 49.7887 0.0121251 5542.56 49.7887 0.0121251 5542.56 
3.1 44.9107 -0.000115211 5536.34 0 0 0 55.9649 0 0 2.66815e-07 1.23007e-14 2.20676e-06 1.0025e-05 58.1003 4.72624e-05 5.01747 48.916 -0.000102979 5549.28 48.916 -0.000102979 5549.28 
3.2 43.0483 -1.5499e-05 5543.49 0 0 0 55.9649 0 0 2.67178e-07 -5.6563e-16 2.19781e-06 2.88833e-06 54.7662 4.73734e-05 5.01937 46.7454 -1.50795e-05 5553.88 46.7454 -1.50795e-05 5553.88 
3.3 41.1488 8.22255e-05 5542.7 0 0 0 55.9649 0 0 2.67234e-07 1.23538e-15 2.19271e-06 -1.10833e-05 39.2226 9.94267e-05 5.01649 44.5083 8.27404e-05 5551.09 44.5083 8.27404e-05 5551.09 
3.4 39.5302 0.000148069 5536.76 0 0 0 55.9649 0 0 2.68077e-07 1.71996e-15 2.19981e-06 -1.97657e-05 22.7981 0.000128655 5.00897 42.6379 0.000148686 5543.83 42.6379 0.000148686 5543.83 
3.5 38.1401 0.000170701 5527.94 0 0 0 55.9649 0 0 2.68526e-07 1.4749e-15 2.20125e-06 -2.23332e-05 4.67461 0.000128748 5.00157 41.127 0.000171157 5534.4 41.127 0.000171157 5534.4 
3.6 37.0085 0.000157837 5519.36 0 0 0 55.9649 0 0 2.69306e-07 1.1058e-15 2.19015e-06 -1.984e-05 -11.6629 0.000101459 4.99757 40.0167 0.000158196 5525.91 40.0167 0.000158196 5525.91 
3.7 36.1597 0.000119494 5518.12 0 0 0 55.9649 0 0 2.6936e-07 1.01791e-15 2.19641e-06 -1.35845e-05 -23.0895 6.67684e-05 4.99845 39.2837 0.000119801 5525.39 39.2837 0.000119801 5525.39 
3.8 35.4711 6.98945e-05 5514.51 0 0 0 55.9649 0 0 2.69811e-07 7.77434e-16 2.17749e-06 -6.64699e-06 -29.4706 3.12154e-05 5.00182 38.7537 7.02859e-05 5522.93 38.7537 7.02859e-05 5522.93 
3.9 35.1214 2.03613e-05 5515.25 0 0 0 55.9649 0 0 2.70707e-07 4.39926e-16 2.14376e-06 4.84636e-07 -28.3212 1.21338e-06 5.00407 38.569 2.08452e-05 5524.93 38.569 2.08452e-05 5524.93 
4 34.5157 0.0135407 5517.21 0 0 0 55.9649 0 0 2.69578e-07 8.75544e-17 2.16856e-06 -0.00238061 -23.7222 0.036993 5.00762 38.0865 0.0130757 5528.16 38.0865 0.0130757 5528.16 
4.1 34.5278 -8.03007e-05 5520.87 0 0 0 55.9649 0 0 2.69034e-07 1.21575e-14 2.16897e-06 1.87858e-05 -10.3277 -8.18722e-05 5.01194 38.1487 -6.96922e-05 5532.15 38.1487 -6.96922e-05 5532.15 
4.2 34.0975 -6.63304e-05 5524.48 0 0 0 55.9649 0 0 2.68215e-07 -1.32165e-15 2.17342e-06 9.47384e-06 4.57365 -3.29291e-05 5.01531 37.7134 -6.53766e-05 5536 37.7134 -6.53766e-05 5536 
4.3 33.4265 -7.15862e-05 5526.78 0 0 0 55.9649 0 0 2.67558e-07 -3.71913e-16 2.17957e-06 1.01699e-05 11.6411 -2.93552e-05 5.01628 36.9858 -7.06262e-05 5538.07 36.9858 -7.06262e-05 5538.07 
4.4 32.6707 -6.52669e-05 5528.71 0 0 0 55.9649 0 0 2.66951e-07 -3.45354e-16 2.18535e-06 9.10669e-06 18.3067 -2.09661e-05 5.01637 36.1356 -6.44032e-05 5539.33 36.1356 -6.44032e-05 5539.33 
4.5 31.752 -4.90719e-05 5529.38 0 0 0 55.9649 0 0 2.66587e-07 -2.21622e-16 2.18677e-06 6.74535e-06 22.4022 -1.03304e-05 5.01516 35.1095 -4.82508e-05 5539.11 35.1095 -4.82508e-05 5539.11 
4.6 30.8546 -3.43884e-05 5529.58 0 0 0 55.9649 0 0 2.66594e-07 -1.02216e-16 2.19072e-06 4.71961e-06 20.1209 -1.58454e-06 5.01321 34.1149 -3.36277e-05 5538.39 34.1149 -3.36277e-05 5538.39 
4.7 30.0041 -1.78111e-05 5526.67 0 0 0 55.9649 0 0 2.66888e-07 -1.50533e-17 2.17002e-06 2.65321e-06 16.6707 4.71566e-06 5.0122 33.1897 -1.71016e-05 5534.69 33.1897 -1.71016e-05 5534.69 
4.8 29.2869 -3.61739e-06 5527.78 0 0 0 55.9649 0 0 2.66637e-07 5.91109e-18 2.19811e-06 7.98757e-07 9.76342 7.56794e-06 5.01229 32.4268 -2.95418e-06 5535.22 32.4268 -2.95418e-06 5535.22 
4.9 28.6851 7.87744e-06 5525.14 0 0 0 55.9649 0 0 2.66953e-07 6.07887e-17 2.18029e-06 -6.50061e-07 2.55211 8.84901e-06 5.00983 31.8169 8.51326e-06 5532.28 31.8169 8.51326e-06 5532.28 
5 28.2874 1.60078e-05 5521.53 0 0 0 55.9649 0 0 2.66381e-07 1.33311e-16 2.22871e-06 -1.71801e-06 -3.74758 9.07678e-06 5.00602 31.4523 1.66443e-05 5528.65 31.4523 1.66443e-05 5528.65 
5.1 27.7437 0.0143048 5522 0 0 0 55.9649 0 0 2.67225e-07 2.13128e-16 2.18481e-06 -0.00269221 -7.44983 0.0389053 5.00627 30.9955 0.0135937 5529.41 30.9955 0.0135937 5529.41 
5.2 27.7636 1.56038e-05 5522.25 0 0 0 55.9649 0 0 2.67598e-07 9.86048e-15 2.17849e-06 -4.45317e-06 -9.7545 3.92397e-05 5.00912 31.0456 2.58763e-05 5529.82 31.0456 2.58763e-05 5529.82 
5.3 27.7748 9.45017e-06 5522.11 0 0 0 55.9649 0 0 2.67389e-07 -7.968e-16 2.17635e-06 -1.16075e-06 -8.72988 -4.56751e-06 5.00966 31.1135 1.02128e-05 5530.09 31.1135 1.02128e-05 5530.09 
5.4 27.8799 2.6576e-06 5522.98 0 0 0 55.9649 0 0 2.67107e-07 7.17549e-17 2.18203e-06 -9.6175e-08 -5.36178 -1.11575e-05 5.00932 31.2641 3.53823e-06 5531.26 31.2641 3.53823e-06 5531.26 
5.5 27.8692 -1.12545e-05 5524.06 0 0 0 55.9649 0 0 2.67007e-07 4.06437e-17 2.1811e-06 1.56735e-06 -1.98131 -9.97834e-06 5.01101 31.2846 -1.054e-05 5532.48 31.2846 -1.054e-05 5532.48 
5.6 27.8317 -1.95716e-05 5525.47 0 0 0 55.9649 0 0 2.66904e-07 6.53911e-18 2.17767e-06 2.90975e-06 1.53342 -2.26184e-05 5.01228 31.251 -1.8822e-05 5533.9 31.251 -1.8822e-05 5533.9 
5.7 27.833 -3.68192e-05 5526.02 0 0 0 55.9649 0 0 2.65796e-07 -4.13998e-17 2.21164e-06 4.9152e-06 5.71644 -1.91891e-05 5.01142 31.2405 -3.62038e-05 5534.29 31.2405 -3.62038e-05 5534.29 
5.8 27.7817 -4.76409e-05 5525.99 0 0 0 55.9649 0 0 2.66326e-07 -6.95455e-17 2.19091e-06 6.22681e-06 8.57476 -2.29657e-05 5.01089 31.1716 -4.7014e-05 5533.94 31.1716 -4.7014e-05 5533.94 
5.9 27.6761 -5.91585e-05 5526.23 0 0 0 55.9649 0 0 2.66314e-07 -9.61309e-17 2.1909e-06 7.60307e-06 8.43634 -2.24462e-05 5.01051 31.0447 -5.8612e-05 5533.81 31.0447 -5.8612e-05 5533.81 
6 27.5983 -6.93164e-05 5526.57 0 0 0 55.9649 0 0 2.66356e-07 -1.22827e-16 2.19114e-06 8.79957e-06 7.03012 -2.10218e-05 5.00984 30.9527 -6.88657e-05 5533.77 30.9527 -6.88657e-05 5533.77 
6.1 27.5941 -7.76194e-05 5526.31 0 0 0 55.9649 0 0 2.66467e-07 -1.40656e-16 2.19067e-06 9.67183e-06 5.09981 -1.80624e-05 5.00911 30.9386 -7.72665e-05 5533.25 30.9386 -7.72665e-05 5533.25 
6.2 27.6282 -8.4478e-05 5526.18 0 0 0 55.9649 0 0 2.66604e-07 -1.44468e-16 2.18997e-06 1.0352e-05 2.40647 -1.4694e-05 5.00845 30.976 -8.42199e-05 5532.93 30.976 -8.42199e-05 5532.93 
6.3 27.7601 -9.05961e-05 5525.72 0 0 0 55.9649 0 0 2.66767e-07 -1.4298e-16 2.18879e-06 1.09505e-05 0.0042442 -1.10549e-05 5.0079 31.1208 -9.04253e-05 5532.42 31.1208 -9.04253e-05 5532.42 
6.4 27.9668 -9.66481e-05 5525.08 0 0 0 55.9649 0 0 2.66913e-07 -1.39398e-16 2.18806e-06 1.15059e-05 -1.8513 -7.49207e-06 5.00759 31.355 -9.65715e-05 5531.76 31.355 -9.65715e-05 5531.76 
6.5 28.2257 -0.000102886 5524.86 0 0 0 55.9649 0 0 2.67043e-07 -1.35504e-16 2.1872e-06 1.21045e-05 -3.17733 -4.34715e-06 5.00756 31.6442 -0.0001029 5531.6 31.6442 -0.0001029 5531.6 
6.6 28.5383 -0.000109473 5525.14 0 0 0 55.9649 0 0 2.67125e-07 -1.3259e-16 2.18665e-06 1.2753e-05 -3.08598 -1.20626e-06 5.0077 31.9851 -0.000109576 5532 31.9851 -0.000109576 5532 
6.7 28.8515 -0.000117108 5525.34 0 0 0 55.9649 0 0 2.67172e-07 -1.27656e-16 2.18708e-06 1.34983e-05 -3.06724 1.7096e-06 5.00795 32.3231 -0.000117297 5532.31 32.3231 -0.000117297 5532.31 
6.8 29.1765 -0.000126111 5525.61 0 0 0 55.9649 0 0 2.67231e-07 -1.23925e-16 2.18654e-06 1.44238e-05 -2.05809 4.54456e-06 5.00816 32.6672 -0.000126382 5532.67 32.6672 -0.000126382 5532.67 
6.9 29.5029 -0.00013746 5525.94 0 0 0 55.9649 0 0 2.67254e-07 -1.22993e-16 2.18699e-06 1.56148e-05 -1.18355 7.30332e-06 5.00832 33.0036 -0.000137809 5533.08 33.0036 -0.000137809 5533.08 
7 29.8072 -0.000150889 5526.25 0 0 0 55.9649 0 0 2.6728e-07 -1.22664e-16 2.18753e-06 1.70204e-05 -0.126492 1.0479e-05 5.00831 33.3147 -0.00015132 5533.38 33.3147 -0.00015132 5533.38 
7.1 30.0604 -0.000164544 5526.45 0 0 0 55.9649 0 0 2.67298e-07 -1.25788e-16 2.18871e-06 1.83999e-05 0.796563 1.50936e-05 5.00819 33.5697 -0.00016506 5533.55 33.5697 -0.00016506 5533.55 
7.2 30.3378 -0.000181344 5526.48 0 0 0 55.9649 0 0 2.67352e-07 -1.29389e-16 2.18927e-06 2.00715e-05 1.3697 2.05262e-05 5.00798 33.8481 -0.000181956 5533.51 33.8481 -0.000181956 5533.51 
7.3 30.5833 -0.000198518 5526.64 0 0 0 55.9649 0 0 2.67419e-07 -1.28155e-16 2.18993e-06 2.16857e-05 1.2963 2.7826e-05 5.00772 34.0943 -0.000199242 5533.6 34.0943 -0.000199242 5533.6 
7.4 30.8525 -0.000217753 5526.49 0 0 0 55.9649 0 0 2.6752e-07 -1.22082e-16 2.18987e-06 2.35101e-05 1.51429 3.66608e-05 5.00745 34.3653 -0.000218611 5533.38 34.3653 -0.000218611 5533.38 
7.5 31.0808 -0.000238885 5526.46 0 0 0 55.9649 0 0 2.67626e-07 -1.10736e-16 2.1898e-06 2.54863e-05 0.587042 4.73577e-05 5.00721 34.5963 -0.000239899 5533.31 34.5963 -0.000239899 5533.31 
7.6 31.3258 -0.000260807 5526.4 0 0 0 55.9649 0 0 2.6775e-07 -9.679e-17 2.18954e-06 2.74487e-05 -0.345942 6.0064e-05 5.00699 34.8468 -0.000262008 5533.23 34.8468 -0.000262008 5533.23 
7.7 31.5978 -0.000284155 5526.46 0 0 0 55.9649 0 0 2.67873e-07 -7.69116e-17 2.18923e-06 2.94555e-05 -1.29197 7.49411e-05 5.00685 35.1258 -0.000285571 5533.31 35.1258 -0.000285571 5533.31 
7.8 31.8544 -0.000306034 5526.49 0 0 0 55.9649 0 0 2.6799e-07 -5.11323e-17 2.18886e-06 3.11999e-05 -1.92496 9.2267e-05 5.00678 35.3898 -0.000307699 5533.4 35.3898 -0.000307699 5533.4 
7.9 32.0972 -0.000327198 5526.61 0 0 0 55.9649 0 0 2.6809e-07 -1.20631e-17 2.18859e-06 3.27583e-05 -2.5382 0.000111964 5.00678 35.6397 -0.000329142 5533.59 35.6397 -0.000329142 5533.59 
8 32.3308 -0.00034497 5526.33 0 0 0 55.9649 0 0 2.68152e-07 2.82722e-17 2.1885e-06 3.38882e-05 -1.97061 0.000133753 5.00679 35.879 -0.000347226 5533.39 35.879 -0.000347226 5533.39 
8.1 32.5535 -0.000364115 5526.68 0 0 0 55.9649 0 0 2.6822e-07 9.80324e-17 2.18843e-06 3.49906e-05 -2.32617 0.000158391 5.00684 36.1059 -0.000366713 5533.83 36.1059 -0.000366713 5533.83 
8.2 32.741 -0.000379104 5526.53 0 0 0 55.9649 0 0 2.68259e-07 1.61156e-16 2.18847e-06 3.56116e-05 -1.83815 0.000184395 5.00688 36.2955 -0.000382074 5533.75 36.2955 -0.000382074 5533.75 
8.3 32.91 -0.000392385 5526.46 0 0 0 55.9649 0 0 2.68293e-07 2.39214e-16 2.18863e-06 3.59533e-05 -1.36698 0.000212238 5.00691 36.4644 -0.000395754 5533.75 36.4644 -0.000395754 5533.75 
8.4 33.0606 -0.000403595 5527.36 0 0 0 55.9649 0 0 2.68328e-07 3.56102e-16 2.18895e-06 3.59712e-05 -1.4698 0.000241401 5.00694 36.6134 -0.000407382 5534.7 36.6134 -0.000407382 5534.7 
8.5 33.199 -0.000412074 5529.74 0 0 0 55.9649 0 0 2.68374e-07 5.52208e-16 2.18921e-06 3.56797e-05 -2.20375 0.000271852 5.00694 36.7484 -0.000416291 5537.12 36.7484 -0.000416291 5537.12 
8.6 33.275 -0.000417858 5527.17 0 0 0 55.9649 0 0 2.68374e-07 5.52208e-16 2.18921e-06 3.50495e-05 -0.774557 0.000302559 5.00694 36.8204 -0.00042254 5534.58 36.8204 -0.00042254 5534.58 
8.7 33.3499 -0.000420913 5527.32 0 0 0 55.9649 0 0 2.68397e-07 7.16387e-16 2.1893e-06 3.41123e-05 -0.682166 0.000333665 5.00692 36.8903 -0.000426053 5534.75 36.8903 -0.000426053 5534.75 
8.8 33.3986 -0.000421642 5526.51 0 0 0 55.9649 0 0 2.6841e-07 7.48758e-16 2.18932e-06 3.28948e-05 -0.322607 0.000364589 5.0069 36.9336 -0.000427264 5533.97 36.9336 -0.000427264 5533.97 
8.9 33.4207 -0.000414625 5526.83 0 0 0 55.9649 0 0 2.68435e-07 8.92144e-16 2.18913e-06 3.07067e-05 -0.69161 0.000396705 5.00688 36.9503 -0.000420721 5534.31 36.9503 -0.000420721 5534.31 
9 33.4203 -0.000401235 5527.29 0 0 0 55.9649 0 0 2.6846e-07 1.04826e-15 2.18863e-06 2.7824e-05 -1.07565 0.000428124 5.00686 36.945 -0.000407799 5534.81 36.945 -0.000407799 5534.81 
9.1 33.4237 -0.000394932 5526.73 0 0 0 55.9649 0 0 2.6845e-07 1.13019e-15 2.18913e-06 2.60368e-05 -0.817501 0.000454563 5.00687 36.9445 -0.000401955 5534.27 36.9445 -0.000401955 5534.27 
9.2 33.3971 -0.000385555 5526.49 0 0 0 55.9649 0 0 2.68451e-07 1.22228e-15 2.18905e-06 2.38868e-05 -1.09211 0.00048017 5.00689 36.9146 -0.000393027 5534.07 36.9146 -0.000393027 5534.07 
9.3 33.3736 -0.000364492 5526.6 0 0 0 55.9649 0 0 2.68441e-07 1.36566e-15 2.18898e-06 2.03697e-05 -0.82582 0.000506576 5.00694 36.8857 -0.000372378 5534.23 36.8857 -0.000372378 5534.23 
9.4 33.331 -0.000347109 5526.5 0 0 0 55.9649 0 0 2.68427e-07 1.47076e-15 2.18882e-06 1.74293e-05 -0.779771 0.000528881 5.00699 36.8391 -0.000355388 5534.17 36.8391 -0.000355388 5534.17 
9.5 33.2787 -0.000329997 5526.31 0 0 0 55.9649 0 0 2.68409e-07 1.55845e-15 2.18886e-06 1.4633e-05 -0.688378 0.000548638 5.00704 36.7832 -0.000338646 5534.02 36.7832 -0.000338646 5534.02 
9.6 33.2045 -0.000304751 5526.32 0 0 0 55.9649 0 0 2.68377e-07 1.67151e-15 2.18893e-06 1.09571e-05 -0.471724 0.000567161 5.00711 36.7051 -0.000313731 5534.06 36.7051 -0.000313731 5534.06 
9.7 33.0764 -0.000284639 5526.31 0 0 0 55.9649 0 0 2.68351e-07 1.7481e-15 2.18895e-06 8.00489e-06 -1.43198 0.000581659 5.00716 36.5726 -0.000293912 5534.08 36.5726 -0.000293912 5534.08 
9.8 33.0394 -0.000258111 5526.14 0 0 0 55.9649 0 0 2.68316e-07 1.83937e-15 2.18895e-06 4.45026e-06 -0.225409 0.000593909 5.00722 36.5308 -0.000267633 5533.93 36.5308 -0.000267633 5533.93 
9.9 32.9181 -0.000223748 5526.24 0 0 0 55.9649 0 0 2.68262e-07 1.93967e-15 2.18895e-06 1.44615e-07 0.103954 0.000603352 5.00728 36.4048 -0.000233471 5534.05 36.4048 -0.000233471 5534.05 
10 32.8142 -0.00019897 5526.15 0 0 0 55.9649 0 0 2.68231e-07 1.99517e-15 2.18889e-06 -2.90401e-06 0.127133 0.000608036 5.00731 36.2966 -0.000208845 5533.96 36.2966 -0.000208845 5533.96 
10.1 32.709 -0.000175257 5526.04 0 0 0 55.9649 0 0 2.68201e-07 2.037e-15 2.18901e-06 -5.72673e-06 0.00548852 0.000609498 5.00734 36.1875 -0.000185234 5533.86 36.1875 -0.000185234 5533.86 
10.2 32.5849 -0.000143771 5526.03 0 0 0 55.9649 0 0 2.68158e-07 2.08805e-15 2.18899e-06 -9.29531e-06 0.129393 0.000608485 5.00738 36.0594 -0.000153805 5533.84 36.0594 -0.000153805 5533.84 
10.3 32.4622 -0.00011228 5526 0 0 0 55.9649 0 0 2.68109e-07 2.1292e-15 2.1891e-06 -1.27224e-05 0.278602 0.00060404 5.00741 35.9331 -0.000122313 5533.82 35.9331 -0.000122313 5533.82 
10.4 32.3323 -8.31406e-05 5525.97 0 0 0 55.9649 0 0 2.68079e-07 2.15429e-15 2.18896e-06 -1.57237e-05 0.0972211 0.000595675 5.00744 35.7999 -9.31135e-05 5533.79 35.7999 -9.31135e-05 5533.79 
10.5 32.1963 -4.5115e-05 5525.82 0 0 0 55.9649 0 0 2.68025e-07 2.17767e-15 2.18891e-06 -1.95774e-05 0.587192 0.00058454 5.00748 35.6608 -5.49759e-05 5533.64 35.6608 -5.49759e-05 5533.64 
10.6 32.086 -2.22697e-05 5525.92 0 0 0 55.9649 0 0 2.67999e-07 2.17996e-15 2.18889e-06 -2.16308e-05 0.168714 0.000569608 5.0075 35.5482 -3.19545e-05 5533.73 35.5482 -3.19545e-05 5533.73 
10.7 31.9545 6.04568e-06 5525.93 0 0 0 55.9649 0 0 2.67961e-07 2.17448e-15 2.18886e-06 -2.41475e-05 -0.0654101 0.000551901 5.00753 35.4145 -3.41132e-06 5533.74 35.4145 -3.41132e-06 5533.74 
10.8 31.8444 3.81394e-05 5525.79 0 0 0 55.9649 0 0 2.67913e-07 2.14999e-15 2.18876e-06 -2.69062e-05 0.526048 0.0005306 5.00758 35.302 2.89675e-05 5533.59 35.302 2.89675e-05 5533.59 
10.9 31.7399 6.00939e-05 5525.88 0 0 0 55.9649 0 0 2.67882e-07 2.12388e-15 2.1888e-06 -2.84803e-05 0.317344 0.000507427 5.0076 35.1958 5.12596e-05 5533.67 35.1958 5.12596e-05 5533.67 
11 31.6303 8.56977e-05 5525.92 0 0 0 55.9649 0 0 2.67846e-07 2.0831e-15 2.18877e-06 -3.03565e-05 0.286624 0.000481024 5.00763 35.0844 7.72553e-05 5533.69 35.0844 7.72553e-05 5533.69 
11.1 31.5248 0.000108897 5525.81 0 0 0 55.9649 0 0 2.67804e-07 2.02108e-15 2.18876e-06 -3.17985e-05 0.521042 0.000452499 5.00766 34.9772 0.000100886 5533.57 34.9772 0.000100886 5533.57 
11.2 31.4271 0.000128732 5525.73 0 0 0 55.9649 0 0 2.67768e-07 1.94812e-15 2.18875e-06 -3.27829e-05 0.615036 0.000421574 5.00768 34.8777 0.000121203 5533.48 34.8777 0.000121203 5533.48 
11.3 31.3393 0.000144718 5525.76 0 0 0 55.9649 0 0 2.67739e-07 1.87382e-15 2.18874e-06 -3.32847e-05 0.5779 0.00038954 5.00769 34.7883 0.000137702 5533.5 34.7883 0.000137702 5533.5 
11.4 31.2603 0.000158481 5525.87 0 0 0 55.9649 0 0 2.67713e-07 1.799e-15 2.18874e-06 -3.35123e-05 0.472891 0.000356738 5.0077 34.7079 0.000152009 5533.59 34.7079 0.000152009 5533.59 
11.5 31.186 0.000170221 5525.87 0 0 0 55.9649 0 0 2.67686e-07 1.70841e-15 2.18873e-06 -3.34441e-05 0.481729 0.000322734 5.00771 34.6325 0.00016431 5533.57 34.6325 0.00016431 5533.57 
11.6 31.1184 0.000178629 5525.82 0 0 0 55.9649 0 0 2.67661e-07 1.60152e-15 2.18872e-06 -3.29459e-05 0.519697 0.000287745 5.00771 34.564 0.000173302 5533.51 34.564 0.000173302 5533.51 
11.7 31.0592 0.000183535 5525.72 0 0 0 55.9649 0 0 2.67638e-07 1.48317e-15 2.1887e-06 -3.20037e-05 0.589288 0.000252068 5.00771 34.504 0.000178799 5533.39 34.504 0.000178799 5533.39 
11.8 31.0119 0.000187952 5525.89 0 0 0 55.9649 0 0 2.67623e-07 1.39357e-15 2.18869e-06 -3.10927e-05 0.455264 0.0002179 5.00771 34.4563 0.000183814 5533.54 34.4563 0.000183814 5533.54 
11.9 30.9707 0.000189513 5525.97 0 0 0 55.9649 0 0 2.67609e-07 1.29106e-15 2.18868e-06 -2.98294e-05 0.37674 0.000183478 5.0077 34.4148 0.000185976 5533.6 34.4148 0.000185976 5533.6 
12 30.9459 0.000188106 5525.86 0 0 0 55.9649 0 0 2.67595e-07 1.16363e-15 2.18867e-06 -2.82461e-05 0.576492 0.000149119 5.0077 34.3898 0.000185165 5533.47 34.3898 0.000185165 5533.47 
12.1 30.9127 0.000179066 5525.65 0 0 0 55.9649 0 0 2.67583e-07 1.01056e-15 2.18865e-06 -2.56652e-05 0.499235 0.00011354 5.00769 34.3572 0.000176715 5533.24 34.3572 0.000176715 5533.24 
12.2 30.8979 0.000177454 5525.95 0 0 0 55.9649 0 0 2.67579e-07 9.3378e-16 2.18865e-06 -2.41936e-05 0.347243 8.25863e-05 5.00768 34.3428 0.000175688 5533.52 34.3428 0.000175688 5533.52 
12.3 30.8922 0.00016444 5525.75 0 0 0 55.9649 0 0 2.67574e-07 7.81699e-16 2.18862e-06 -2.12779e-05 0.402891 4.93946e-05 5.00767 34.338 0.000163243 5533.31 34.338 0.000163243 5533.31 
12.4 30.8945 0.000154162 5525.81 0 0 0 55.9649 0 0 2.67574e-07 6.70823e-16 2.18859e-06 -1.88183e-05 0.363918 1.92238e-05 5.00765 34.3413 0.000153521 5533.35 34.3413 0.000153521 5533.35 
12.5 30.9047 0.000141721 5525.87 0 0 0 55.9649 0 0 2.67576e-07 5.60742e-16 2.18863e-06 -1.61774e-05 0.315896 -9.33071e-06 5.00764 34.3529 0.000141615 5533.39 34.3529 0.000141615 5533.39 
12.6 30.9206 0.000127445 5525.88 0 0 0 55.9649 0 0 2.6758e-07 4.48209e-16 2.18862e-06 -1.33978e-05 0.27934 -3.64958e-05 5.00763 34.3702 0.000127857 5533.39 34.3702 0.000127857 5533.39 
12.7 30.9525 0.000104933 5525.78 0 0 0 55.9649 0 0 2.67589e-07 3.1154e-16 2.1886e-06 -9.66679e-06 0.304823 -6.33114e-05 5.00761 34.404 0.000105841 5533.27 34.404 0.000105841 5533.27 
12.8 30.975 9.25396e-05 5525.97 0 0 0 55.9649 0 0 2.67596e-07 2.37167e-16 2.18861e-06 -7.32073e-06 0.232749 -8.50766e-05 5.00759 34.4283 9.3917e-05 5533.45 34.4283 9.3917e-05 5533.45 
12.9 31.014 7.10719e-05 5525.95 0 0 0 55.9649 0 0 2.67608e-07 1.32996e-16 2.18861e-06 -3.94236e-06 0.234 -0.000106386 5.00757 34.4695 7.28901e-05 5533.41 34.4695 7.28901e-05 5533.41 
13 31.0562 4.84797e-05 5525.98 0 0 0 55.9649 0 0 2.67623e-07 3.39368e-17 2.18858e-06 -5.77074e-07 0.189849 -0.000124989 5.00755 34.5141 5.07067e-05 5533.43 34.5141 5.07067e-05 5533.43 
13.1 31.1298 2.42696e-05 5525.99 0 0 0 55.9649 0 0 2.67639e-07 -5.54583e-17 2.1886e-06 2.87681e-06 0.588861 -0.000141008 5.00754 34.5903 2.68703e-05 5533.42 34.5903 2.68703e-05 5533.42 
13.2 31.1652 -7.97228e-06 5525.9 0 0 0 55.9649 0 0 2.67662e-07 -1.63373e-16 2.18861e-06 7.131e-06 0.0635435 -0.000155203 5.00751 34.6283 -5.03426e-06 5533.32 34.6283 -5.03426e-06 5533.32 
13.3 31.2182 -3.20069e-05 5525.97 0 0 0 55.9649 0 0 2.67678e-07 -2.26686e-16 2.1886e-06 1.03231e-05 0.118307 -0.00016475 5.0075 34.6841 -2.87793e-05 5533.39 34.6841 -2.87793e-05 5533.39 
13.4 31.2797 -6.10942e-05 5526 0 0 0 55.9649 0 0 2.677e-07 -2.99079e-16 2.1886e-06 1.39241e-05 0.10254 -0.000171778 5.00748 34.7485 -5.76206e-05 5533.41 34.7485 -5.76206e-05 5533.41 
13.5 31.3461 -9.61131e-05 5526 0 0 0 55.9649 0 0 2.67726e-07 -3.71208e-16 2.18861e-06 1.80514e-05 -0.029793 -0.000175392 5.00746 34.8178 -9.2453e-05 5533.41 34.8178 -9.2453e-05 5533.41 
13.6 31.3999 -0.000125358 5525.96 0 0 0 55.9649 0 0 2.67748e-07 -4.19119e-16 2.18861e-06 2.13587e-05 -0.168125 -0.000174978 5.00745 34.8745 -0.000121565 5533.36 34.8745 -0.000121565 5533.36 
13.7 31.4798 -0.000163244 5525.99 0 0 0 55.9649 0 0 2.67775e-07 -4.69751e-16 2.1886e-06 2.55631e-05 -0.120297 -0.000171763 5.00743 34.9573 -0.000159373 5533.39 34.9573 -0.000159373 5533.39 
13.8 31.5507 -0.000197052 5526 0 0 0 55.9649 0 0 2.67799e-07 -5.02184e-16 2.1886e-06 2.91095e-05 -0.0562945 -0.000163874 5.00742 35.0311 -0.000193178 5533.39 35.0311 -0.000193178 5533.39 
13.9 31.6182 -0.000229667 5526 0 0 0 55.9649 0 0 2.67823e-07 -5.21471e-16 2.18861e-06 3.23187e-05 -0.0420203 -0.000152011 5.0074 35.1015 -0.000225859 5533.39 35.1015 -0.000225859 5533.39 
14 31.6953 -0.000270876 5526.06 0 0 0 55.9649 0 0 2.67855e-07 -5.27738e-16 2.18862e-06 3.62822e-05 -0.206826 -0.00013557 5.00739 35.1815 -0.00026721 5533.46 35.1815 -0.00026721 5533.46 
14.1 31.7599 -0.000302451 5526.06 0 0 0 55.9649 0 0 2.67877e-07 -5.23047e-16 2.18862e-06 3.90645e-05 -0.166709 -0.000115894 5.00738 35.2488 -0.000298999 5533.45 35.2488 -0.000298999 5533.45 
14.2 31.8321 -0.000339611 5526.12 0 0 0 55.9649 0 0 2.67906e-07 -4.97599e-16 2.18864e-06 4.22514e-05 -0.266715 -9.16358e-05 5.00736 35.3236 -0.000336447 5533.52 35.3236 -0.000336447 5533.52 
14.3 31.8929 -0.000368076 5526.06 0 0 0 55.9649 0 0 2.67927e-07 -4.70447e-16 2.18862e-06 4.44017e-05 -0.145925 -6.47178e-05 5.00735 35.387 -0.000365278 5533.46 35.387 -0.000365278 5533.46 
14.4 31.96 -0.000402946 5526.18 0 0 0 55.9649 0 0 2.67956e-07 -4.10198e-16 2.18866e-06 4.69785e-05 -0.33102 -3.26833e-05 5.00734 35.4564 -0.000400584 5533.59 35.4564 -0.000400584 5533.59 
14.5 32.0108 -0.000426056 5526.06 0 0 0 55.9649 0 0 2.67971e-07 -3.64128e-16 2.18869e-06 4.82656e-05 -0.193996 6.11005e-07 5.00734 35.5092 -0.000424214 5533.48 35.5092 -0.000424214 5533.48 
14.6 32.0684 -0.000452696 5526.09 0 0 0 55.9649 0 0 2.67995e-07 -2.78994e-16 2.18867e-06 4.97127e-05 -0.220849 3.88335e-05 5.00733 35.5689 -0.000451445 5533.52 35.5689 -0.000451445 5533.52 
14.7 32.1271 -0.000477116 5526.31 0 0 0 55.9649 0 0 2.68026e-07 -1.52204e-16 2.18856e-06 5.05766e-05 -0.469158 8.17675e-05 5.00733 35.6293 -0.000476518 5533.74 35.6293 -0.000476518 5533.74 
14.8 32.1661 -0.00049261 5526.19 0 0 0 55.9649 0 0 2.68034e-07 -7.51164e-17 2.18882e-06 5.06918e-05 -0.349519 0.00012245 5.00732 35.6697 -0.000492724 5533.63 35.6697 -0.000492724 5533.63 
14.9 32.1983 -0.000507151 5526.04 0 0 0 55.9649 0 0 2.68048e-07 1.93748e-17 2.1887e-06 5.06665e-05 -0.313751 0.000164896 5.00732 35.7032 -0.000508013 5533.49 35.7032 -0.000508013 5533.49 
15 32.2468 -0.000518262 5526.24 0 0 0 55.9649 0 0 2.6807e-07 1.80541e-16 2.18862e-06 4.99277e-05 -0.32944 0.000212019 5.00732 35.7527 -0.000519909 5533.7 35.7527 -0.000519909 5533.7 
15.1 32.2729 -0.00052611 5526.21 0 0 0 55.9649 0 0 2.68077e-07 2.82906e-16 2.18872e-06 4.9034e-05 -0.276007 0.000256087 5.00732 35.7795 -0.000528578 5533.68 35.7795 -0.000528578 5533.68 
15.2 32.3026 -0.000528885 5526.11 0 0 0 55.9649 0 0 2.68089e-07 4.25865e-16 2.18872e-06 4.73937e-05 -0.238497 0.000302629 5.00732 35.8099 -0.000532198 5533.59 35.8099 -0.000532198 5533.59 
15.3 32.3243 -0.000527361 5526.13 0 0 0 55.9649 0 0 2.68099e-07 5.77307e-16 2.18871e-06 4.53058e-05 -0.241721 0.000348676 5.00732 35.8319 -0.000531532 5533.62 35.8319 -0.000531532 5533.62 
15.4 32.3415 -0.000519897 5526.19 0 0 0 55.9649 0 0 2.68106e-07 7.46925e-16 2.18876e-06 4.25469e-05 -0.243102 0.000394674 5.00733 35.8492 -0.000524928 5533.7 35.8492 -0.000524928 5533.7 
15.5 32.3526 -0.000507726 5526.22 0 0 0 55.9649 0 0 2.68111e-07 9.19036e-16 2.18877e-06 3.92887e-05 -0.254813 0.000439523 5.00733 35.8601 -0.000513611 5533.74 35.8601 -0.000513611 5533.74 
15.6 32.356 -0.000495572 5526.18 0 0 0 55.9649 0 0 2.68114e-07 1.05415e-15 2.18877e-06 3.62191e-05 -0.22387 0.00048028 5.00734 35.863 -0.000502288 5533.71 35.863 -0.000502288 5533.71 
15.7 32.3538 -0.000458608 5526.58 0 0 0 55.9649 0 0 2.68114e-07 1.31778e-15 2.18879e-06 3.014e-05 -0.328187 0.00052451 5.00735 35.8599 -0.000466122 5534.13 35.8599 -0.000466122 5534.13 
15.8 32.3473 -0.000438509 5526.5 0 0 0 55.9649 0 0 2.68112e-07 1.45031e-15 2.18878e-06 2.63932e-05 -0.280601 0.000559797 5.00736 35.8523 -0.00044678 5534.05 35.8523 -0.00044678 5534.05 
15.9 32.3363 -0.000414986 5526.42 0 0 0 55.9649 0 0 2.6811e-07 1.58717e-15 2.18873e-06 2.23436e-05 -0.238042 0.000592342 5.00736 35.8399 -0.000423967 5533.98 35.8399 -0.000423967 5533.98 
16 32.3295 -0.000396472 5526.24 0 0 0 55.9649 0 0 2.68105e-07 1.66489e-15 2.18881e-06 1.90632e-05 -0.074517 0.000620812 5.00737 35.8318 -0.000406124 5533.81 35.8318 -0.000406124 5533.81 
