0 0.221264 0 0 -0 0 0 0 0 0 0 0 0 
0.1 0.221264 -3.19338e-37 -0.00111939 6.34543e-40 9.09153e-05 4.8491e-37 0 0 -0.0219463 7.77207e-39 -0.00147809 5.99906e-43 
0.2 0.221264 -3.19338e-37 -0.00418412 1.44514e-39 0.000246405 4.84872e-37 0 0 -0.0379904 7.06679e-39 -0.0012305 1.53742e-42 
0.3 0.221264 -3.19338e-37 -0.00836554 1.7656e-39 0.000239021 4.84874e-37 0 0 -0.0438243 -3.98126e-40 0.00139006 -2.125e-43 
0.4 0.221264 -3.19338e-37 -0.0125879 1.16686e-39 -9.23439e-05 4.84955e-37 0 0 -0.0393011 -1.12016e-38 0.00518231 1.06475e-42 
0.5 0.221264 -3.19338e-37 -0.0159684 -5.4495e-40 -0.000821832 4.8513e-37 0 0 -0.0271531 -2.1663e-38 0.00885356 1.74899e-41 
0.6 0.221264 -3.19338e-37 -0.0178211 -3.5248e-39 -0.00200429 4.8541e-37 0 0 -0.0106089 -3.02172e-38 0.0118542 5.72065e-41 
0.7 0.221264 -3.19338e-37 -0.0180993 -6.65931e-39 -0.00322649 4.85691e-37 0 0 0.00442764 -3.23057e-38 0.0125866 1.016e-40 
0.8 0.221264 -3.19338e-37 -0.0171255 -9.46291e-39 -0.00432837 4.85939e-37 0 0 0.0140965 -2.7218e-38 0.0108042 1.1868e-40 
0.9 0.221264 -3.19338e-37 -0.0155124 -1.17045e-38 -0.00524534 4.86141e-37 0 0 0.0171429 -1.69204e-38 0.00719839 9.05908e-41 
1 0.221264 -3.19338e-37 -0.0139289 -1.2609e-38 -0.00569414 4.8624e-37 0 0 0.0136799 -3.32175e-39 0.00243815 2.21451e-41 
1.1 0.221264 -3.19338e-37 -0.0129412 -1.22108e-38 -0.00566608 4.86237e-37 0 0 0.00567727 1.0479e-38 -0.00239226 -5.57038e-41 
1.2 0.221264 -3.19338e-37 -0.012869 -1.04928e-38 -0.0051932 4.86138e-37 0 0 -0.00416532 2.32208e-38 -0.00685253 -1.17281e-40 
1.3 0.221264 -3.19338e-37 -0.0137241 -7.53163e-39 -0.00429013 4.85942e-37 0 0 -0.012453 3.19277e-38 -0.00990128 -1.35746e-40 
1.4 0.221264 -3.19338e-37 -0.0152612 -4.18404e-39 -0.0032419 4.85709e-37 0 0 -0.0175051 3.58141e-38 -0.0112627 -1.14579e-40 
1.5 0.221264 -3.19338e-37 -0.0170958 -3.44741e-40 -0.00203428 4.85432e-37 0 0 -0.0184959 3.5341e-38 -0.0110968 -7.37797e-41 
1.6 0.221264 -3.19338e-37 -0.0188049 3.13862e-39 -0.000950397 4.85175e-37 0 0 -0.0150829 3.09481e-38 -0.00955601 -3.27946e-41 
1.7 0.221264 -3.19338e-37 -0.0200033 5.85428e-39 -0.00013185 4.84977e-37 0 0 -0.00863411 2.3996e-38 -0.00711663 -5.49706e-42 
1.8 0.221264 -3.19338e-37 -0.0205176 7.47441e-39 0.000325045 4.84864e-37 0 0 -0.00181255 1.56318e-38 -0.00418077 5.3096e-42 
1.9 0.221264 -3.19338e-37 -0.0204409 8.52725e-39 0.000559868 4.84806e-37 0 0 0.00290659 5.82345e-39 -0.000737327 3.70817e-42 
2 0.221264 -3.19338e-37 -0.0200493 8.56442e-39 0.000452339 4.84832e-37 0 0 0.00450164 -3.95196e-39 0.00269469 -1.16051e-42 
2.1 0.221264 -3.19338e-37 -0.019605 7.7446e-39 2.42702e-05 4.84938e-37 0 0 0.00417111 -9.53119e-39 0.00465327 3.05821e-43 
2.2 0.221264 -3.19338e-37 -0.0192128 6.87232e-39 -0.000405549 4.85043e-37 0 0 0.00373095 -7.92287e-39 0.00408886 4.22258e-42 
2.3 0.221264 -3.19338e-37 -0.0188523 6.42853e-39 -0.00069127 4.85113e-37 0 0 0.00345644 -5.58044e-40 0.00150458 1.61743e-42 
2.4 0.221264 -3.19338e-37 -0.0185378 6.92468e-39 -0.000655177 4.85105e-37 0 0 0.00271194 9.27501e-39 -0.00194557 -4.93818e-42 
2.5 0.221264 -3.19338e-37 -0.0183423 8.29093e-39 -0.000301289 4.85018e-37 0 0 0.00104169 1.79821e-38 -0.00500093 -4.55149e-42 
2.6 0.221264 -3.19338e-37 -0.0183553 1.03895e-38 0.00030426 4.84869e-37 0 0 -0.00136681 2.30689e-38 -0.0067863 7.37853e-42 
2.7 0.221264 -3.19338e-37 -0.0186137 1.28748e-38 0.00103929 4.84684e-37 0 0 -0.00370676 2.37376e-38 -0.00702103 2.37875e-41 
2.8 0.221264 -3.19338e-37 -0.0190565 1.51532e-38 0.00170538 4.84513e-37 0 0 -0.00489301 2.10816e-38 -0.00608816 3.47203e-41 
2.9 0.221264 -3.19338e-37 -0.0195257 1.71231e-38 0.00225872 4.84369e-37 0 0 -0.0042084 1.72321e-38 -0.00473572 3.74178e-41 
3 0.221264 -3.19338e-37 -0.0198443 1.84092e-38 0.00259748 4.84279e-37 0 0 -0.00203365 1.3323e-38 -0.00336204 3.40357e-41 
3.1 0.221264 -3.19338e-37 -0.0198994 1.95576e-38 0.00286597 4.84207e-37 0 0 0.000769651 9.44935e-39 -0.00200058 2.6317e-41 
3.2 0.221264 -3.19338e-37 -0.0196997 2.03242e-38 0.00300275 4.84169e-37 0 0 0.00308036 6.21139e-39 -0.000862439 1.78401e-41 
3.3 0.221264 -3.19338e-37 -0.0193059 2.08947e-38 0.00304983 4.84155e-37 0 0 0.00460774 4.24152e-39 -0.000169995 1.21031e-41 
3.4 0.221264 -3.19338e-37 -0.0188149 2.12035e-38 0.00304708 4.84154e-37 0 0 0.00504594 3.39741e-39 0.000126729 9.53223e-42 
3.5 0.221264 -3.19338e-37 -0.0183334 2.15511e-38 0.00302972 4.84157e-37 0 0 0.00445018 3.27276e-39 0.000170548 9.10764e-42 
3.6 0.221264 -3.19338e-37 -0.0179493 2.1914e-38 0.00301697 4.84159e-37 0 0 0.00316546 3.52749e-39 8.10053e-05 9.84056e-42 
3.7 0.221264 -3.19338e-37 -0.0177069 2.22436e-38 0.00301761 4.84157e-37 0 0 0.00169948 3.98444e-39 -7.96216e-05 1.12176e-41 
3.8 0.221264 -3.19338e-37 -0.0175963 2.26957e-38 0.00303959 4.8415e-37 0 0 0.000581472 4.72501e-39 -0.000339945 1.35385e-41 
3.9 0.221264 -3.19338e-37 -0.0175673 2.32432e-38 0.00309514 4.84133e-37 0 0 7.66334e-05 5.68825e-39 -0.000678549 1.67281e-41 
4 0.221264 -3.19338e-37 -0.0175587 2.38029e-38 0.00317237 4.84111e-37 0 0 0.000165471 6.56972e-39 -0.000988421 1.9956e-41 
4.1 0.221264 -3.19338e-37 -0.0175135 2.45591e-38 0.00328962 4.84078e-37 0 0 0.00075315 6.93864e-39 -0.00111812 2.1786e-41 
4.2 0.221264 -3.19338e-37 -0.0174012 2.52031e-38 0.00339551 4.84048e-37 0 0 0.00149092 7.08144e-39 -0.00116832 2.30092e-41 
4.3 0.221264 -3.19338e-37 -0.0172176 2.58989e-38 0.00350729 4.84016e-37 0 0 0.00215312 6.70038e-39 -0.00103434 2.24031e-41 
4.4 0.221264 -3.19338e-37 -0.0169785 2.66046e-38 0.00360419 4.83988e-37 0 0 0.00259175 5.799e-39 -0.000717407 1.9711e-41 
4.5 0.221264 -3.19338e-37 -0.0167089 2.70281e-38 0.00364271 4.83976e-37 0 0 0.00276154 4.55704e-39 -0.000280704 1.54536e-41 
4.6 0.221264 -3.19338e-37 -0.0164346 2.74701e-38 0.00364073 4.83974e-37 0 0 0.00269357 3.18181e-39 0.000202865 1.04576e-41 
4.7 0.221264 -3.19338e-37 -0.0161757 2.7672e-38 0.00359724 4.83984e-37 0 0 0.00247095 1.88611e-39 0.000658469 5.67761e-42 
4.8 0.221264 -3.19338e-37 -0.0159429 2.77976e-38 0.00351033 4.84006e-37 0 0 0.00218062 8.44967e-40 0.00102455 1.90226e-42 
4.9 0.221264 -3.19338e-37 -0.0157414 2.78374e-38 0.00338718 4.84037e-37 0 0 0.00188911 1.75353e-40 0.00125998 -4.02059e-43 
5 0.221264 -3.19338e-37 -0.0155668 2.78333e-38 0.00325998 4.8407e-37 0 0 0.00164185 -1.16939e-40 0.00136275 -1.30407e-42 
5.1 0.221264 -3.19338e-37 -0.0154134 2.78212e-38 0.00313147 4.84103e-37 0 0 0.00143508 -1.03516e-40 0.00135803 -1.17223e-42 
5.2 0.221264 -3.19338e-37 -0.0152742 2.78067e-38 0.00298763 4.84139e-37 0 0 0.00130491 -5.61443e-41 0.00134138 -9.4079e-43 
5.3 0.221264 -3.19338e-37 -0.015153 2.78158e-38 0.00285591 4.84173e-37 0 0 0.00111639 2.15928e-40 0.00124574 -8.34145e-44 
5.4 0.221264 -3.19338e-37 -0.0150514 2.78516e-38 0.00274538 4.84201e-37 0 0 0.000911193 5.25559e-40 0.00113691 8.05938e-43 
5.5 0.221264 -3.19338e-37 -0.014971 2.79404e-38 0.00260307 4.84237e-37 0 0 0.000695774 7.52216e-40 0.00105725 1.40658e-42 
5.6 0.221264 -3.19338e-37 -0.0149126 2.80207e-38 0.00250306 4.84263e-37 0 0 0.000472062 8.46195e-40 0.00102422 1.62413e-42 
5.7 0.221264 -3.19338e-37 -0.0148764 2.80945e-38 0.00240958 4.84286e-37 0 0 0.000255459 7.93661e-40 0.00104268 1.46689e-42 
5.8 0.221264 -3.19338e-37 -0.0148605 2.8172e-38 0.00227762 4.8432e-37 0 0 6.3145e-05 6.11674e-40 0.00110663 1.01923e-42 
5.9 0.221264 -3.19338e-37 -0.0148624 2.82022e-38 0.00219369 4.84341e-37 0 0 -9.93284e-05 3.54118e-40 0.00119714 4.46056e-43 
6 0.221264 -3.19338e-37 -0.0148791 2.82208e-38 0.00205884 4.84376e-37 0 0 -0.000231627 8.14287e-41 0.00129295 -9.69501e-44 
6.1 0.221264 -3.19338e-37 -0.0149078 2.82163e-38 0.00194887 4.84404e-37 0 0 -0.000341804 -1.38964e-40 0.00137039 -4.64835e-43 
6.2 0.221264 5.43334e-37 -0.0149389 2.8182e-38 0.0018002 4.84442e-37 0 0 -0.000361003 -4.07839e-40 0.00146486 -8.51452e-43 
6.3 0.221264 5.43334e-37 -0.0149813 2.8133e-38 0.00163182 4.84486e-37 0 0 -0.000490548 -4.22654e-40 0.00147006 -7.34702e-43 
6.4 0.221264 5.43334e-37 -0.0150385 2.81034e-38 0.00150299 4.84519e-37 0 0 -0.000650309 -2.58485e-40 0.00141239 -3.47523e-43 
6.5 0.221264 5.43334e-37 -0.0151123 2.80941e-38 0.00136409 4.84554e-37 0 0 -0.000822875 3.80086e-41 0.00130825 1.69519e-43 
6.6 0.221264 5.43334e-37 -0.0152034 2.81226e-38 0.00123845 4.84586e-37 0 0 -0.0009987 4.34278e-40 0.00116906 7.24625e-43 
6.7 0.221264 5.43334e-37 -0.0153116 2.8197e-38 0.00112894 4.84614e-37 0 0 -0.00116411 8.85267e-40 0.00101066 1.24849e-42 
6.8 0.221264 5.43334e-37 -0.0154352 2.83189e-38 0.00103612 4.84638e-37 0 0 -0.00130459 1.33584e-39 0.000852422 1.68759e-42 
6.9 0.221264 5.43334e-37 -0.0155712 2.84855e-38 0.000959001 4.84657e-37 0 0 -0.00141275 1.74763e-39 0.000707808 2.01551e-42 
7 0.221264 5.43334e-37 -0.0157163 2.8669e-38 0.000901172 4.84672e-37 0 0 -0.00148471 2.09603e-39 0.000585457 2.24536e-42 
7.1 0.221264 5.43334e-37 -0.0158668 2.88664e-38 0.000854897 4.84683e-37 0 0 -0.00152182 2.37246e-39 0.000488382 2.39855e-42 
7.2 0.221264 5.43334e-37 -0.0160195 2.91579e-38 0.000803134 4.84696e-37 0 0 -0.00152929 2.58546e-39 0.000413585 2.48939e-42 
7.3 0.221264 5.43334e-37 -0.0161716 2.94746e-38 0.000760199 4.84707e-37 0 0 -0.00151416 2.75726e-39 0.000353258 2.54458e-42 
7.4 0.221264 5.43334e-37 -0.0163215 2.98127e-38 0.000724786 4.84716e-37 0 0 -0.00148387 2.91304e-39 0.000298557 2.58896e-42 
7.5 0.221264 5.43334e-37 -0.0164679 2.99899e-38 0.000709965 4.84719e-37 0 0 -0.00144442 3.07687e-39 0.000241026 2.64415e-42 
7.6 0.221264 5.43334e-37 -0.01661 3.03229e-38 0.00068902 4.84724e-37 0 0 -0.00139945 3.2686e-39 0.000173704 2.72509e-42 
7.7 0.221264 5.43334e-37 -0.0167475 3.06798e-38 0.000676443 4.84727e-37 0 0 -0.0013505 3.50116e-39 9.20422e-05 2.84709e-42 
7.8 0.221264 5.43334e-37 -0.0168799 3.10655e-38 0.000673977 4.84727e-37 0 0 -0.00129698 3.77866e-39 -5.39954e-06 3.02212e-42 
7.9 0.221264 5.43334e-37 -0.0170066 3.14845e-38 0.00068321 4.84724e-37 0 0 -0.00123683 4.09428e-39 -0.000116225 3.25736e-42 
8 0.221264 5.43334e-37 -0.0171268 3.19397e-38 0.000705185 4.84718e-37 0 0 -0.00116727 4.43282e-39 -0.000235099 3.55703e-42 
8.1 0.221264 5.43334e-37 -0.0172395 3.23125e-38 0.000730749 4.84711e-37 0 0 -0.00108622 4.77547e-39 -0.00035542 3.92175e-42 
8.2 0.221264 5.43334e-37 -0.0173433 3.30588e-38 0.000797517 4.84693e-37 0 0 -0.000990666 5.10044e-39 -0.000469531 4.34705e-42 
8.3 0.221264 5.43334e-37 -0.0174367 3.34563e-38 0.000839469 4.84682e-37 0 0 -0.000880998 5.39107e-39 -0.000571588 4.82335e-42 
8.4 0.221264 5.43334e-37 -0.0175185 3.38671e-38 0.000886074 4.84669e-37 0 0 -0.000757496 5.63652e-39 -0.000657781 5.3374e-42 
8.5 0.221264 5.43334e-37 -0.0175874 3.46513e-38 0.000981494 4.84643e-37 0 0 -0.000622504 5.82907e-39 -0.000725402 5.8711e-42 
8.6 0.221264 5.43334e-37 -0.0176424 3.50218e-38 0.00102933 4.8463e-37 0 0 -0.000478779 5.9681e-39 -0.000774228 6.40836e-42 
8.7 0.221264 5.43334e-37 -0.0176828 3.57715e-38 0.00112804 4.84603e-37 0 0 -0.000331312 6.05683e-39 -0.000805388 6.93268e-42 
8.8 0.221264 5.43334e-37 -0.0177085 3.65298e-38 0.00122979 4.84575e-37 0 0 -0.000184289 6.10217e-39 -0.000821312 7.42981e-42 
8.9 0.221264 5.43334e-37 -0.0177197 3.69101e-38 0.00128105 4.84561e-37 0 0 -4.02792e-05 6.11451e-39 -0.000825648 7.89995e-42 
9 0.221264 5.43334e-37 -0.0177168 3.77444e-38 0.00139315 4.8453e-37 0 0 9.68022e-05 6.10136e-39 -0.000821027 8.34017e-42 
9.1 0.221264 5.43334e-37 -0.0177009 3.81602e-38 0.00144872 4.84515e-37 0 0 0.000223051 6.06977e-39 -0.000809931 8.74677e-42 
9.2 0.221264 5.43334e-37 -0.0176729 3.89853e-38 0.00155756 4.84485e-37 0 0 0.000337159 6.02396e-39 -0.000793842 9.11682e-42 
9.3 0.221264 5.43334e-37 -0.0176342 3.94305e-38 0.00161522 4.84468e-37 0 0 0.000440051 5.96687e-39 -0.000773786 9.45203e-42 
9.4 0.221264 5.43334e-37 -0.0175858 3.98728e-38 0.00167188 4.84452e-37 0 0 0.000529806 5.89558e-39 -0.000748742 9.7441e-42 
9.5 0.221264 5.43334e-37 -0.017529 4.07423e-38 0.00177985 4.84422e-37 0 0 0.000608738 5.80911e-39 -0.000718365 9.98287e-42 
9.6 0.221264 5.43334e-37 -0.0174649 4.11685e-38 0.00183082 4.84407e-37 0 0 0.000676091 5.70352e-39 -0.000681266 1.01555e-41 
9.7 0.221264 5.43334e-37 -0.0173945 4.15879e-38 0.00187941 4.84394e-37 0 0 0.000732572 5.57665e-39 -0.000636691 1.02488e-41 
9.8 0.221264 5.43334e-37 -0.0173191 4.24021e-38 0.00196793 4.84368e-37 0 0 0.000778905 5.42642e-39 -0.000583907 1.02544e-41 
9.9 0.221264 5.43334e-37 -0.0172395 4.27951e-38 0.00200726 4.84356e-37 0 0 0.000815023 5.25398e-39 -0.000523319 1.01637e-41 
10 0.221264 5.43334e-37 -0.0171568 4.31775e-38 0.00204284 4.84346e-37 0 0 0.00084088 5.06061e-39 -0.000455372 9.98135e-42 
10.1 0.221264 5.43334e-37 -0.017072 4.39078e-38 0.00210191 4.84328e-37 0 0 0.000856328 4.85087e-39 -0.000381674 9.70784e-42 
10.2 0.221264 5.43334e-37 -0.0169863 4.42547e-38 0.00212504 4.84321e-37 0 0 0.000860776 4.63016e-39 -0.000304111 9.33723e-42 
10.3 0.221264 5.43334e-37 -0.0169006 4.45891e-38 0.00214375 4.84315e-37 0 0 0.000854881 4.40373e-39 -0.00022454 8.91457e-42 
10.4 0.221264 5.43334e-37 -0.0168161 4.53723e-38 0.00217135 4.84305e-37 0 0 0.000838758 4.17866e-39 -0.000145452 8.4843e-42 
10.5 0.221264 5.43334e-37 -0.0167337 4.57354e-38 0.00217516 4.84303e-37 0 0 0.000814268 3.96317e-39 -6.9732e-05 8.05199e-42 
10.6 0.221264 5.43334e-37 -0.0166543 4.60817e-38 0.00217304 4.84303e-37 0 0 0.000779871 3.75605e-39 3.04913e-06 7.61284e-42 
10.7 0.221264 5.43334e-37 -0.0165785 4.62657e-38 0.00216968 4.84303e-37 0 0 0.000738381 3.56341e-39 7.07411e-05 7.18358e-42 
10.8 0.221264 5.43334e-37 -0.0165071 4.67876e-38 0.00214896 4.84307e-37 0 0 0.000690521 3.38703e-39 0.000132719 6.7722e-42 
10.9 0.221264 5.43334e-37 -0.0164407 4.71138e-38 0.00212752 4.84311e-37 0 0 0.000638899 3.22806e-39 0.000188578 6.38669e-42 
11 0.221264 5.43334e-37 -0.0163796 4.74264e-38 0.00210131 4.84318e-37 0 0 0.000584217 3.08649e-39 0.000238323 6.03133e-42 
11.1 0.221264 5.43334e-37 -0.016324 4.76693e-38 0.00207793 4.84323e-37 0 0 0.000528749 2.96211e-39 0.000282026 5.70748e-42 
11.2 0.221264 5.43334e-37 -0.016274 4.79882e-38 0.00204104 4.84332e-37 0 0 0.000472603 2.85337e-39 0.000320237 5.41075e-42 
11.3 0.221264 5.43334e-37 -0.0162295 4.82942e-38 0.00199962 4.84342e-37 0 0 0.000417635 2.75931e-39 0.000353285 5.14219e-42 
11.4 0.221264 5.43334e-37 -0.0161904 4.8592e-38 0.00195532 4.84353e-37 0 0 0.000362627 2.67847e-39 0.000381689 4.89903e-42 
11.5 0.221264 5.43334e-37 -0.0161568 4.8592e-38 0.00195532 4.84353e-37 0 0 0.000310065 2.61213e-39 0.000405 4.68493e-42 
11.6 0.221264 5.43334e-37 -0.0161283 4.88828e-38 0.00190856 4.84365e-37 0 0 0.000259068 2.55961e-39 0.000423452 4.49759e-42 
11.7 0.221264 5.43334e-37 -0.0161047 4.91683e-38 0.00185993 4.84377e-37 0 0 0.000210043 2.52105e-39 0.000437 4.33693e-42 
11.8 0.221264 5.43334e-37 -0.0160861 4.93545e-38 0.00182798 4.84385e-37 0 0 0.000162132 2.49593e-39 0.000445827 4.20288e-42 
11.9 0.221264 5.43334e-37 -0.0160722 4.96374e-38 0.0017771 4.84398e-37 0 0 0.000116496 2.48568e-39 0.000449427 4.09716e-42 
12 0.221264 5.43334e-37 -0.0160628 5.01486e-38 0.00168625 4.84421e-37 0 0 7.16002e-05 2.48999e-39 0.000447913 4.01743e-42 
12.1 0.221264 5.43334e-37 -0.0160577 5.01486e-38 0.00168625 4.84421e-37 0 0 2.80992e-05 2.50783e-39 0.000441647 3.96077e-42 
12.2 0.221264 5.43334e-37 -0.016057 5.04932e-38 0.00162706 4.84436e-37 0 0 -1.46058e-05 2.5384e-39 0.000430905 3.92467e-42 
12.3 0.221264 5.43334e-37 -0.0160605 5.08474e-38 0.00157119 4.8445e-37 0 0 -5.6695e-05 2.58084e-39 0.000415998 3.90794e-42 
12.4 0.221264 5.43334e-37 -0.0160683 5.1213e-38 0.00151932 4.84463e-37 0 0 -9.83839e-05 2.63329e-39 0.000397573 3.90965e-42 
12.5 0.221264 5.43334e-37 -0.0160801 5.1213e-38 0.00151932 4.84463e-37 0 0 -0.000139502 2.6935e-39 0.000376422 3.92183e-42 
12.6 0.221264 5.43334e-37 -0.0160961 5.15906e-38 0.00147171 4.84475e-37 0 0 -0.000179936 2.76099e-39 0.000352714 3.94482e-42 
12.7 0.221264 5.43334e-37 -0.016116 5.19821e-38 0.00142892 4.84485e-37 0 0 -0.000219481 2.83469e-39 0.000326822 3.9776e-42 
12.8 0.221264 5.43334e-37 -0.0161398 5.19821e-38 0.00142892 4.84485e-37 0 0 -0.000257735 2.91343e-39 0.000299165 4.01936e-42 
12.9 0.221264 5.43334e-37 -0.0161675 5.23314e-38 0.00139655 4.84493e-37 0 0 -0.000296356 2.99069e-39 0.000272025 4.06059e-42 
13 0.221264 5.43334e-37 -0.0161988 5.26894e-38 0.00136719 4.84501e-37 0 0 -0.00033186 3.07716e-39 0.000241651 4.11707e-42 
13.1 0.221264 5.43334e-37 -0.0162339 5.29624e-38 0.00134918 4.84505e-37 0 0 -0.000366302 3.16239e-39 0.000211712 4.17562e-42 
13.2 0.221264 5.43334e-37 -0.0162733 5.32147e-38 0.0013349 4.84508e-37 0 0 -0.000403844 3.24169e-39 0.000183857 4.23078e-42 
13.3 0.221264 5.43334e-37 -0.0163159 5.35298e-38 0.00131881 4.84512e-37 0 0 -0.00043597 3.32524e-39 0.000154511 4.29626e-42 
13.4 0.221264 5.43334e-37 -0.0163615 5.3921e-38 0.00130413 4.84515e-37 0 0 -0.000465172 3.414e-39 0.000123331 4.37453e-42 
13.5 0.221264 5.43334e-37 -0.0164093 5.43217e-38 0.00129277 4.84517e-37 0 0 -0.000489358 3.50726e-39 9.05734e-05 4.46481e-42 
13.6 0.221264 5.43334e-37 -0.0164597 5.45875e-38 0.00128776 4.84518e-37 0 0 -0.000512477 3.60209e-39 5.7266e-05 4.56635e-42 
13.7 0.221264 5.43334e-37 -0.0165121 5.49409e-38 0.00128466 4.84518e-37 0 0 -0.000533187 3.697e-39 2.39267e-05 4.67655e-42 
13.8 0.221264 5.43334e-37 -0.0165664 5.53741e-38 0.00128419 4.84518e-37 0 0 -0.000551474 3.79071e-39 -8.98805e-06 4.79469e-42 
13.9 0.221264 5.43334e-37 -0.0166223 5.59707e-38 0.0012902 4.84515e-37 0 0 -0.000567347 3.88109e-39 -4.07331e-05 4.9192e-42 
14 0.221264 5.43334e-37 -0.0166796 5.65866e-38 0.001303 4.8451e-37 0 0 -0.000579609 3.96716e-39 -7.09661e-05 5.04928e-42 
14.1 0.221264 5.43334e-37 -0.0167378 5.65866e-38 0.001303 4.8451e-37 0 0 -0.000587859 4.04708e-39 -9.90393e-05 5.18233e-42 
14.2 0.221264 5.43334e-37 -0.0167964 5.71565e-38 0.00131997 4.84505e-37 0 0 -0.000591227 4.12151e-39 -0.000125181 5.3191e-42 
14.3 0.221264 5.43334e-37 -0.0168552 5.77408e-38 0.00134204 4.84497e-37 0 0 -0.000589368 4.19046e-39 -0.000149404 5.45941e-42 
14.4 0.221264 5.43334e-37 -0.0169136 5.77408e-38 0.00134204 4.84497e-37 0 0 -0.00058237 4.2533e-39 -0.000171475 5.60187e-42 
14.5 0.221264 5.43334e-37 -0.0169709 5.83352e-38 0.00136763 4.84489e-37 0 0 -0.000570101 4.30991e-39 -0.000191359 5.7455e-42 
14.6 0.221264 5.43334e-37 -0.0170267 5.89392e-38 0.00139659 4.8448e-37 0 0 -0.000552667 4.36066e-39 -0.000209186 5.89037e-42 
14.7 0.221264 5.43334e-37 -0.0170806 5.94886e-38 0.0014247 4.84471e-37 0 0 -0.000530219 4.40587e-39 -0.000225069 6.03614e-42 
14.8 0.221264 5.43334e-37 -0.0171321 5.94886e-38 0.0014247 4.84471e-37 0 0 -0.000503096 4.44509e-39 -0.000238846 6.18106e-42 
14.9 0.221264 5.43334e-37 -0.0171806 6.00464e-38 0.00145576 4.84462e-37 0 0 -0.000471709 4.47815e-39 -0.000250458 6.32371e-42 
15 0.221264 5.43334e-37 -0.0172259 6.03809e-38 0.00147447 4.84456e-37 0 0 -0.000436181 4.505e-39 -0.000259889 6.46339e-42 
15.1 0.221264 5.43334e-37 -0.0172675 6.13945e-38 0.00153417 4.84437e-37 0 0 -0.000396724 4.52531e-39 -0.000267026 6.59801e-42 
15.2 0.221264 5.43334e-37 -0.0173048 6.13945e-38 0.00153417 4.84437e-37 0 0 -0.000353474 4.53924e-39 -0.000271919 6.72572e-42 
15.3 0.221264 5.43334e-37 -0.0173376 6.2005e-38 0.00157079 4.84426e-37 0 0 -0.000306722 4.54583e-39 -0.000274234 6.84398e-42 
15.4 0.221264 5.43334e-37 -0.0173656 6.25543e-38 0.00160371 4.84416e-37 0 0 -0.000256709 4.54481e-39 -0.000273876 6.95125e-42 
15.5 0.221264 5.43334e-37 -0.0173885 6.29992e-38 0.00163011 4.84408e-37 0 0 -0.0002037 4.5369e-39 -0.000271096 7.04686e-42 
15.6 0.221264 5.43334e-37 -0.017406 6.33981e-38 0.00165335 4.844e-37 0 0 -0.000148022 4.52209e-39 -0.000265893 7.12933e-42 
15.7 0.221264 5.43334e-37 -0.0174179 6.37957e-38 0.00167611 4.84393e-37 0 0 -9.07885e-05 4.4985e-39 -0.000257606 7.19379e-42 
15.8 0.221264 5.43334e-37 -0.017424 6.41907e-38 0.00169796 4.84386e-37 0 0 -3.08436e-05 4.47109e-39 -0.000247977 7.24721e-42 
15.9 0.221264 5.43334e-37 -0.0174241 6.45142e-38 0.00171509 4.84381e-37 0 0 2.83831e-05 4.43293e-39 -0.000234572 7.27636e-42 
16 0.221264 5.43334e-37 -0.017418 6.49548e-38 0.00173771 4.84373e-37 0 0 9.19312e-05 4.40149e-39 -0.000223526 7.311e-42 
16.1 0.221264 5.43334e-37 -0.017406 6.53094e-38 0.00175533 4.84367e-37 0 0 0.000150086 4.3503e-39 -0.000205539 7.30373e-42 
16.2 0.221264 5.43334e-37 -0.0173865 6.5774e-38 0.00177591 4.84361e-37 0 0 0.000207033 4.29485e-39 -0.000186061 7.27714e-42 
16.3 0.221264 5.43334e-37 -0.017362 6.61863e-38 0.00179198 4.84355e-37 0 0 0.000261221 4.23255e-39 -0.000164172 7.22916e-42 
16.4 0.221264 5.43334e-37 -0.0173321 6.66274e-38 0.00180737 4.8435e-37 0 0 0.00031552 4.16952e-39 -0.000142025 7.16969e-42 
16.5 0.221264 5.43334e-37 -0.0172973 6.70147e-38 0.00181925 4.84345e-37 0 0 0.000365344 4.10391e-39 -0.000118976 7.09608e-42 
16.6 0.221264 5.43334e-37 -0.0172573 6.74801e-38 0.00183083 4.84341e-37 0 0 0.000413478 4.0396e-39 -9.63817e-05 7.0147e-42 
16.7 0.221264 5.43334e-37 -0.0172124 6.79205e-38 0.00183875 4.84338e-37 0 0 0.00045834 3.976e-39 -7.40336e-05 6.92516e-42 
16.8 0.221264 5.43334e-37 -0.0171636 6.83065e-38 0.00184427 4.84335e-37 0 0 0.000495455 3.91141e-39 -5.13405e-05 6.82558e-42 
16.9 0.221264 5.43334e-37 -0.0171119 6.86842e-38 0.00184688 4.84333e-37 0 0 0.000529666 3.84776e-39 -2.89773e-05 6.72066e-42 
17 0.221264 5.43334e-37 -0.0170575 6.90587e-38 0.00184835 4.84332e-37 0 0 0.000558961 3.78421e-39 -6.64971e-06 6.60902e-42 
17.1 0.221264 5.43334e-37 -0.0170005 6.94254e-38 0.00184707 4.84331e-37 0 0 0.000582911 3.72064e-39 1.56842e-05 6.49016e-42 
17.2 0.221264 5.43334e-37 -0.0169417 7.0142e-38 0.00183864 4.84332e-37 0 0 0.00060108 3.65764e-39 3.78187e-05 6.3658e-42 
17.3 0.221264 5.43334e-37 -0.0168814 7.0142e-38 0.00183864 4.84332e-37 0 0 0.000613505 3.59582e-39 5.95393e-05 6.23735e-42 
17.4 0.221264 5.43334e-37 -0.0168205 7.08348e-38 0.00182185 4.84335e-37 0 0 0.000619975 3.53593e-39 8.05802e-05 6.1094e-42 
17.5 0.221264 5.43334e-37 -0.016759 7.08348e-38 0.00182185 4.84335e-37 0 0 0.000620471 3.47805e-39 0.000100918 5.98229e-42 
17.6 0.221264 5.43334e-37 -0.0166981 7.15063e-38 0.0017976 4.8434e-37 0 0 0.000614983 3.42355e-39 0.000120066 5.85484e-42 
17.7 0.221264 5.43334e-37 -0.0166377 7.15063e-38 0.0017976 4.8434e-37 0 0 0.000603509 3.37243e-39 0.000138026 5.72704e-42 
17.8 0.221264 5.43334e-37 -0.016579 7.21597e-38 0.00176694 4.84346e-37 0 0 0.000586565 3.32666e-39 0.000154108 5.60527e-42 
17.9 0.221264 5.43334e-37 -0.016522 7.21597e-38 0.00176694 4.84346e-37 0 0 0.000564115 3.28607e-39 0.000168368 5.48907e-42 
18 0.221264 5.43334e-37 -0.0164678 7.27994e-38 0.0017315 4.84355e-37 0 0 0.000536432 3.25091e-39 0.000180719 5.38079e-42 
18.1 0.221264 5.43334e-37 -0.0164162 7.27994e-38 0.0017315 4.84355e-37 0 0 0.00050347 3.22112e-39 0.000191185 5.28e-42 
18.2 0.221264 5.43334e-37 -0.0163683 7.33362e-38 0.00170023 4.84362e-37 0 0 0.000466365 3.19844e-39 0.000199153 5.1897e-42 
18.3 0.221264 5.43334e-37 -0.016324 7.3628e-38 0.00168144 4.84367e-37 0 0 0.00042495 3.18232e-39 0.000204816 5.10903e-42 
18.4 0.221264 5.43334e-37 -0.0162839 7.39182e-38 0.00166209 4.84371e-37 0 0 0.000379506 3.172e-39 0.000208443 5.03735e-42 
18.5 0.221264 5.43334e-37 -0.0162484 7.42092e-38 0.00164303 4.84376e-37 0 0 0.000330422 3.16832e-39 0.000209734 4.97643e-42 
18.6 0.221264 5.43334e-37 -0.016218 7.45003e-38 0.00162396 4.84381e-37 0 0 0.000278813 3.17089e-39 0.000208832 4.92579e-42 
18.7 0.221264 5.43334e-37 -0.0161929 7.47918e-38 0.00160507 4.84385e-37 0 0 0.000225567 3.18003e-39 0.000205624 4.88614e-42 
18.8 0.221264 5.43334e-37 -0.0161731 7.50848e-38 0.00158672 4.8439e-37 0 0 0.000170638 3.19491e-39 0.000200394 4.85643e-42 
18.9 0.221264 5.43334e-37 -0.0161589 7.5379e-38 0.00156877 4.84394e-37 0 0 0.000114587 3.21475e-39 0.000193423 4.83545e-42 
19 0.221264 5.43334e-37 -0.0161502 7.56754e-38 0.0015516 4.84398e-37 0 0 5.9332e-05 3.24273e-39 0.000183596 4.82864e-42 
19.1 0.221264 5.43334e-37 -0.0161471 7.6078e-38 0.00153006 4.84403e-37 0 0 2.7355e-06 3.27065e-39 0.000173788 4.8234e-42 
19.2 0.221264 5.43334e-37 -0.0161495 7.63899e-38 0.00151466 4.84407e-37 0 0 -5.02728e-05 3.31112e-39 0.000159568 4.83942e-42 
19.3 0.221264 5.43334e-37 -0.0161573 7.66846e-38 0.00150146 4.8441e-37 0 0 -0.000103562 3.35159e-39 0.000145352 4.85814e-42 
19.4 0.221264 5.43334e-37 -0.0161714 7.7112e-38 0.00148445 4.84414e-37 0 0 -0.000155279 3.39068e-39 0.000131621 4.87812e-42 
19.5 0.221264 5.43334e-37 -0.0161918 7.74618e-38 0.00147364 4.84416e-37 0 0 -0.000203651 3.43344e-39 0.000116599 4.90771e-42 
19.6 0.221264 5.43334e-37 -0.0162165 7.78107e-38 0.00146252 4.84418e-37 0 0 -0.000247059 3.48026e-39 0.000100152 4.94711e-42 
19.7 0.221264 5.43334e-37 -0.0162445 7.80707e-38 0.00145851 4.84419e-37 0 0 -0.000285424 3.53055e-39 8.24833e-05 4.99514e-42 
19.8 0.221264 5.43334e-37 -0.0162761 7.85862e-38 0.00144896 4.8442e-37 0 0 -0.000322801 3.58255e-39 6.42167e-05 5.05083e-42 
19.9 0.221264 5.43334e-37 -0.0163107 7.91166e-38 0.00144464 4.84421e-37 0 0 -0.000355063 3.63692e-39 4.51177e-05 5.11457e-42 
20 0.221264 5.43334e-37 -0.0163476 7.91166e-38 0.00144464 4.84421e-37 0 0 -0.000382947 3.69228e-39 2.56696e-05 5.18423e-42 
20.1 0.221264 5.43334e-37 -0.016387 7.96531e-38 0.00144244 4.8442e-37 0 0 -0.000405953 3.74836e-39 5.97144e-06 5.26075e-42 
20.2 0.221264 5.43334e-37 -0.0164284 8.02045e-38 0.00144552 4.84418e-37 0 0 -0.000424194 3.80451e-39 -1.37533e-05 5.34334e-42 
20.3 0.221264 5.43334e-37 -0.0164713 8.07662e-38 0.00145218 4.84415e-37 0 0 -0.000437757 3.85963e-39 -3.31193e-05 5.43087e-42 
20.4 0.221264 5.43334e-37 -0.0165153 8.07662e-38 0.00145218 4.84415e-37 0 0 -0.000447678 3.91047e-39 -5.09768e-05 5.51852e-42 
20.5 0.221264 5.43334e-37 -0.01656 8.1337e-38 0.00146206 4.84411e-37 0 0 -0.000452952 3.9596e-39 -6.82364e-05 5.61018e-42 
20.6 0.221264 5.43334e-37 -0.0166051 8.1918e-38 0.00147551 4.84406e-37 0 0 -0.000453369 4.00716e-39 -8.49457e-05 5.70597e-42 
20.7 0.221264 5.43334e-37 -0.0166501 8.1918e-38 0.00147551 4.84406e-37 0 0 -0.000451304 4.04544e-39 -9.83934e-05 5.79366e-42 
20.8 0.221264 5.43334e-37 -0.0166949 8.22838e-38 0.00148456 4.84402e-37 0 0 -0.000445436 4.07788e-39 -0.00010979 5.87799e-42 
20.9 0.221264 5.43334e-37 -0.0167387 8.26537e-38 0.00149504 4.84399e-37 0 0 -0.000432657 4.11328e-39 -0.000122224 5.97188e-42 
21 0.221264 5.43334e-37 -0.0167814 8.33241e-38 0.00151555 4.84391e-37 0 0 -0.000421518 4.12662e-39 -0.000126912 6.03598e-42 
21.1 0.221264 5.43334e-37 -0.0168224 8.35773e-38 0.00152387 4.84388e-37 0 0 -0.000398985 4.15776e-39 -0.000137852 6.13059e-42 
21.2 0.221264 5.43334e-37 -0.0168613 8.39162e-38 0.00153542 4.84384e-37 0 0 -0.00037579 4.18066e-39 -0.000145894 6.21658e-42 
21.3 0.221264 5.43334e-37 -0.016897 8.44306e-38 0.00155487 4.84378e-37 0 0 -0.000340083 4.237e-39 -0.000165688 6.36097e-42 
21.4 0.221264 5.43334e-37 -0.016929 8.47786e-38 0.00156963 4.84373e-37 0 0 -0.000302605 4.30481e-39 -0.000189512 6.5342e-42 
21.5 0.221264 5.43334e-37 -0.0169568 8.53117e-38 0.00159564 4.84364e-37 0 0 -0.000258753 4.39626e-39 -0.000221639 6.75811e-42 
21.6 0.221264 5.43334e-37 -0.0169832 8.56646e-38 0.00161211 4.84359e-37 0 0 -0.000264618 4.31469e-39 -0.00019298 6.70451e-42 
21.7 0.221264 5.43334e-37 -0.0170088 8.6352e-38 0.00163859 4.84349e-37 0 0 -0.000254795 4.23474e-39 -0.000164892 6.6371e-42 
21.8 0.221264 5.43334e-37 -0.0170325 8.66846e-38 0.00164792 4.84346e-37 0 0 -0.000234952 4.15093e-39 -0.000135449 6.54899e-42 
21.9 0.221264 5.43334e-37 -0.017053 8.70147e-38 0.00165639 4.84343e-37 0 0 -0.000202809 4.09162e-39 -0.000114613 6.49241e-42 
22 0.221264 5.43334e-37 -0.0170701 8.73421e-38 0.00166389 4.8434e-37 0 0 -0.000165998 4.04791e-39 -9.9254e-05 6.4552e-42 
22.1 0.221264 5.43334e-37 -0.0170838 8.77103e-38 0.00167153 4.84337e-37 0 0 -0.000126257 4.02227e-39 -9.0247e-05 6.44458e-42 
22.2 0.221264 5.43334e-37 -0.0170931 8.8079e-38 0.00167931 4.84334e-37 0 0 -9.05476e-05 4.01113e-39 -8.63332e-05 6.45589e-42 
22.3 0.221264 5.43334e-37 -0.0170997 8.86482e-38 0.00169132 4.84329e-37 0 0 -5.9058e-05 4.00591e-39 -8.44982e-05 6.47645e-42 
22.4 0.221264 5.43334e-37 -0.0171034 8.89324e-38 0.00169719 4.84326e-37 0 0 -3.30808e-05 4.00151e-39 -8.29526e-05 6.49775e-42 
22.5 0.221264 5.43334e-37 -0.0171049 8.92685e-38 0.00170388 4.84324e-37 0 0 -1.254e-05 3.99165e-39 -7.94883e-05 6.50851e-42 
22.6 0.221264 5.43334e-37 -0.0171045 8.99382e-38 0.00171638 4.84318e-37 0 0 4.72681e-06 3.97328e-39 -7.30374e-05 6.50519e-42 
22.7 0.221264 5.43334e-37 -0.0171027 9.02466e-38 0.00172056 4.84316e-37 0 0 2.08757e-05 3.94702e-39 -6.38105e-05 6.48467e-42 
22.8 0.221264 5.43334e-37 -0.0170997 9.05557e-38 0.00172498 4.84314e-37 0 0 3.60153e-05 3.91375e-39 -5.21224e-05 6.44717e-42 
22.9 0.221264 5.43334e-37 -0.0170953 9.11637e-38 0.00173025 4.84311e-37 0 0 5.09278e-05 3.87357e-39 -3.80056e-05 6.3927e-42 
23 0.221264 5.43334e-37 -0.0170895 9.17622e-38 0.00173216 4.84309e-37 0 0 6.54235e-05 3.82805e-39 -2.20132e-05 6.32365e-42 
23.1 0.221264 5.43334e-37 -0.0170822 9.17622e-38 0.00173216 4.84309e-37 0 0 7.94894e-05 3.78021e-39 -5.20392e-06 6.24499e-42 
23.2 0.221264 5.43334e-37 -0.0170736 9.21766e-38 0.00173044 4.84309e-37 0 0 9.30819e-05 3.73087e-39 1.21309e-05 6.15835e-42 
23.3 0.221264 5.43334e-37 -0.0170637 9.25864e-38 0.00172708 4.84309e-37 0 0 0.000105674 3.68299e-39 2.89518e-05 6.06907e-42 
23.4 0.221264 5.43334e-37 -0.0170526 9.29904e-38 0.00172169 4.84309e-37 0 0 0.000116113 3.63907e-39 4.43842e-05 5.9819e-42 
23.5 0.221264 5.43334e-37 -0.0170407 9.33902e-38 0.00171482 4.8431e-37 0 0 0.000124171 3.60025e-39 5.80216e-05 5.89945e-42 
23.6 0.221264 5.43334e-37 -0.017028 9.37866e-38 0.00170674 4.84311e-37 0 0 0.000129881 3.56854e-39 6.91648e-05 5.82586e-42 
23.7 0.221264 5.43334e-37 -0.017015 9.41803e-38 0.00169771 4.84313e-37 0 0 0.000132943 3.54321e-39 7.8063e-05 5.7606e-42 
23.8 0.221264 5.43334e-37 -0.0170018 9.41803e-38 0.00169771 4.84313e-37 0 0 0.000133225 3.52235e-39 8.53929e-05 5.70086e-42 
23.9 0.221264 5.43334e-37 -0.0169885 9.45716e-38 0.00168787 4.84315e-37 0 0 0.000132725 3.50994e-39 8.97522e-05 5.65405e-42 
24 0.221264 5.43334e-37 -0.0169754 9.49625e-38 0.00167785 4.84317e-37 0 0 0.000130206 3.49928e-39 9.34984e-05 5.60909e-42 
24.1 0.221264 5.43334e-37 -0.0169628 9.53515e-38 0.00166721 4.84319e-37 0 0 0.000126606 3.49218e-39 9.59914e-05 5.56898e-42 
24.2 0.221264 5.43334e-37 -0.0169504 9.5701e-38 0.00165739 4.84321e-37 0 0 0.000123473 3.48858e-39 9.72555e-05 5.53438e-42 
24.3 0.221264 5.43334e-37 -0.0169384 9.60505e-38 0.00164758 4.84323e-37 0 0 0.000120474 3.48644e-39 9.80088e-05 5.50209e-42 
24.4 0.221264 5.43334e-37 -0.0169266 9.63997e-38 0.00163767 4.84325e-37 0 0 0.000117869 3.48675e-39 9.79016e-05 5.47384e-42 
24.5 0.221264 5.43334e-37 -0.0169151 9.67495e-38 0.00162796 4.84327e-37 0 0 0.00011573 3.4896e-39 9.6899e-05 5.44996e-42 
24.6 0.221264 5.43334e-37 -0.0169037 9.70347e-38 0.00162029 4.84329e-37 0 0 0.000113089 3.49259e-39 9.58495e-05 5.42657e-42 
24.7 0.221264 5.43334e-37 -0.0168926 9.73195e-38 0.0016125 4.8433e-37 0 0 0.000111495 3.50286e-39 9.22414e-05 5.41595e-42 
24.8 0.221264 5.43334e-37 -0.0168817 9.7893e-38 0.00159828 4.84333e-37 0 0 0.000108456 3.51293e-39 8.87006e-05 5.40539e-42 
24.9 0.221264 5.43334e-37 -0.0168711 9.81808e-38 0.00159154 4.84334e-37 0 0 0.0001056 3.5265e-39 8.39364e-05 5.40227e-42 
25 0.221264 5.43334e-37 -0.0168608 9.84706e-38 0.00158549 4.84335e-37 0 0 0.000103067 3.54445e-39 7.76274e-05 5.40779e-42 
25.1 0.221264 5.43334e-37 -0.0168509 9.8761e-38 0.00157967 4.84336e-37 0 0 9.91206e-05 3.56249e-39 7.12893e-05 5.4146e-42 
25.2 0.221264 5.43334e-37 -0.0168412 9.93478e-38 0.0015701 4.84338e-37 0 0 9.65126e-05 3.58567e-39 6.31469e-05 5.43143e-42 
25.3 0.221264 5.43334e-37 -0.0168319 9.96416e-38 0.00156545 4.84339e-37 0 0 9.18213e-05 3.60512e-39 5.63144e-05 5.44388e-42 
25.4 0.221264 5.43334e-37 -0.0168226 9.99393e-38 0.00156218 4.84339e-37 0 0 9.1916e-05 3.64018e-39 4.39973e-05 5.48352e-42 
25.5 0.221264 5.43334e-37 -0.0168133 1.00238e-37 0.00155938 4.84339e-37 0 0 9.44403e-05 3.68492e-39 2.82769e-05 5.54221e-42 
25.6 0.221264 5.43334e-37 -0.0168039 1.0058e-37 0.00155815 4.84339e-37 0 0 9.13859e-05 3.72352e-39 1.47176e-05 5.59586e-42 
25.7 0.221264 5.43334e-37 -0.0167957 1.00989e-37 0.00155613 4.84338e-37 0 0 7.38369e-05 3.71218e-39 1.87008e-05 5.5729e-42 
25.8 0.221264 5.43334e-37 -0.0167878 1.01404e-37 0.00155651 4.84337e-37 0 0 8.17399e-05 3.7776e-39 -4.2811e-06 5.67278e-42 
25.9 0.221264 5.43334e-37 -0.0167792 1.01685e-37 0.00155803 4.84336e-37 0 0 8.94869e-05 3.84703e-39 -2.86747e-05 5.78651e-42 
26 0.221264 5.43334e-37 -0.0167725 1.02215e-37 0.00155979 4.84334e-37 0 0 6.37287e-05 3.79914e-39 -1.18497e-05 5.71636e-42 
26.1 0.221264 5.43334e-37 -0.0167671 1.02465e-37 0.00156036 4.84334e-37 0 0 5.17514e-05 3.77524e-39 -3.45355e-06 5.68076e-42 
26.2 0.221264 5.43334e-37 -0.0167624 1.02961e-37 0.00155978 4.84333e-37 0 0 4.56734e-05 3.76093e-39 1.57436e-06 5.65813e-42 
26.3 0.221264 5.43334e-37 -0.016758 1.03209e-37 0.00155943 4.84332e-37 0 0 4.42911e-05 3.75876e-39 2.33614e-06 5.65389e-42 
26.4 0.221264 5.43334e-37 -0.0167535 1.03706e-37 0.00155955 4.84331e-37 0 0 4.58809e-05 3.77071e-39 -1.86015e-06 5.6725e-42 
26.5 0.221264 5.43334e-37 -0.0167487 1.03957e-37 0.0015603 4.8433e-37 0 0 4.8848e-05 3.7972e-39 -1.11691e-05 5.71612e-42 
26.6 0.221264 5.43334e-37 -0.0167433 1.04465e-37 0.00156407 4.84328e-37 0 0 5.75749e-05 3.85816e-39 -3.25836e-05 5.81868e-42 
26.7 0.221264 5.43334e-37 -0.0167371 1.04722e-37 0.00156704 4.84326e-37 0 0 7.1141e-05 3.9592e-39 -6.80815e-05 5.99329e-42 
26.8 0.221264 5.43334e-37 -0.0167296 1.05116e-37 0.00157677 4.84323e-37 0 0 7.24042e-05 4.04811e-39 -9.9318e-05 6.16303e-42 
26.9 0.221264 5.43334e-37 -0.0167246 1.0574e-37 0.00159045 4.84317e-37 0 0 3.42247e-05 4.02684e-39 -9.18472e-05 6.1626e-42 
27 0.221264 5.43334e-37 -0.0167245 1.05988e-37 0.00159504 4.84315e-37 0 0 -2.9963e-06 3.96046e-39 -6.85238e-05 6.08131e-42 
27.1 0.221264 5.43334e-37 -0.0167268 1.06471e-37 0.00160037 4.84313e-37 0 0 -2.69897e-05 3.89726e-39 -4.63217e-05 5.99752e-42 
27.2 0.221264 5.43334e-37 -0.0167302 1.06804e-37 0.00160211 4.84311e-37 0 0 -3.62505e-05 3.84953e-39 -2.95505e-05 5.93225e-42 
27.3 0.221264 5.43334e-37 -0.0167337 1.07186e-37 0.00160411 4.8431e-37 0 0 -3.38881e-05 3.82419e-39 -2.06493e-05 5.89897e-42 
27.4 0.221264 5.43334e-37 -0.0167366 1.0744e-37 0.00160538 4.84309e-37 0 0 -2.73085e-05 3.81857e-39 -1.86735e-05 5.8961e-42 
27.5 0.221264 5.43334e-37 -0.0167388 1.07925e-37 0.00160817 4.84307e-37 0 0 -2.23127e-05 3.82911e-39 -2.23776e-05 5.92014e-42 
27.6 0.221264 5.43334e-37 -0.016741 1.0834e-37 0.00161114 4.84305e-37 0 0 -2.17343e-05 3.84727e-39 -2.87567e-05 5.95832e-42 
27.7 0.221264 5.43334e-37 -0.0167434 1.08774e-37 0.00161551 4.84303e-37 0 0 -2.62379e-05 3.86831e-39 -3.61508e-05 6.00345e-42 
27.8 0.221264 5.43334e-37 -0.0167468 1.08992e-37 0.00161773 4.84302e-37 0 0 -3.61879e-05 3.88565e-39 -4.22405e-05 6.04522e-42 
27.9 0.221264 5.43334e-37 -0.0167513 1.09648e-37 0.00162553 4.84298e-37 0 0 -4.89506e-05 3.8957e-39 -4.57721e-05 6.07664e-42 
28 0.221264 5.43334e-37 -0.016757 1.10086e-37 0.00163084 4.84295e-37 0 0 -6.23092e-05 3.89886e-39 -4.68836e-05 6.09716e-42 
28.1 0.221264 5.43334e-37 -0.0167638 1.10522e-37 0.00163571 4.84293e-37 0 0 -7.47976e-05 3.89317e-39 -4.48848e-05 6.10298e-42 
28.2 0.221264 5.43334e-37 -0.0167717 1.10956e-37 0.00163969 4.8429e-37 0 0 -8.4293e-05 3.87992e-39 -4.02271e-05 6.09523e-42 
28.3 0.221264 5.43334e-37 -0.0167804 1.10956e-37 0.00163969 4.8429e-37 0 0 -9.05242e-05 3.86031e-39 -3.33399e-05 6.07504e-42 
28.4 0.221264 5.43334e-37 -0.0167895 1.11387e-37 0.00164267 4.84288e-37 0 0 -9.3209e-05 3.8368e-39 -2.50807e-05 6.0459e-42 
28.5 0.221264 5.43334e-37 -0.0167987 1.11814e-37 0.00164455 4.84287e-37 0 0 -9.31337e-05 3.81158e-39 -1.62189e-05 6.01113e-42 
28.6 0.221264 5.43334e-37 -0.0168078 1.12197e-37 0.00164533 4.84286e-37 0 0 -9.08547e-05 3.78723e-39 -7.66249e-06 5.97495e-42 
28.7 0.221264 5.43334e-37 -0.0168167 1.12539e-37 0.00164536 4.84285e-37 0 0 -8.74686e-05 3.76569e-39 -9.59772e-08 5.94045e-42 
28.8 0.221264 5.43334e-37 -0.0168252 1.1288e-37 0.00164479 4.84284e-37 0 0 -8.50946e-05 3.75007e-39 5.39366e-06 5.91313e-42 
28.9 0.221264 5.43334e-37 -0.0168335 1.13491e-37 0.00164321 4.84283e-37 0 0 -8.29814e-05 3.7377e-39 9.73846e-06 5.88988e-42 
29 0.221264 5.43334e-37 -0.0168416 1.13796e-37 0.001642 4.84283e-37 0 0 -8.05474e-05 3.72957e-39 1.25966e-05 5.87251e-42 
29.1 0.221264 5.43334e-37 -0.0168494 1.14096e-37 0.00164066 4.84282e-37 0 0 -7.83551e-05 3.72349e-39 1.47322e-05 5.85804e-42 
29.2 0.221264 5.43334e-37 -0.016857 1.1461e-37 0.00163837 4.84282e-37 0 0 -7.48934e-05 3.71846e-39 1.64975e-05 5.84482e-42 
29.3 0.221264 5.43334e-37 -0.0168643 1.14918e-37 0.00163689 4.84282e-37 0 0 -7.04366e-05 3.71501e-39 1.7709e-05 5.83376e-42 
29.4 0.221264 5.43334e-37 -0.0168709 1.15534e-37 0.00163379 4.84281e-37 0 0 -6.37803e-05 3.71286e-39 1.84646e-05 5.82454e-42 
29.5 0.221264 5.43334e-37 -0.0168768 1.15534e-37 0.00163379 4.84281e-37 0 0 -5.56198e-05 3.71069e-39 1.92275e-05 5.81505e-42 
29.6 0.221264 5.43334e-37 -0.0168817 1.16149e-37 0.00163045 4.84281e-37 0 0 -4.5845e-05 3.70839e-39 2.00349e-05 5.8051e-42 
29.7 0.221264 5.43334e-37 -0.0168857 1.16764e-37 0.00162685 4.8428e-37 0 0 -3.44382e-05 3.70587e-39 2.09205e-05 5.79452e-42 
29.8 0.221264 5.43334e-37 -0.0168883 1.16764e-37 0.00162685 4.8428e-37 0 0 -2.19422e-05 3.70305e-39 2.1913e-05 5.78315e-42 
29.9 0.221264 5.43334e-37 -0.0168898 1.17305e-37 0.00162343 4.8428e-37 0 0 -8.36437e-06 3.70015e-39 2.29313e-05 5.77136e-42 
30 0.221264 5.43334e-37 -0.0168898 1.17305e-37 0.00162343 4.8428e-37 0 0 5.94711e-06 3.69766e-39 2.38067e-05 5.75996e-42 
30.1 0.221264 5.43334e-37 -0.0168885 1.17846e-37 0.00161983 4.8428e-37 0 0 2.05155e-05 3.69612e-39 2.43489e-05 5.74993e-42 
30.2 0.221264 5.43334e-37 -0.0168857 1.18386e-37 0.00161626 4.8428e-37 0 0 3.5154e-05 3.6954e-39 2.45996e-05 5.74111e-42 
30.3 0.221264 5.43334e-37 -0.0168814 1.18386e-37 0.00161626 4.8428e-37 0 0 4.95116e-05 3.69529e-39 2.46389e-05 5.73322e-42 
30.4 0.221264 5.43334e-37 -0.0168757 1.18927e-37 0.0016127 4.84279e-37 0 0 6.38912e-05 3.69809e-39 2.36552e-05 5.73031e-42 
30.5 0.221264 5.43334e-37 -0.0168687 1.19199e-37 0.00161125 4.84279e-37 0 0 7.76946e-05 3.70158e-39 2.24292e-05 5.72874e-42 
30.6 0.221264 5.43334e-37 -0.0168602 1.19743e-37 0.00160817 4.84279e-37 0 0 9.09787e-05 3.706e-39 2.08754e-05 5.72903e-42 
30.7 0.221264 5.43334e-37 -0.0168505 1.20016e-37 0.00160683 4.84279e-37 0 0 0.000103628 3.71192e-39 1.87977e-05 5.7323e-42 
30.8 0.221264 5.43334e-37 -0.0168395 1.20288e-37 0.0016056 4.84278e-37 0 0 0.000115889 3.71945e-39 1.61498e-05 5.73884e-42 
30.9 0.221264 5.43334e-37 -0.0168274 1.20835e-37 0.00160348 4.84278e-37 0 0 0.000126773 3.72574e-39 1.39422e-05 5.74417e-42 
31 0.221264 5.43334e-37 -0.0168141 1.2111e-37 0.00160295 4.84277e-37 0 0 0.000139225 3.73993e-39 8.95555e-06 5.7634e-42 
31.1 0.221264 5.43334e-37 -0.0167997 1.21385e-37 0.00160244 4.84277e-37 0 0 0.000148299 3.74925e-39 5.68e-06 5.77597e-42 
31.2 0.221264 5.43334e-37 -0.0167838 1.21941e-37 0.00160387 4.84275e-37 0 0 0.000168659 3.8014e-39 -1.26425e-05 5.86098e-42 
31.3 0.221264 5.43334e-37 -0.0167657 1.22222e-37 0.00160542 4.84274e-37 0 0 0.000194559 3.88705e-39 -4.27337e-05 6.00719e-42 
31.4 0.221264 5.43334e-37 -0.0167466 1.22522e-37 0.00161034 4.84272e-37 0 0 0.000182614 3.87719e-39 -3.92709e-05 6.00597e-42 
31.5 0.221264 5.43334e-37 -0.0167299 1.22949e-37 0.00161283 4.8427e-37 0 0 0.000149655 3.7902e-39 -8.70483e-06 5.87401e-42 
31.6 0.221264 5.43334e-37 -0.0167149 1.23308e-37 0.00161368 4.84269e-37 0 0 0.000143558 3.7667e-39 -4.50258e-07 5.83857e-42 
31.7 0.221264 5.43334e-37 -0.016701 1.23752e-37 0.00161173 4.84268e-37 0 0 0.000133246 3.70315e-39 2.18795e-05 5.73284e-42 
31.8 0.221264 5.43334e-37 -0.0166876 1.24103e-37 0.00160864 4.84268e-37 0 0 0.000135198 3.66298e-39 3.59911e-05 5.65902e-42 
31.9 0.221264 5.43334e-37 -0.0166735 1.24452e-37 0.00160491 4.84269e-37 0 0 0.000147402 3.65468e-39 3.89069e-05 5.63351e-42 
32 0.221264 5.43334e-37 -0.0166581 1.24802e-37 0.00160155 4.84269e-37 0 0 0.000160805 3.673e-39 3.24717e-05 5.65133e-42 
32.1 0.221264 5.43334e-37 -0.0166416 1.25156e-37 0.00159936 4.84269e-37 0 0 0.000169321 3.71138e-39 1.8985e-05 5.70473e-42 
32.2 0.221264 5.43334e-37 -0.0166247 1.25589e-37 0.00159845 4.84268e-37 0 0 0.000163779 3.74963e-39 5.54679e-06 5.7629e-42 
32.3 0.221264 5.43334e-37 -0.0166098 1.25908e-37 0.00159825 4.84267e-37 0 0 0.000140459 3.76202e-39 1.19437e-06 5.78182e-42 
32.4 0.221264 5.43334e-37 -0.0165971 1.26396e-37 0.00159862 4.84266e-37 0 0 0.000116632 3.77541e-39 -3.50881e-06 5.80368e-42 
32.5 0.221264 5.43334e-37 -0.0165867 1.26756e-37 0.00159936 4.84265e-37 0 0 9.36325e-05 3.78898e-39 -8.27844e-06 5.8273e-42 
32.6 0.221264 5.43334e-37 -0.0165782 1.27118e-37 0.00160054 4.84264e-37 0 0 7.54239e-05 3.80266e-39 -1.30827e-05 5.85264e-42 
32.7 0.221264 5.43334e-37 -0.0165714 1.27481e-37 0.0016021 4.84263e-37 0 0 6.14555e-05 3.81427e-39 -1.71613e-05 5.87616e-42 
32.8 0.221264 5.43334e-37 -0.0165658 1.27845e-37 0.00160394 4.84261e-37 0 0 5.07309e-05 3.82251e-39 -2.00569e-05 5.89547e-42 
32.9 0.221264 5.43334e-37 -0.0165612 1.28209e-37 0.00160593 4.8426e-37 0 0 4.10834e-05 3.8259e-39 -2.12502e-05 5.90769e-42 
33 0.221264 5.43334e-37 -0.0165575 1.28573e-37 0.00160792 4.84258e-37 0 0 3.10551e-05 3.82432e-39 -2.06934e-05 5.91202e-42 
33.1 0.221264 5.43334e-37 -0.016555 1.28936e-37 0.00160976 4.84257e-37 0 0 1.88771e-05 3.81837e-39 -1.86047e-05 5.90888e-42 
33.2 0.221264 5.43334e-37 -0.0165539 1.29299e-37 0.00161136 4.84255e-37 0 0 4.13411e-06 3.80953e-39 -1.54991e-05 5.90019e-42 
33.3 0.221264 5.43334e-37 -0.0165543 1.29842e-37 0.00161319 4.84254e-37 0 0 -1.27382e-05 3.79952e-39 -1.19811e-05 5.88852e-42 
33.4 0.221264 5.43334e-37 -0.0165565 1.30383e-37 0.00161439 4.84252e-37 0 0 -3.08017e-05 3.79021e-39 -8.71019e-06 5.87686e-42 
33.5 0.221264 5.43334e-37 -0.0165606 1.30743e-37 0.00161485 4.84251e-37 0 0 -4.99683e-05 3.7825e-39 -6.00074e-06 5.86682e-42 
33.6 0.221264 5.43334e-37 -0.0165664 1.31032e-37 0.00161527 4.8425e-37 0 0 -6.71373e-05 3.77832e-39 -4.53184e-06 5.86184e-42 
33.7 0.221264 5.43334e-37 -0.016574 1.31292e-37 0.00161555 4.84249e-37 0 0 -8.42881e-05 3.77642e-39 -3.86458e-06 5.86016e-42 
33.8 0.221264 5.43334e-37 -0.0165831 1.31812e-37 0.0016161 4.84248e-37 0 0 -9.96735e-05 3.77691e-39 -4.03841e-06 5.86226e-42 
33.9 0.221264 5.43334e-37 -0.0165938 1.32072e-37 0.00161645 4.84247e-37 0 0 -0.000113299 3.77908e-39 -4.79914e-06 5.86721e-42 
34 0.221264 5.43334e-37 -0.0166057 1.32332e-37 0.00161684 4.84247e-37 0 0 -0.000125861 3.78178e-39 -5.74783e-06 5.8733e-42 
34.1 0.221264 5.43334e-37 -0.0166188 1.32768e-37 0.00161757 4.84245e-37 0 0 -0.00013685 3.78415e-39 -6.58171e-06 5.87914e-42 
34.2 0.221264 5.43334e-37 -0.016633 1.33155e-37 0.00161828 4.84244e-37 0 0 -0.000145485 3.78565e-39 -7.10864e-06 5.88379e-42 
34.3 0.221264 5.43334e-37 -0.0166482 1.33542e-37 0.00161898 4.84243e-37 0 0 -0.000153718 3.78492e-39 -6.84971e-06 5.88483e-42 
34.4 0.221264 5.43334e-37 -0.0166641 1.34005e-37 0.0016197 4.84242e-37 0 0 -0.000161191 3.78242e-39 -5.97165e-06 5.8828e-42 
34.5 0.221264 5.43334e-37 -0.0166806 1.34314e-37 0.00162009 4.84241e-37 0 0 -0.000166883 3.77866e-39 -4.65101e-06 5.87839e-42 
34.6 0.221264 5.43334e-37 -0.0166974 1.34623e-37 0.0016204 4.8424e-37 0 0 -0.00017021 3.77476e-39 -3.28308e-06 5.87336e-42 
34.7 0.221264 5.43334e-37 -0.0167146 1.35106e-37 0.00162059 4.84239e-37 0 0 -0.000171494 3.77169e-39 -2.20408e-06 5.869e-42 
34.8 0.221264 5.43334e-37 -0.0167319 1.35494e-37 0.0016207 4.84238e-37 0 0 -0.000172782 3.76919e-39 -1.3239e-06 5.86536e-42 
34.9 0.221264 5.43334e-37 -0.016749 1.35881e-37 0.00162082 4.84237e-37 0 0 -0.000171053 3.767e-39 -5.5603e-07 5.86198e-42 
35 0.221264 5.43334e-37 -0.0167659 1.36173e-37 0.00162069 4.84236e-37 0 0 -0.000168453 3.76502e-39 1.41961e-07 5.85876e-42 
35.1 0.221264 5.43334e-37 -0.0167825 1.36757e-37 0.00162052 4.84235e-37 0 0 -0.000162923 3.76264e-39 9.77483e-07 5.85456e-42 
35.2 0.221264 5.43334e-37 -0.0167986 1.37341e-37 0.00162011 4.84234e-37 0 0 -0.000156954 3.76043e-39 1.75496e-06 5.85029e-42 
35.3 0.221264 5.43334e-37 -0.016814 1.37341e-37 0.00162011 4.84234e-37 0 0 -0.000150864 3.75856e-39 2.4121e-06 5.84653e-42 
35.4 0.221264 5.43334e-37 -0.0168287 1.37924e-37 0.0016197 4.84232e-37 0 0 -0.000143693 3.75726e-39 2.86678e-06 5.84359e-42 
35.5 0.221264 5.43334e-37 -0.0168426 1.38507e-37 0.00161913 4.84231e-37 0 0 -0.000135012 3.75662e-39 3.0921e-06 5.8416e-42 
35.6 0.221264 5.43334e-37 -0.0168556 1.38507e-37 0.00161913 4.84231e-37 0 0 -0.000126484 3.75591e-39 3.34094e-06 5.83942e-42 
35.7 0.221264 5.43334e-37 -0.0168678 1.3909e-37 0.00161859 4.8423e-37 0 0 -0.000117316 3.7551e-39 3.62456e-06 5.83699e-42 
35.8 0.221264 5.43334e-37 -0.0168789 1.39673e-37 0.00161792 4.84229e-37 0 0 -0.000107048 3.754e-39 4.01243e-06 5.83398e-42 
35.9 0.221264 5.43334e-37 -0.016889 1.39673e-37 0.00161792 4.84229e-37 0 0 -9.54536e-05 3.75299e-39 4.36916e-06 5.831e-42 
36 0.221264 5.43334e-37 -0.0168978 1.40256e-37 0.00161716 4.84228e-37 0 0 -8.27781e-05 3.75191e-39 4.74717e-06 5.8278e-42 
36.1 0.221264 5.43334e-37 -0.0169053 1.40256e-37 0.00161716 4.84228e-37 0 0 -6.92844e-05 3.75064e-39 5.1941e-06 5.82415e-42 
36.2 0.221264 5.43334e-37 -0.0169114 1.40838e-37 0.00161629 4.84227e-37 0 0 -5.51903e-05 3.74919e-39 5.7013e-06 5.82007e-42 
36.3 0.221264 5.43334e-37 -0.0169161 1.41419e-37 0.00161528 4.84226e-37 0 0 -4.05267e-05 3.74771e-39 6.22303e-06 5.81577e-42 
36.4 0.221264 5.43334e-37 -0.0169193 1.41419e-37 0.00161528 4.84226e-37 0 0 -2.54119e-05 3.74653e-39 6.63634e-06 5.81185e-42 
36.5 0.221264 5.43334e-37 -0.0169211 1.42001e-37 0.0016142 4.84225e-37 0 0 -1.04993e-05 3.74521e-39 7.10247e-06 5.80752e-42 
36.6 0.221264 5.43334e-37 -0.0169214 1.42524e-37 0.0016131 4.84224e-37 0 0 4.09884e-06 3.74375e-39 7.61374e-06 5.80283e-42 
36.7 0.221264 5.43334e-37 -0.0169202 1.42524e-37 0.0016131 4.84224e-37 0 0 1.8528e-05 3.7426e-39 8.01865e-06 5.79848e-42 
36.8 0.221264 5.43334e-37 -0.0169177 1.43047e-37 0.00161193 4.84223e-37 0 0 3.26246e-05 3.74204e-39 8.21545e-06 5.79502e-42 
36.9 0.221264 5.43334e-37 -0.0169138 1.4357e-37 0.00161081 4.84222e-37 0 0 4.61593e-05 3.74155e-39 8.38757e-06 5.7916e-42 
37 0.221264 5.43334e-37 -0.0169085 1.4404e-37 0.00160971 4.84221e-37 0 0 5.87803e-05 3.74015e-39 8.87816e-06 5.78657e-42 
37.1 0.221264 5.43334e-37 -0.0169021 1.4404e-37 0.00160971 4.84221e-37 0 0 7.12708e-05 3.74093e-39 8.60615e-06 5.78509e-42 
37.2 0.221264 5.43334e-37 -0.0168944 1.44511e-37 0.00160859 4.8422e-37 0 0 8.26745e-05 3.74053e-39 8.74644e-06 5.78165e-42 
37.3 0.221264 5.43334e-37 -0.0168857 1.4492e-37 0.00160753 4.8422e-37 0 0 9.27139e-05 3.73849e-39 9.46059e-06 5.77544e-42 
37.4 0.221264 5.43334e-37 -0.0168759 1.45289e-37 0.00160666 4.84219e-37 0 0 0.000102376 3.73826e-39 9.54273e-06 5.77205e-42 
37.5 0.221264 5.43334e-37 -0.0168653 1.4562e-37 0.00160567 4.84219e-37 0 0 0.00011094 3.73723e-39 9.90326e-06 5.76733e-42 
37.6 0.221264 5.43334e-37 -0.016854 1.45918e-37 0.00160472 4.84218e-37 0 0 0.000116416 3.7296e-39 1.25858e-05 5.75132e-42 
37.7 0.221264 5.43334e-37 -0.0168421 1.46215e-37 0.00160357 4.84218e-37 0 0 0.000121394 3.7209e-39 1.56418e-05 5.73291e-42 
37.8 0.221264 5.43334e-37 -0.0168302 1.46747e-37 0.00160042 4.84218e-37 0 0 0.000118782 3.69169e-39 2.5905e-05 5.67924e-42 
37.9 0.221264 5.43334e-37 -0.0168187 1.47007e-37 0.0015969 4.84218e-37 0 0 0.000107531 3.62828e-39 4.81841e-05 5.56703e-42 
