0 4.1482 -1.40804e-12 5108.26 0 0 0 42.4527 0 0 2.14491e-07 -7.49281e-21 2.44335e-06 -2.8616e-14 -67.374 1.07621e-12 4.8121 5.41017 -1.19885e-12 5113.16 5.41017 -6.87266e-13 5113.16 
0.1 4.07397 3.63426e-06 5421.74 0 0 0 42.4527 0 0 2.44646e-07 -3.1257e-15 2.46004e-06 -1.16355e-06 -16.6439 8.26979e-06 4.84836 5.97888 3.44587e-06 5425.46 5.97888 3.44587e-06 5425.46 
0.2 14.8413 1.11949e-06 5475.2 0 0 0 42.4527 0 0 2.23546e-07 -3.83007e-17 2.04553e-06 -3.18561e-07 31.3169 2.52155e-06 4.92862 17.6158 1.09766e-06 5480.25 17.6158 1.09765e-06 5480.25 
0.3 25.2975 8.33488e-07 5533.57 0 0 0 42.4527 0 0 2.41596e-07 1.09612e-16 2.21746e-06 -2.44531e-07 79.9564 2.05541e-06 4.98228 29.4493 8.64866e-07 5539.93 29.4493 8.64866e-07 5539.93 
0.4 28.2726 2.87939e-07 5578.58 0 0 0 42.4527 0 0 2.37072e-07 3.73517e-17 2.18154e-06 -1.2537e-07 78.229 7.71542e-07 4.98393 32.5026 3.29416e-07 5583.11 32.5026 3.29416e-07 5583.11 
0.5 36.0264 4.68954e-07 5623.96 0 0 0 42.4527 0 0 2.44426e-07 2.67841e-17 2.17816e-06 -1.3793e-07 81.2223 1.03916e-06 5.00977 39.2862 4.86163e-07 5624.73 39.2862 4.86162e-07 5624.73 
0.6 39.6837 3.9661e-07 5635.35 0 0 0 42.4527 0 0 2.50187e-07 1.75836e-17 2.12795e-06 -1.18729e-07 33.547 8.8124e-07 5.00954 41.9297 4.14883e-07 5633.22 41.9297 4.14882e-07 5633.22 
0.7 40.1094 1.28864e-07 5607.2 0 0 0 42.4527 0 0 2.56421e-07 -2.1755e-17 2.20544e-06 -4.57868e-08 -24.5213 2.2265e-07 4.97188 41.2996 1.39611e-07 5603.91 41.2996 1.39611e-07 5603.91 
0.8 41.2155 1.21456e-07 5569.75 0 0 0 42.4527 0 0 2.56398e-07 -1.69689e-17 2.1794e-06 -2.81598e-08 -65.2605 1.57624e-07 4.94433 41.7159 1.24169e-07 5567.57 41.7159 1.24169e-07 5567.57 
0.9 41.4713 1.85773e-07 5524.96 0 0 0 42.4527 0 0 2.59392e-07 1.15036e-18 2.19729e-06 -3.84178e-08 -100.377 2.97651e-07 4.92128 41.7846 1.87634e-07 5525.66 41.7846 1.87634e-07 5525.66 
1 41.5454 1.48446e-07 5488.3 0 0 0 42.4527 0 0 2.61244e-07 -2.42424e-18 2.22419e-06 -2.92084e-08 -111.48 2.00797e-07 4.90602 42.0901 1.47493e-07 5492.62 42.0901 1.47493e-07 5492.62 
1.1 42.2587 -0.00554885 5471.42 0 0 0 42.4527 0 0 2.61385e-07 -1.09992e-17 2.21859e-06 0.00109668 -121.969 -0.0136414 4.90879 44.2249 -0.00572893 5479.67 44.2249 -0.00572893 5479.67 
1.2 43.0984 1.3669e-06 5469.74 0 0 0 42.4527 0 0 2.58302e-07 -2.98696e-15 2.17968e-06 -2.83066e-07 -85.8102 8.51804e-06 4.92227 45.7015 1.05799e-06 5480.5 45.7015 1.05799e-06 5480.5 
1.3 43.9993 -3.54003e-06 5484.08 0 0 0 42.4527 0 0 2.60983e-07 -3.42405e-16 2.19222e-06 -2.37197e-07 -45.9599 1.28995e-05 4.94093 47.195 -4.00679e-06 5497.54 47.195 -4.00679e-06 5497.54 
1.4 43.5713 2.21531e-06 5503.48 0 0 0 42.4527 0 0 2.59384e-07 -7.66391e-17 2.1847e-06 -2.14697e-07 -10.3945 -3.40186e-06 4.95995 47.2129 2.28982e-06 5518.41 47.2129 2.28982e-06 5518.41 
1.5 42.7758 -1.29612e-06 5532.44 0 0 0 42.4527 0 0 2.58849e-07 1.00776e-17 2.1108e-06 9.08905e-09 27.2123 3.42774e-06 4.98048 46.4671 -1.26063e-06 5547.12 46.4671 -1.26063e-06 5547.12 
1.6 41.9116 1.58191e-07 5558.41 0 0 0 42.4527 0 0 2.60013e-07 -8.0965e-18 2.131e-06 -1.10007e-08 56.508 -1.16658e-07 5.00456 45.3754 1.09496e-07 5571.66 45.3754 1.09497e-07 5571.66 
1.7 39.8202 1.6032e-07 5567.87 0 0 0 42.4527 0 0 2.60274e-07 -6.51511e-18 2.07793e-06 -3.83254e-08 68.6743 -2.18499e-07 5.01317 42.8212 1.79904e-07 5579.08 42.8212 1.79904e-07 5579.08 
1.8 38.1271 -3.28675e-07 5560.1 0 0 0 42.4527 0 0 2.59133e-07 -6.58415e-18 2.2095e-06 3.40988e-08 71.8743 3.84816e-07 5.00082 40.5924 -3.35481e-07 5568.77 40.5924 -3.35481e-07 5568.77 
1.9 37.5009 1.93727e-07 5545.04 0 0 0 42.4527 0 0 2.47316e-07 -7.44198e-18 2.30869e-06 -1.92742e-08 79.7696 -2.689e-07 4.96797 39.5828 1.78181e-07 5550.85 39.5828 1.78181e-07 5550.85 
2 35.562 0.0149651 5527.72 0 0 0 42.4527 0 0 2.55395e-07 -3.45643e-18 2.32919e-06 -0.00256869 62.8503 0.0414178 4.94387 37.8751 0.012452 5530.67 37.8751 0.012452 5530.67 
2.1 32.8868 -2.60218e-05 5527.51 0 0 0 42.4527 0 0 2.59939e-07 1.16014e-14 2.2328e-06 1.34025e-06 12.6427 1.47278e-05 4.94599 35.1719 -1.87975e-05 5528.72 35.1719 -1.87975e-05 5528.72 
2.2 30.3917 -2.24329e-05 5529.69 0 0 0 42.4527 0 0 2.61415e-07 1.77775e-15 2.29886e-06 5.95262e-07 -38.6333 4.72829e-05 4.9631 32.715 -2.45024e-05 5531.43 32.715 -2.45024e-05 5531.43 
2.3 28.7845 6.75426e-06 5527.01 0 0 0 42.4527 0 0 2.66056e-07 3.04571e-16 2.17374e-06 -2.92827e-07 -71.8097 -2.40307e-05 4.97598 31.1604 7.04478e-06 5531.02 31.1604 7.04478e-06 5531.02 
2.4 28.3392 -1.25976e-05 5519.54 0 0 0 42.4527 0 0 2.67763e-07 -7.36825e-17 2.08535e-06 7.34515e-07 -75.0735 2.16604e-05 4.97628 30.7879 -1.25209e-05 5526.5 30.7879 -1.25209e-05 5526.5 
2.5 28.4844 6.04039e-06 5512.25 0 0 0 42.4527 0 0 2.67986e-07 -5.49636e-17 2.09034e-06 -2.85862e-07 -54.7571 -1.373e-05 4.97113 31.0708 5.9205e-06 5521.81 31.0708 5.9205e-06 5521.81 
2.6 28.4919 -3.08361e-06 5508.86 0 0 0 42.4527 0 0 2.62106e-07 -2.88746e-17 2.22817e-06 1.93194e-07 -20.7747 5.3704e-06 4.96502 31.2738 -2.92248e-06 5519.81 31.2738 -2.92248e-06 5519.81 
2.7 28.1004 -1.04977e-06 5512.81 0 0 0 42.4527 0 0 2.60416e-07 -1.34142e-17 2.24604e-06 7.58034e-08 13.4703 2.09325e-07 4.9666 31.0669 -1.13651e-06 5523.81 31.0669 -1.13651e-06 5523.81 
2.8 26.8901 -5.63428e-08 5523.33 0 0 0 42.4527 0 0 2.59869e-07 -6.63521e-18 2.23433e-06 -5.04044e-08 31.9375 -1.21526e-06 4.97879 29.9377 -3.20001e-08 5533.49 29.9377 -3.20004e-08 5533.49 
2.9 25.0071 1.95261e-07 5535.38 0 0 0 42.4527 0 0 2.61351e-07 -7.62539e-19 2.17039e-06 -4.04474e-08 35.4049 4.71438e-07 4.99092 27.9922 2.44736e-07 5544.39 27.9922 2.44736e-07 5544.39 
3 22.8452 0.0138165 5541.61 0 0 0 42.4527 0 0 2.60932e-07 3.97581e-18 2.1996e-06 -0.00316603 24.7161 0.0399291 4.99117 25.697 0.0139941 5549.77 25.697 0.0139941 5549.77 
3.1 21.9852 -2.11985e-05 5541.43 0 0 0 42.4527 0 0 2.59309e-07 6.43407e-15 2.24659e-06 3.02661e-06 28.3612 -1.99942e-05 4.98419 24.6174 -1.79657e-05 5548.22 24.6174 -1.79657e-05 5548.22 
3.2 20.4017 -2.44656e-05 5538.83 0 0 0 42.4527 0 0 2.60975e-07 1.86448e-16 2.20801e-06 4.30404e-06 20.6164 -1.94149e-05 4.98091 22.8578 -2.43358e-05 5544.73 22.8578 -2.43358e-05 5544.73 
3.3 18.9479 -4.32685e-05 5530.79 0 0 0 42.4527 0 0 2.56528e-07 -3.38175e-16 2.31454e-06 7.20772e-06 11.0819 -3.43123e-05 4.97656 21.2847 -4.33202e-05 5536.22 21.2847 -4.33202e-05 5536.22 
3.4 17.8792 -5.94894e-05 5527.09 0 0 0 42.4527 0 0 2.60323e-07 -6.44215e-16 2.23011e-06 9.58828e-06 3.03194 -4.44927e-05 4.9725 20.1856 -5.94987e-05 5532.3 20.1856 -5.94987e-05 5532.3 
3.5 17.087 -8.51658e-05 5521.37 0 0 0 42.4527 0 0 2.59994e-07 -7.49723e-16 2.23893e-06 1.32748e-05 -1.09372 -6.0341e-05 4.96918 19.4478 -8.51126e-05 5526.49 19.4478 -8.51126e-05 5526.49 
3.6 16.5586 -0.000109564 5518.56 0 0 0 42.4527 0 0 2.5937e-07 -8.36877e-16 2.25281e-06 1.64659e-05 -2.7688 -7.19322e-05 4.96718 19.0254 -0.000109368 5523.63 19.0254 -0.000109368 5523.63 
3.7 16.1593 -0.000132219 5520.57 0 0 0 42.4527 0 0 2.59353e-07 -1.02059e-15 2.25018e-06 1.97464e-05 -4.60225 -8.16797e-05 4.96841 18.7403 -0.000131876 5525.67 18.7403 -0.000131876 5525.67 
3.8 15.781 -0.000154708 5523.5 0 0 0 42.4527 0 0 2.6063e-07 -1.21648e-15 2.22882e-06 2.25583e-05 -6.75729 -8.81494e-05 4.97256 18.4471 -0.000154248 5528.76 18.4471 -0.000154248 5528.76 
3.9 15.5146 -0.000173314 5526.96 0 0 0 42.4527 0 0 2.54756e-07 -1.26178e-15 2.31114e-06 2.44864e-05 -7.10689 -9.03192e-05 4.97575 18.22 -0.000172705 5532.5 18.22 -0.000172705 5532.5 
4 15.1299 0.0153553 5529.49 0 0 0 42.4527 0 0 2.58978e-07 -2.30992e-15 2.2361e-06 -0.00343923 -5.75141 0.0420146 4.97735 17.7781 0.01503 5535.41 17.7781 0.01503 5535.41 
4.1 15.115 -0.000162762 5531.21 0 0 0 42.4527 0 0 2.58726e-07 2.90193e-15 2.23712e-06 2.28536e-05 -1.93343 -6.79975e-05 4.97845 17.7185 -0.00015949 5537.12 17.7185 -0.00015949 5537.12 
4.2 14.8047 -0.000130648 5531.79 0 0 0 42.4527 0 0 2.58345e-07 -1.17005e-15 2.24172e-06 1.73128e-05 0.921518 -2.13166e-05 4.97753 17.3571 -0.000129112 5537.78 17.3571 -0.000129112 5537.78 
4.3 14.5291 -0.000107662 5530.61 0 0 0 42.4527 0 0 2.57837e-07 -1.15277e-15 2.24991e-06 1.32827e-05 5.35597 8.87494e-06 4.97602 17.0348 -0.000106317 5536.5 17.0348 -0.000106317 5536.5 
4.4 14.2109 -8.03874e-05 5528.01 0 0 0 42.4527 0 0 2.57324e-07 -8.86689e-16 2.25851e-06 9.0112e-06 9.56144 3.37707e-05 4.97401 16.6876 -7.89625e-05 5533.64 16.6876 -7.89625e-05 5533.64 
4.5 13.905 -6.34616e-05 5528.12 0 0 0 42.4527 0 0 2.57038e-07 -6.94116e-16 2.26267e-06 6.43888e-06 10.2538 4.97463e-05 4.97252 16.3711 -6.20979e-05 5533.38 16.3711 -6.20979e-05 5533.38 
4.6 13.6602 -6.21545e-05 5525.88 0 0 0 42.4527 0 0 2.56785e-07 -7.0767e-16 2.26644e-06 7.00979e-06 10.5488 4.71393e-05 4.97121 16.1331 -6.09499e-05 5530.72 16.1331 -6.09499e-05 5530.72 
4.7 13.5296 -7.36593e-05 5526.94 0 0 0 42.4527 0 0 2.56824e-07 -7.68649e-16 2.26567e-06 9.23131e-06 8.86569 3.48875e-05 4.97063 16.02 -7.25928e-05 5531.36 16.02 -7.25928e-05 5531.36 
4.8 13.5253 -9.16549e-05 5527.23 0 0 0 42.4527 0 0 2.56808e-07 -9.94786e-16 2.26694e-06 1.21821e-05 6.27074 1.66762e-05 4.97017 16.0385 -9.06702e-05 5531.32 16.0385 -9.06702e-05 5531.32 
4.9 13.6805 -0.000132353 5527.72 0 0 0 42.4527 0 0 2.56858e-07 -1.27912e-15 2.26732e-06 1.8736e-05 3.17913 -1.46334e-05 4.96994 16.2166 -0.000131395 5531.59 16.2166 -0.000131395 5531.59 
5 13.9336 -0.000175052 5528.23 0 0 0 42.4527 0 0 2.57011e-07 -1.53424e-15 2.26522e-06 2.5029e-05 0.514429 -4.09278e-05 4.96986 16.4898 -0.000174028 5532 16.4898 -0.000174028 5532 
5.1 14.1417 0.0177125 5528.33 0 0 0 42.4527 0 0 2.5691e-07 -1.38514e-15 2.26461e-06 -0.0043831 -0.266156 0.049266 4.96975 16.6927 0.0175703 5532.06 16.6927 0.0175703 5532.06 
5.2 14.7693 -0.000227618 5528.61 0 0 0 42.4527 0 0 2.56979e-07 6.33149e-15 2.26603e-06 2.75668e-05 -2.259 -4.56245e-05 4.96922 17.3118 -0.00022364 5532.33 17.3118 -0.00022364 5532.33 
5.3 15.2231 -0.000265345 5528.39 0 0 0 42.4527 0 0 2.57019e-07 -1.44002e-15 2.26669e-06 3.61548e-05 -3.05959 -7.47753e-05 4.96855 17.7819 -0.000263819 5532.18 17.7819 -0.000263819 5532.18 
5.4 15.754 -0.000283507 5528.45 0 0 0 42.4527 0 0 2.56998e-07 -1.60102e-15 2.26809e-06 3.79062e-05 -2.27801 -7.20933e-05 4.96831 18.327 -0.000282136 5532.3 18.327 -0.000282136 5532.3 
5.5 16.287 -0.00028784 5527.9 0 0 0 42.4527 0 0 2.57045e-07 -1.5812e-15 2.27042e-06 3.73689e-05 -3.56902 -5.72702e-05 4.96787 18.8786 -0.000286268 5531.8 18.8786 -0.000286268 5531.8 
5.6 16.8349 -0.000281276 5528.14 0 0 0 42.4527 0 0 2.57059e-07 -1.39662e-15 2.27216e-06 3.53927e-05 -2.22663 -3.63286e-05 4.96745 19.4438 -0.000279608 5532.05 19.4438 -0.000279608 5532.05 
5.7 17.401 -0.000269211 5528.47 0 0 0 42.4527 0 0 2.57107e-07 -1.20816e-15 2.27252e-06 3.27874e-05 -0.443042 -1.22414e-05 4.96723 20.0257 -0.000267456 5532.35 20.0257 -0.000267456 5532.35 
5.8 17.9531 -0.000257413 5528.98 0 0 0 42.4527 0 0 2.57145e-07 -8.93752e-16 2.27535e-06 3.07023e-05 -1.36029 1.10988e-05 4.96686 20.5919 -0.000255599 5532.78 20.5919 -0.000255599 5532.78 
5.9 18.5335 -0.000250501 5529.12 0 0 0 42.4527 0 0 2.57171e-07 -7.51608e-16 2.27757e-06 2.90232e-05 1.20498 3.23734e-05 4.96661 21.1832 -0.000248663 5532.83 21.1832 -0.000248663 5532.83 
6 19.1059 -0.000252862 5529.54 0 0 0 42.4527 0 0 2.5737e-07 -6.37966e-16 2.27642e-06 2.87184e-05 0.332624 4.75822e-05 4.96627 21.7645 -0.000250995 5533.17 21.7645 -0.000250995 5533.17 
6.1 19.5335 0.017893 5529.04 0 0 0 42.4527 0 0 2.57234e-07 5.71671e-17 2.2766e-06 -0.00452402 2.13037 0.0499121 4.96609 22.1844 0.0177208 5532.56 22.1844 0.0177208 5532.56 
6.2 20.344 -0.000316311 5529.43 0 0 0 42.4527 0 0 2.57458e-07 4.84497e-15 2.27683e-06 3.83149e-05 0.644137 3.24641e-05 4.96556 22.9695 -0.000311512 5532.92 22.9695 -0.000311512 5532.92 
6.3 20.8834 -0.000350337 5529.71 0 0 0 42.4527 0 0 2.57701e-07 -1.36633e-17 2.2763e-06 3.97838e-05 -2.48889 5.86661e-05 4.96478 23.5181 -0.000348087 5533.18 23.5181 -0.000348087 5533.18 
6.4 21.515 -0.000419568 5529.15 0 0 0 42.4527 0 0 2.57898e-07 -1.02297e-16 2.27566e-06 4.80116e-05 -2.275 5.5012e-05 4.96458 24.1579 -0.000417441 5532.67 24.1579 -0.000417441 5532.67 
6.5 22.1042 -0.000494073 5529.31 0 0 0 42.4527 0 0 2.58148e-07 -2.77621e-16 2.27488e-06 5.58774e-05 -3.67592 6.20064e-05 4.96449 24.7595 -0.000491822 5532.91 24.7595 -0.000491822 5532.91 
6.6 22.6846 -0.000582303 5529.39 0 0 0 42.4527 0 0 2.58371e-07 -4.03235e-16 2.27296e-06 6.52224e-05 -4.46462 7.23665e-05 4.96432 25.3525 -0.000579977 5533.09 25.3525 -0.000579977 5533.09 
6.7 23.2506 -0.000675711 5529.57 0 0 0 42.4527 0 0 2.58466e-07 -5.3672e-16 2.27497e-06 7.47456e-05 -4.73071 8.99014e-05 4.96437 25.9306 -0.000673344 5533.41 25.9306 -0.000673344 5533.41 
6.8 23.7854 -0.000771351 5529.83 0 0 0 42.4527 0 0 2.58813e-07 -6.01227e-16 2.27404e-06 8.42041e-05 -4.57004 0.000115982 4.96446 26.4755 -0.000768961 5533.78 26.4755 -0.000768961 5533.78 
6.9 24.2742 -0.000865551 5530.11 0 0 0 42.4527 0 0 2.59079e-07 -6.37834e-16 2.26752e-06 9.31248e-05 -4.14525 0.000151713 4.96455 26.9722 -0.000863143 5534.18 26.9722 -0.000863143 5534.18 
7 24.7166 -0.000954622 5529.84 0 0 0 42.4527 0 0 2.59086e-07 -6.37138e-16 2.27269e-06 0.000101275 -3.02141 0.000197944 4.96465 27.4195 -0.00095219 5534.01 27.4195 -0.00095219 5534.01 
7.1 25.102 -0.00103542 5529.24 0 0 0 42.4527 0 0 2.58976e-07 -5.7913e-16 2.27374e-06 0.000108024 -1.82624 0.00025626 4.9647 27.8073 -0.00103296 5533.49 27.8073 -0.00103296 5533.49 
7.2 25.444 -0.00110701 5530.27 0 0 0 42.4527 0 0 2.59219e-07 -4.12773e-16 2.27146e-06 0.000112721 -2.06669 0.000325725 4.96477 28.1493 -0.00110454 5534.59 28.1493 -0.00110454 5534.59 
7.3 25.734 -0.00116856 5531.24 0 0 0 42.4527 0 0 2.59363e-07 -1.91639e-16 2.2702e-06 0.00011588 -2.36675 0.000403208 4.96481 28.4377 -0.00116609 5535.62 28.4377 -0.00116609 5535.62 
7.4 25.9779 -0.00122029 5532.11 0 0 0 42.4527 0 0 2.59414e-07 1.17352e-16 2.27046e-06 0.00011776 -2.70362 0.00048707 4.9648 28.6788 -0.00121784 5536.53 28.6788 -0.00121784 5536.53 
7.5 26.159 -0.00126103 5529.83 0 0 0 42.4527 0 0 2.5951e-07 3.77582e-16 2.27682e-06 0.000118511 -1.50321 0.000576762 4.96483 28.8565 -0.00125862 5534.31 28.8565 -0.00125862 5534.31 
7.6 26.3095 -0.00128736 5530 0 0 0 42.4527 0 0 2.5908e-07 6.99043e-16 2.28417e-06 0.000117145 -1.85042 0.000673433 4.96489 29.0031 -0.001285 5534.54 29.0031 -0.001285 5534.54 
7.7 26.4172 -0.00129997 5530.12 0 0 0 42.4527 0 0 2.59725e-07 1.05915e-15 2.26842e-06 0.000114089 -2.19732 0.000775284 4.96498 29.1069 -0.00129768 5534.74 29.1069 -0.00129768 5534.74 
7.8 26.4825 -0.00129883 5530.22 0 0 0 42.4527 0 0 2.59864e-07 1.4746e-15 2.26741e-06 0.000109378 -2.45009 0.000879885 4.96512 29.1681 -0.00129663 5534.93 29.1681 -0.00129663 5534.93 
7.9 26.5051 -0.00128426 5530.29 0 0 0 42.4527 0 0 2.599e-07 1.91093e-15 2.26727e-06 0.000103141 -2.51884 0.000984322 4.9653 29.1862 -0.00128216 5535.1 29.1862 -0.00128216 5535.1 
8 26.484 -0.00125664 5530.33 0 0 0 42.4527 0 0 2.59967e-07 2.38408e-15 2.26621e-06 9.55216e-05 -2.35699 0.00108657 4.96552 29.1601 -0.00125464 5535.25 29.1601 -0.00125464 5535.25 
8.1 26.4068 -0.00121581 5529.49 0 0 0 42.4527 0 0 2.59992e-07 2.7654e-15 2.26546e-06 8.62165e-05 -2.39432 0.00118512 4.96571 29.0772 -0.00121393 5534.51 29.0772 -0.00121393 5534.51 
8.2 26.3149 -0.00115904 5530.88 0 0 0 42.4527 0 0 2.59896e-07 3.45299e-15 2.26596e-06 7.63602e-05 -0.778756 0.00128146 4.96609 28.978 -0.00115719 5536 28.978 -0.00115719 5536 
8.3 26.1422 -0.00109048 5529.96 0 0 0 42.4527 0 0 2.58287e-07 3.78264e-15 2.29399e-06 6.41168e-05 -0.948616 0.0013727 4.96628 28.7975 -0.00108874 5535.18 28.7975 -0.00108874 5535.18 
8.4 25.9263 -0.00100966 5529.23 0 0 0 42.4527 0 0 2.59377e-07 4.08847e-15 2.2715e-06 5.05685e-05 -1.38785 0.00145963 4.96647 28.5728 -0.00100801 5534.54 28.5728 -0.00100801 5534.54 
8.5 25.6972 -0.000916178 5529.76 0 0 0 42.4527 0 0 2.59883e-07 4.67586e-15 2.26342e-06 3.71992e-05 0.714664 0.00154261 4.96679 28.3333 -0.00091453 5535.13 28.3333 -0.00091453 5535.13 
8.6 25.3971 -0.000814739 5529.12 0 0 0 42.4527 0 0 2.57873e-07 4.91614e-15 2.30593e-06 2.14451e-05 -0.587139 0.00161667 4.96691 28.023 -0.000813207 5534.55 28.023 -0.000813207 5534.55 
8.7 25.0933 -0.000705971 5529.21 0 0 0 42.4527 0 0 2.62589e-07 5.37861e-15 2.20557e-06 6.87417e-06 1.10965 0.00168143 4.96716 27.7077 -0.000704503 5534.67 27.7077 -0.000704503 5534.67 
8.8 24.763 -0.000592387 5528.98 0 0 0 42.4527 0 0 2.65076e-07 5.76506e-15 2.15303e-06 -7.70267e-06 2.87543 0.00173432 4.96738 27.366 -0.000591018 5534.47 27.366 -0.000591018 5534.47 
8.9 24.3852 -0.000474073 5528.88 0 0 0 42.4527 0 0 2.55415e-07 6.0592e-15 2.34579e-06 -2.3978e-05 0.950357 0.00177495 4.96748 26.9777 -0.00047292 5534.39 26.9777 -0.00047292 5534.39 
9 24.024 -0.000353081 5528.36 0 0 0 42.4527 0 0 2.59458e-07 6.27386e-15 2.26226e-06 -3.78323e-05 3.28313 0.00180054 4.96768 26.6057 -0.000352015 5533.87 26.6057 -0.000352015 5533.87 
9.1 23.6279 -0.000230524 5528.54 0 0 0 42.4527 0 0 2.59202e-07 6.34972e-15 2.26583e-06 -5.32661e-05 1.51599 0.00181726 4.96776 26.2005 -0.000229786 5534.05 26.2005 -0.000229786 5534.05 
9.2 23.2551 -0.000105817 5527.7 0 0 0 42.4527 0 0 2.59456e-07 6.44409e-15 2.25806e-06 -6.62626e-05 3.80446 0.00181539 4.96795 25.8186 -0.000105401 5533.2 25.8186 -0.000105401 5533.2 
9.3 22.8632 1.97844e-05 5528.04 0 0 0 42.4527 0 0 2.59169e-07 6.45818e-15 2.2619e-06 -8.04637e-05 2.35577 0.00180106 4.96804 25.4194 1.97996e-05 5533.54 25.4194 1.97996e-05 5533.54 
9.4 22.4804 0.000144189 5528.44 0 0 0 42.4527 0 0 2.59327e-07 6.41798e-15 2.256e-06 -9.38816e-05 1.01141 0.00177387 4.96813 25.0303 0.000143765 5533.92 25.0303 0.000143765 5533.92 
9.5 22.1242 0.000263828 5527.07 0 0 0 42.4527 0 0 2.58907e-07 6.25443e-15 2.26288e-06 -0.000104368 3.85212 0.00173181 4.96829 24.6679 0.000262953 5532.52 24.6679 0.000262953 5532.52 
9.6 21.7653 0.000382739 5527.66 0 0 0 42.4527 0 0 2.589e-07 6.1043e-15 2.26005e-06 -0.000115832 2.54113 0.00167585 4.96836 24.3043 0.000381393 5533.09 24.3043 0.000381393 5533.09 
9.7 21.4242 0.000498033 5528.35 0 0 0 42.4527 0 0 2.58644e-07 5.94684e-15 2.26638e-06 -0.000126258 1.34175 0.00160745 4.96841 23.9594 0.00049614 5533.75 23.9594 0.00049614 5533.75 
9.8 21.1142 0.000606458 5526.75 0 0 0 42.4527 0 0 2.58391e-07 5.52971e-15 2.26679e-06 -0.00013395 3.81007 0.00152429 4.96849 23.6459 0.000604044 5532.1 23.6459 0.000604044 5532.1 
9.9 20.8175 0.000711994 5527.53 0 0 0 42.4527 0 0 2.58813e-07 5.25899e-15 2.25672e-06 -0.000142176 2.69946 0.00143264 4.96851 23.347 0.000709056 5532.83 23.347 0.000709056 5532.83 
10 20.5457 0.000811974 5528.34 0 0 0 42.4527 0 0 2.58155e-07 5.02731e-15 2.26872e-06 -0.000149294 1.70782 0.00133266 4.96852 23.0739 0.000808514 5533.59 23.0739 0.000808514 5533.59 
10.1 20.3069 0.000905329 5526.72 0 0 0 42.4527 0 0 2.58151e-07 4.46355e-15 2.26672e-06 -0.000154203 3.4181 0.00122 4.9685 22.8341 0.00090138 5531.89 22.8341 0.00090138 5531.89 
10.2 20.0962 0.000995149 5527.57 0 0 0 42.4527 0 0 2.58554e-07 4.17641e-15 2.2613e-06 -0.000159268 2.52007 0.00110145 4.96847 22.6236 0.000990706 5532.68 22.6236 0.000990706 5532.68 
10.3 19.9173 0.00107957 5528.4 0 0 0 42.4527 0 0 2.5785e-07 3.88843e-15 2.26758e-06 -0.000163326 1.78415 0.000975696 4.96842 22.4455 0.00107468 5533.44 22.4455 0.00107468 5533.44 
10.4 19.7648 0.00115335 5525.78 0 0 0 42.4527 0 0 2.57997e-07 3.20542e-15 2.26365e-06 -0.000164974 3.03527 0.000839856 4.96829 22.2946 0.00114802 5530.75 22.2946 0.00114802 5530.75 
10.5 19.6522 0.00122335 5526.11 0 0 0 42.4527 0 0 2.57932e-07 2.6751e-15 2.26376e-06 -0.000166531 2.40597 0.000699161 4.9682 22.1845 0.00121766 5531.01 22.1845 0.00121766 5531.01 
10.6 19.575 0.00128487 5526.44 0 0 0 42.4527 0 0 2.57943e-07 2.70241e-15 2.26719e-06 -0.00016686 1.86118 0.000549821 4.96811 22.1102 0.00127899 5531.27 22.1102 0.00127899 5531.27 
10.7 19.5386 0.00133903 5527.84 0 0 0 42.4527 0 0 2.57927e-07 2.02005e-15 2.26532e-06 -0.000166073 1.41144 0.000395513 4.96806 22.0772 0.00133301 5532.61 22.0772 0.00133301 5532.61 
10.8 19.5147 0.00138098 5526.71 0 0 0 42.4527 0 0 2.57887e-07 1.33936e-15 2.26582e-06 -0.000163815 0.807323 0.000237352 4.96789 22.0575 0.0013748 5531.43 22.0575 0.0013748 5531.43 
10.9 19.5348 0.0014098 5526.86 0 0 0 42.4527 0 0 2.58023e-07 8.98444e-16 2.26303e-06 -0.000159746 0.288126 7.41651e-05 4.96778 22.0819 0.00140355 5531.51 22.0819 0.00140355 5531.51 
11 19.5822 0.00142591 5527.04 0 0 0 42.4527 0 0 2.5728e-07 5.1884e-17 2.27841e-06 -0.000154704 -0.234228 -9.09684e-05 4.96766 22.1336 0.00141981 5531.65 22.1336 0.00141981 5531.65 
11.1 19.662 0.00142752 5527.55 0 0 0 42.4527 0 0 2.58109e-07 -3.7995e-16 2.26191e-06 -0.000147147 -0.305542 -0.000258039 4.96757 22.2177 0.0014216 5532.12 22.2177 0.0014216 5532.12 
11.2 19.7587 0.00141033 5527.59 0 0 0 42.4527 0 0 2.57766e-07 -9.0138e-16 2.26881e-06 -0.000138171 -0.903611 -0.000422411 4.96744 22.319 0.00140471 5532.12 22.319 0.00140471 5532.12 
11.3 19.8777 0.00137424 5527.67 0 0 0 42.4527 0 0 2.57963e-07 -1.64424e-15 2.26616e-06 -0.000127446 -1.56472 -0.000582491 4.96731 22.4424 0.00136894 5532.17 22.4424 0.00136894 5532.17 
11.4 20.0155 0.00132127 5527.82 0 0 0 42.4527 0 0 2.58447e-07 -2.11534e-15 2.25585e-06 -0.000115116 -2.23554 -0.000737539 4.96717 22.5845 0.00131645 5532.29 22.5845 0.00131645 5532.29 
11.5 20.1999 0.00125794 5528.77 0 0 0 42.4527 0 0 2.58447e-07 -2.11534e-15 2.25585e-06 -9.89547e-05 0.160158 -0.000886768 4.96717 22.7722 0.00125373 5533.22 22.7722 0.00125373 5533.22 
11.6 20.3694 0.00116398 5528.74 0 0 0 42.4527 0 0 2.57242e-07 -2.80348e-15 2.28346e-06 -8.25736e-05 -0.311181 -0.00102594 4.96705 22.9456 0.00116025 5533.17 22.9456 0.00116025 5533.17 
11.7 20.5503 0.00105466 5528.76 0 0 0 42.4527 0 0 2.5843e-07 -3.3106e-15 2.25901e-06 -6.49326e-05 -0.818954 -0.0011557 4.96692 23.1301 0.00105149 5533.17 23.1301 0.00105149 5533.17 
11.8 20.7505 0.000930471 5528.89 0 0 0 42.4527 0 0 2.58022e-07 -3.75816e-15 2.26834e-06 -4.46112e-05 -0.130573 -0.00127736 4.96685 23.3336 0.000927867 5533.29 23.3336 0.000927867 5533.29 
11.9 20.9497 0.00079071 5528.9 0 0 0 42.4527 0 0 2.58094e-07 -4.34343e-15 2.26814e-06 -2.45814e-05 -0.634808 -0.00138799 4.96674 23.5361 0.000788836 5533.29 23.5361 0.000788836 5533.29 
12 21.1308 0.000637936 5529.15 0 0 0 42.4527 0 0 2.58206e-07 -5.14443e-15 2.26822e-06 -7.27744e-06 -4.0051 -0.00148727 4.96656 23.7209 0.000636638 5533.54 23.7209 0.000636638 5533.54 
12.1 21.361 0.000477561 5528.99 0 0 0 42.4527 0 0 2.58206e-07 -5.14443e-15 2.26822e-06 1.87126e-05 -1.00352 -0.001574 4.96656 23.9535 0.000477081 5533.38 23.9535 0.000477081 5533.38 
12.2 21.5607 0.000311883 5529.19 0 0 0 42.4527 0 0 2.58296e-07 -5.21119e-15 2.26817e-06 3.92526e-05 -2.24496 -0.00165033 4.96647 24.1562 0.000312208 5533.59 24.1562 0.000312208 5533.59 
12.3 21.7598 0.000145165 5529.49 0 0 0 42.4527 0 0 2.58403e-07 -6.34491e-15 2.26803e-06 5.88885e-05 -3.36364 -0.00171156 4.96639 24.3585 0.000146096 5533.9 24.3585 0.000146096 5533.9 
12.4 21.959 -2.29912e-05 5529.89 0 0 0 42.4527 0 0 2.58474e-07 -6.08089e-15 2.26683e-06 7.8683e-05 -4.31061 -0.00175871 4.96635 24.5599 -2.0981e-05 5534.31 24.5599 -2.0981e-05 5534.31 
12.5 22.1726 -0.000193915 5529.18 0 0 0 42.4527 0 0 2.58474e-07 -6.08089e-15 2.26683e-06 0.000103311 -1.52257 -0.00179155 4.96635 24.7756 -0.000190923 5533.62 24.7756 -0.000190923 5533.62 
12.6 22.3568 -0.000356608 5529.55 0 0 0 42.4527 0 0 2.58596e-07 -6.61826e-15 2.26837e-06 0.000120633 -2.45334 -0.00180559 4.9663 24.9633 -0.000352705 5534 24.9633 -0.000352705 5534 
12.7 22.535 -0.000517682 5530.02 0 0 0 42.4527 0 0 2.58644e-07 -6.13225e-15 2.26671e-06 0.000137588 -3.24007 -0.00180237 4.96629 25.1442 -0.000512496 5534.49 25.1442 -0.000512496 5534.49 
12.8 22.717 -0.000681722 5528.98 0 0 0 42.4527 0 0 2.58644e-07 -6.13225e-15 2.26671e-06 0.00015877 -0.830339 -0.0017863 4.96629 25.3295 -0.000675445 5533.46 25.3295 -0.000675445 5533.46 
12.9 22.8804 -0.000834436 5529.15 0 0 0 42.4527 0 0 2.58708e-07 -6.04655e-15 2.26724e-06 0.000173239 -1.10713 -0.0017452 4.96629 25.4942 -0.00082699 5533.66 25.4942 -0.00082699 5533.66 
13 23.0231 -0.000984258 5529.43 0 0 0 42.4527 0 0 2.58778e-07 -5.62357e-15 2.26756e-06 0.000186686 -1.56264 -0.00168439 4.96629 25.6397 -0.000975562 5533.96 25.6397 -0.000975562 5533.96 
13.1 23.1793 -0.00115828 5529.04 0 0 0 42.4527 0 0 2.58815e-07 -5.51906e-15 2.26707e-06 0.000203127 -0.935736 -0.00160148 4.96632 25.7973 -0.00114838 5533.6 25.7973 -0.00114838 5533.6 
13.2 23.2881 -0.00128539 5528.87 0 0 0 42.4527 0 0 2.58857e-07 -5.22179e-15 2.26697e-06 0.000212672 -0.686293 -0.00149735 4.96634 25.9081 -0.00127438 5533.46 25.9081 -0.00127438 5533.46 
13.3 23.3915 -0.00142536 5528.82 0 0 0 42.4527 0 0 2.58916e-07 -4.82685e-15 2.26653e-06 0.000222561 -0.682283 -0.00137297 4.96638 26.0134 -0.0014133 5533.43 26.0134 -0.0014133 5533.43 
13.4 23.4857 -0.00157938 5529.04 0 0 0 42.4527 0 0 2.58968e-07 -4.2803e-15 2.26643e-06 0.000232648 -0.843292 -0.00122307 4.96642 26.1095 -0.00156635 5533.68 26.1095 -0.00156635 5533.68 
13.5 23.5633 -0.00171698 5529.35 0 0 0 42.4527 0 0 2.59044e-07 -3.70595e-15 2.26569e-06 0.000240197 -1.00962 -0.00106192 4.96647 26.1885 -0.00170313 5534.01 26.1885 -0.00170313 5534.01 
13.6 23.6243 -0.00186875 5528.85 0 0 0 42.4527 0 0 2.59052e-07 -3.31134e-15 2.26597e-06 0.000249214 -0.755862 -0.000874264 4.96651 26.251 -0.00185428 5533.54 26.251 -0.00185428 5533.54 
13.7 23.6706 -0.00200288 5528.81 0 0 0 42.4527 0 0 2.59075e-07 -2.78173e-15 2.26607e-06 0.000255262 -0.699245 -0.000677544 4.96656 26.2986 -0.00198798 5533.53 26.2986 -0.00198798 5533.53 
13.8 23.7044 -0.0021444 5529.09 0 0 0 42.4527 0 0 2.59124e-07 -2.12052e-15 2.26561e-06 0.000260946 -0.744524 -0.000458435 4.96663 26.3335 -0.00212924 5533.83 26.3335 -0.00212924 5533.83 
13.9 23.7312 -0.00227504 5530.14 0 0 0 42.4527 0 0 2.59254e-07 -1.18748e-15 2.26378e-06 0.000264434 -0.715457 -0.000226525 4.96673 26.3612 -0.00225982 5534.92 26.3612 -0.00225982 5534.92 
14 23.7438 -0.00239031 5531.19 0 0 0 42.4527 0 0 2.5919e-07 -1.70961e-16 2.26509e-06 0.000266212 -0.425652 1.85857e-05 4.96684 26.3745 -0.00237525 5535.99 26.3745 -0.00237525 5535.99 
14.1 23.7114 -0.00249537 5529.23 0 0 0 42.4527 0 0 2.5919e-07 -1.70961e-16 2.26509e-06 0.000267459 -0.516993 0.000272756 4.96684 26.3429 -0.00248077 5534.06 26.3429 -0.00248077 5534.06 
14.2 23.6921 -0.00257452 5529.99 0 0 0 42.4527 0 0 2.59208e-07 8.06333e-16 2.26482e-06 0.000264682 -0.243982 0.000536094 4.96694 26.3238 -0.00256051 5534.84 26.3238 -0.00256051 5534.84 
14.3 23.6611 -0.00262804 5530.75 0 0 0 42.4527 0 0 2.59206e-07 1.85911e-15 2.26488e-06 0.000259197 0.213095 0.000806972 4.96705 26.2925 -0.0026148 5535.62 26.2925 -0.0026148 5535.62 
14.4 23.587 -0.00267717 5528.87 0 0 0 42.4527 0 0 2.59206e-07 1.85911e-15 2.26488e-06 0.00025207 -0.378086 0.00108029 4.96705 26.2184 -0.00266492 5533.76 26.2184 -0.00266492 5533.76 
14.5 23.5283 -0.00266887 5529.58 0 0 0 42.4527 0 0 2.59199e-07 2.80609e-15 2.26453e-06 0.000239164 0.0149086 0.00135321 4.96714 26.1587 -0.00265768 5534.49 26.1587 -0.00265768 5534.49 
14.6 23.4588 -0.00262741 5530.22 0 0 0 42.4527 0 0 2.5908e-07 4.39e-15 2.26558e-06 0.000224414 0.531249 0.00162451 4.96723 26.088 -0.00261729 5535.15 26.088 -0.00261729 5535.15 
14.7 23.3761 -0.00255788 5530.51 0 0 0 42.4527 0 0 2.59176e-07 5.46194e-15 2.26428e-06 0.000206279 0.962699 0.00189154 4.9673 26.0039 -0.00254908 5535.46 26.0039 -0.00254908 5535.46 
14.8 23.2552 -0.00247625 5528.89 0 0 0 42.4527 0 0 2.59176e-07 5.46194e-15 2.26428e-06 0.00018253 -0.194904 0.0021488 4.9673 25.8816 -0.00246893 5533.85 25.8816 -0.00246893 5533.85 
14.9 23.1542 -0.00232659 5529.29 0 0 0 42.4527 0 0 2.59096e-07 7.0911e-15 2.26452e-06 0.000155789 0.217454 0.00239061 4.96737 25.7786 -0.00232042 5534.27 25.7786 -0.00232042 5534.27 
15 23.034 -0.0021548 5528.9 0 0 0 42.4527 0 0 2.59126e-07 7.33286e-15 2.26427e-06 0.000125115 -0.100685 0.00263126 4.96741 25.6562 -0.00215019 5533.88 25.6562 -0.00215019 5533.88 
15.1 22.9415 -0.00192636 5530.27 0 0 0 42.4527 0 0 2.59054e-07 9.00861e-15 2.26428e-06 9.77746e-05 1.93334 0.00284513 4.96751 25.5607 -0.00192279 5535.27 25.5607 -0.00192279 5535.27 
15.2 22.7922 -0.00168537 5529.19 0 0 0 42.4527 0 0 2.59054e-07 9.00861e-15 2.26428e-06 5.5987e-05 0.378227 0.00303672 4.96751 25.4091 -0.00168341 5534.19 25.4091 -0.00168341 5534.19 
15.3 22.6702 -0.00141277 5529.44 0 0 0 42.4527 0 0 2.59002e-07 9.59397e-15 2.26434e-06 2.03998e-05 1.03206 0.00320611 4.96756 25.2839 -0.00141219 5534.45 25.2839 -0.00141219 5534.45 
15.4 22.5417 -0.00112004 5529.47 0 0 0 42.4527 0 0 2.5895e-07 1.08137e-14 2.26443e-06 -1.67272e-05 1.47699 0.00334516 4.9676 25.1525 -0.00112055 5534.48 25.1525 -0.00112055 5534.48 
15.5 22.4072 -0.00081163 5529.32 0 0 0 42.4527 0 0 2.58907e-07 1.15124e-14 2.26448e-06 -5.54544e-05 1.50964 0.00345234 4.96763 25.0139 -0.000813824 5534.33 25.0139 -0.000813824 5534.33 
15.6 22.27 -0.000487778 5529.15 0 0 0 42.4527 0 0 2.58865e-07 1.20074e-14 2.26457e-06 -9.64477e-05 1.36901 0.00353681 4.96764 24.8738 -0.000491106 5534.16 24.8738 -0.000491106 5534.16 
15.7 22.1343 -0.000157376 5529.03 0 0 0 42.4527 0 0 2.58826e-07 1.2495e-14 2.26463e-06 -0.000136813 1.22008 0.00358746 4.96765 24.7347 -0.000161881 5534.03 24.7347 -0.000161881 5534.03 
15.8 21.9996 0.000175624 5528.95 0 0 0 42.4527 0 0 2.58784e-07 1.21693e-14 2.26471e-06 -0.000175233 1.02971 0.00360437 4.96766 24.5964 0.000169499 5533.94 24.5964 0.000169499 5533.94 
15.9 21.8724 0.000508024 5528.92 0 0 0 42.4527 0 0 2.58744e-07 1.22722e-14 2.26484e-06 -0.000213811 0.685077 0.0035882 4.96766 24.4655 0.000500693 5533.9 24.4655 0.000500693 5533.9 
16 21.7509 0.000829356 5528.86 0 0 0 42.4527 0 0 2.58693e-07 1.21277e-14 2.26498e-06 -0.000247231 0.707783 0.00353273 4.96767 24.3385 0.000820643 5533.85 24.3385 0.000820643 5533.85 
16.1 21.6333 0.00113659 5528.94 0 0 0 42.4527 0 0 2.58657e-07 1.19315e-14 2.26495e-06 -0.000278624 0.544748 0.00344201 4.96767 24.2182 0.00112651 5533.91 24.2182 0.00112651 5533.91 
16.2 21.5134 0.00143401 5529.01 0 0 0 42.4527 0 0 2.58599e-07 1.13911e-14 2.26525e-06 -0.000305016 0.486736 0.0033038 4.96763 24.0964 0.00142255 5533.95 24.0964 0.00142255 5533.95 
16.3 21.42 0.00168795 5528.97 0 0 0 42.4527 0 0 2.58553e-07 1.07714e-14 2.26546e-06 -0.000325633 0.533248 0.00313392 4.96762 23.9966 0.00167506 5533.91 23.9966 0.00167506 5533.91 
16.4 21.3241 0.00192815 5528.93 0 0 0 42.4527 0 0 2.58505e-07 9.94131e-15 2.2656e-06 -0.000342836 0.527948 0.00292809 4.9676 23.8973 0.00191392 5533.86 23.8973 0.00191392 5533.86 
16.5 21.2456 0.002133 5528.98 0 0 0 42.4527 0 0 2.58468e-07 9.1035e-15 2.26568e-06 -0.000354874 0.496768 0.00269371 4.96757 23.8153 0.00211751 5533.89 23.8153 0.00211751 5533.89 
16.6 21.1706 0.00232407 5528.85 0 0 0 42.4527 0 0 2.58424e-07 7.93455e-15 2.26581e-06 -0.000363258 0.577412 0.00241861 4.96754 23.737 0.00230734 5533.75 23.737 0.00230734 5533.75 
16.7 21.1082 0.0024761 5528.75 0 0 0 42.4527 0 0 2.58383e-07 6.65022e-15 2.266e-06 -0.00036614 0.579585 0.00211357 4.96749 23.6716 0.00245825 5533.62 23.6716 0.00245825 5533.62 
16.8 21.0625 0.00259485 5528.76 0 0 0 42.4527 0 0 2.58353e-07 5.46526e-15 2.26601e-06 -0.000364295 0.579559 0.00178993 4.96746 23.6233 0.00257604 5533.62 23.6233 0.00257604 5533.62 
16.9 21.0287 0.00268169 5528.48 0 0 0 42.4527 0 0 2.58313e-07 4.21584e-15 2.26645e-06 -0.000359693 0.611063 0.00147118 4.96742 23.5872 0.00266207 5533.32 23.5872 0.00266207 5533.32 
17 21.0016 0.00275212 5528.47 0 0 0 42.4527 0 0 2.5829e-07 2.95135e-15 2.2664e-06 -0.000351386 0.595995 0.00111784 4.96738 23.558 0.00273187 5533.29 23.558 0.00273187 5533.29 
17.1 20.9849 0.00279685 5528.44 0 0 0 42.4527 0 0 2.58305e-07 1.61782e-15 2.26584e-06 -0.000339651 0.544728 0.000747586 4.96733 23.5397 0.00277623 5533.24 23.5397 0.00277623 5533.24 
17.2 20.9671 0.00279128 5526.47 0 0 0 42.4527 0 0 2.58238e-07 -9.05847e-16 2.26671e-06 -0.000324148 0.634556 0.000360429 4.96724 23.5207 0.00277033 5531.25 23.5207 0.00277033 5531.25 
17.3 20.9895 0.00278444 5528.49 0 0 0 42.4527 0 0 2.58238e-07 -9.05847e-16 2.26671e-06 -0.000302845 0.477853 -2.60451e-05 4.96724 23.5419 0.00276383 5533.26 23.5419 0.00276383 5533.26 
17.4 20.9896 0.00274872 5526.38 0 0 0 42.4527 0 0 2.58241e-07 -3.4368e-15 2.26667e-06 -0.000286808 0.293675 -0.000399127 4.96714 23.5416 0.00272844 5531.13 23.5416 0.00272844 5531.13 
17.5 21.0318 0.00271141 5528.4 0 0 0 42.4527 0 0 2.58241e-07 -3.4368e-15 2.26667e-06 -0.000261859 0.371273 -0.000781526 4.96714 23.5834 0.00269215 5533.13 23.5834 0.00269215 5533.13 
17.6 21.0544 0.00257714 5526.42 0 0 0 42.4527 0 0 2.58828e-07 -6.3241e-15 2.2511e-06 -0.000232656 -0.0551232 -0.00116576 4.96706 23.6064 0.0025587 5531.13 23.6064 0.0025587 5531.13 
17.7 21.1184 0.00247062 5528.39 0 0 0 42.4527 0 0 2.58828e-07 -6.3241e-15 2.2511e-06 -0.000198681 0.27822 -0.00154008 4.96706 23.6706 0.00245385 5533.09 23.6706 0.00245385 5533.09 
17.8 21.159 0.00226267 5526.58 0 0 0 42.4527 0 0 2.5758e-07 -7.37984e-15 2.28395e-06 -0.00016413 -0.419227 -0.0019158 4.96697 23.7126 0.00224773 5531.26 23.7126 0.00224773 5531.26 
17.9 21.2418 0.00208308 5528.45 0 0 0 42.4527 0 0 2.5758e-07 -7.37984e-15 2.28395e-06 -0.000121064 0.14343 -0.0022753 4.96697 23.7963 0.00207011 5533.11 23.7963 0.00207011 5533.11 
18 21.2989 0.0018218 5526.8 0 0 0 42.4527 0 0 2.5832e-07 -9.74842e-15 2.26324e-06 -8.70824e-05 -0.724268 -0.00261206 4.96691 23.8552 0.00181061 5531.45 23.8552 0.00181061 5531.45 
18.1 21.3975 0.00158011 5528.49 0 0 0 42.4527 0 0 2.5832e-07 -9.74842e-15 2.26324e-06 -3.88653e-05 0.0585435 -0.00293382 4.96691 23.9555 0.00157153 5533.13 23.9555 0.00157153 5533.13 
18.2 21.4746 0.00127053 5527.64 0 0 0 42.4527 0 0 2.58336e-07 -8.94851e-15 2.26656e-06 1.64581e-06 -0.605999 -0.0032074 4.96685 24.035 0.0012654 5532.27 24.035 0.0012654 5532.27 
18.3 21.5681 0.00096419 5527.85 0 0 0 42.4527 0 0 2.58342e-07 -8.45778e-15 2.26696e-06 4.53e-05 -0.632053 -0.00344096 4.96682 24.1311 0.000962831 5532.47 24.1311 0.000962831 5532.47 
18.4 21.6663 0.000652163 5528.02 0 0 0 42.4527 0 0 2.58345e-07 -7.61823e-15 2.26747e-06 8.62012e-05 -0.643986 -0.00360611 4.9668 24.2321 0.000654329 5532.63 24.2321 0.000654329 5532.63 
18.5 21.7683 0.00033804 5528.19 0 0 0 42.4527 0 0 2.58418e-07 -7.22192e-15 2.26651e-06 0.000124518 -0.614346 -0.00369528 4.96678 24.3374 0.000343682 5532.8 24.3374 0.000343682 5532.8 
18.6 21.8733 2.55973e-05 5528.33 0 0 0 42.4527 0 0 2.58432e-07 -6.95598e-15 2.26675e-06 0.000159753 -0.563852 -0.00371631 4.96677 24.445 3.47182e-05 5532.94 24.445 3.47182e-05 5532.94 
18.7 21.9767 -0.000295235 5528.46 0 0 0 42.4527 0 0 2.58473e-07 -6.58875e-15 2.26669e-06 0.000194131 -0.533729 -0.00368854 4.96675 24.5527 -0.000283122 5533.06 24.5527 -0.000283122 5533.06 
18.8 22.0826 -0.000633985 5528.54 0 0 0 42.4527 0 0 2.58509e-07 -7.26697e-15 2.26652e-06 0.000229285 -0.441767 -0.00363572 4.96675 24.6613 -0.000619165 5533.15 24.6613 -0.000619165 5533.15 
18.9 22.1855 -0.000993914 5528.6 0 0 0 42.4527 0 0 2.58534e-07 -8.01786e-15 2.26657e-06 0.000266642 -0.393034 -0.00357462 4.96673 24.7673 -0.000976758 5533.21 24.7673 -0.000976758 5533.21 
19 22.2806 -0.00136956 5528.68 0 0 0 42.4527 0 0 2.58574e-07 -8.9225e-15 2.26648e-06 0.000305309 -0.356553 -0.00349864 4.96673 24.8694 -0.00135008 5533.27 24.8694 -0.00135008 5533.27 
19.1 22.3794 -0.00174056 5528.68 0 0 0 42.4527 0 0 2.58622e-07 -9.68707e-15 2.26633e-06 0.000340189 -0.612262 -0.00338579 4.96674 24.9681 -0.00171878 5533.31 24.9681 -0.00171878 5533.31 
19.2 22.4689 -0.00209397 5528.75 0 0 0 42.4527 0 0 2.58659e-07 -9.78943e-15 2.26625e-06 0.000372447 -0.614668 -0.00321172 4.96674 25.0624 -0.00206992 5533.37 25.0624 -0.00206992 5533.37 
19.3 22.5651 -0.0024406 5528.69 0 0 0 42.4527 0 0 2.58693e-07 -9.1896e-15 2.26613e-06 0.000399781 -0.384539 -0.00294253 4.96675 25.1615 -0.00241441 5533.33 25.1615 -0.00241441 5533.33 
19.4 22.6538 -0.00275306 5528.79 0 0 0 42.4527 0 0 2.58741e-07 -7.50608e-15 2.26595e-06 0.000417212 -0.524657 -0.00258831 4.96677 25.254 -0.00272513 5533.44 25.254 -0.00272513 5533.44 
19.5 22.7215 -0.00297368 5528.87 0 0 0 42.4527 0 0 2.58775e-07 -6.0467e-15 2.26589e-06 0.00042527 -0.532136 -0.00222353 4.96679 25.3251 -0.00294466 5533.53 25.3251 -0.00294466 5533.53 
19.6 22.7801 -0.00315994 5528.77 0 0 0 42.4527 0 0 2.58819e-07 -4.54432e-15 2.2655e-06 0.000426882 -0.624856 -0.00182438 4.96681 25.3867 -0.00313022 5533.44 25.3867 -0.00313022 5533.44 
19.7 22.8267 -0.00328636 5528.78 0 0 0 42.4527 0 0 2.58832e-07 -3.64097e-15 2.26569e-06 0.000425002 -0.433058 -0.00144798 4.96682 25.4358 -0.00325642 5533.47 25.4358 -0.00325642 5533.47 
19.8 22.8816 -0.00341802 5528.98 0 0 0 42.4527 0 0 2.58876e-07 -1.70292e-15 2.26544e-06 0.000416822 -0.620696 -0.00095139 4.96686 25.4933 -0.00338811 5533.68 25.4933 -0.00338811 5533.68 
19.9 22.916 -0.00347264 5529.9 0 0 0 42.4527 0 0 2.58918e-07 2.55088e-16 2.26518e-06 0.000407114 -0.887535 -0.000551006 4.9669 25.5299 -0.00344313 5534.62 25.5299 -0.00344313 5534.62 
20 22.9349 -0.00351567 5528.77 0 0 0 42.4527 0 0 2.58918e-07 2.55088e-16 2.26518e-06 0.000391281 -0.434897 -0.000122836 4.9669 25.5508 -0.00348716 5533.5 25.5508 -0.00348716 5533.5 
20.1 22.9596 -0.00351103 5529.36 0 0 0 42.4527 0 0 2.58931e-07 1.86992e-15 2.26532e-06 0.000371754 -0.625056 0.000342287 4.96695 25.5772 -0.00348374 5534.1 25.5772 -0.00348374 5534.1 
20.2 22.9767 -0.00346227 5530.08 0 0 0 42.4527 0 0 2.59065e-07 4.3221e-15 2.26283e-06 0.000348051 -0.617438 0.000797753 4.967 25.5957 -0.0034363 5534.84 25.5957 -0.0034363 5534.84 
20.3 22.9868 -0.00337866 5530.77 0 0 0 42.4527 0 0 2.58844e-07 6.03618e-15 2.26779e-06 0.00032341 -0.466185 0.00124854 4.96704 25.6062 -0.00335448 5535.55 25.6062 -0.00335448 5535.55 
20.4 22.9696 -0.00327367 5529.31 0 0 0 42.4527 0 0 2.58844e-07 6.03618e-15 2.26779e-06 0.000287582 -0.357563 0.00168935 4.96704 25.5897 -0.00325183 5534.1 25.5897 -0.00325183 5534.1 
20.5 22.9571 -0.00310577 5530 0 0 0 42.4527 0 0 2.58992e-07 7.48266e-15 2.26475e-06 0.000253339 -0.253006 0.00211111 4.96707 25.5793 -0.0030863 5534.8 25.5793 -0.0030863 5534.8 
20.6 22.9418 -0.00291014 5530.64 0 0 0 42.4527 0 0 2.59009e-07 9.87076e-15 2.26427e-06 0.00021859 0.036713 0.00251016 4.96714 25.5623 -0.00289312 5535.47 25.5623 -0.00289312 5535.47 
20.7 22.8973 -0.00269868 5529.16 0 0 0 42.4527 0 0 2.59009e-07 9.87076e-15 2.26427e-06 0.000171952 -0.144157 0.00288921 4.96714 25.5181 -0.00268462 5534 25.5181 -0.00268462 5534 
20.8 22.8561 -0.00244774 5529 0 0 0 42.4527 0 0 2.58973e-07 9.83644e-15 2.26499e-06 0.000128362 -0.140539 0.00323704 4.96716 25.4774 -0.00243688 5533.84 25.4774 -0.00243688 5533.84 
20.9 22.8007 -0.00216795 5528.9 0 0 0 42.4527 0 0 2.58969e-07 1.0565e-14 2.26493e-06 8.38398e-05 -0.253987 0.00354282 4.9672 25.422 -0.00216027 5533.75 25.422 -0.00216027 5533.75 
21 22.7662 -0.00186527 5529.71 0 0 0 42.4527 0 0 2.58953e-07 1.15017e-14 2.26489e-06 4.44198e-05 0.304442 0.00380844 4.96723 25.3865 -0.00186077 5534.57 25.3865 -0.00186077 5534.57 
21.1 22.6959 -0.00155011 5529.21 0 0 0 42.4527 0 0 2.58947e-07 1.17712e-14 2.26485e-06 -3.06655e-06 0.0423905 0.00403663 4.96725 25.3167 -0.00154876 5534.07 25.3167 -0.00154876 5534.07 
21.2 22.6325 -0.00122048 5528.89 0 0 0 42.4527 0 0 2.58925e-07 1.20826e-14 2.26507e-06 -4.82863e-05 -0.201126 0.00421618 4.96728 25.2398 -0.0012227 5533.85 25.2398 -0.0012227 5533.85 
21.3 22.5351 -0.00088507 5529.31 0 0 0 42.4527 0 0 2.58906e-07 1.2391e-14 2.26486e-06 -8.88786e-05 -0.279158 0.00434789 4.96731 25.1616 -0.000889866 5534.13 25.1616 -0.000889866 5534.13 
21.4 22.4364 -0.000545084 5529.16 0 0 0 42.4527 0 0 2.58868e-07 1.23978e-14 2.2653e-06 -0.000130848 -0.990419 0.00443126 4.96731 25.0547 -0.000553405 5534.05 25.0547 -0.000553405 5534.05 
21.5 22.3888 -0.000121299 5528.75 0 0 0 42.4527 0 0 2.58822e-07 1.21803e-14 2.26543e-06 -0.000178173 0.362865 0.00444905 4.96729 24.9941 -0.000132667 5533.74 24.9941 -0.000132667 5533.74 
21.6 22.3208 0.000157301 5528.7 0 0 0 42.4527 0 0 2.5879e-07 1.19224e-14 2.2656e-06 -0.000207767 0.8214 0.00443132 4.96729 24.9333 0.000143144 5533.62 24.9333 0.000143144 5533.62 
21.7 22.2103 0.000613618 5528.81 0 0 0 42.4527 0 0 2.58759e-07 1.1177e-14 2.26523e-06 -0.00025095 1.12811 0.00431085 4.96738 24.8211 0.000596527 5533.72 24.8211 0.000596527 5533.72 
21.8 22.1401 0.00086928 5528.89 0 0 0 42.4527 0 0 2.58738e-07 1.0541e-14 2.26537e-06 -0.000273468 0.896884 0.00418417 4.9674 24.7491 0.000849856 5533.77 24.7491 0.000849856 5533.77 
21.9 22.0726 0.00111048 5528.96 0 0 0 42.4527 0 0 2.5873e-07 1.00309e-14 2.26524e-06 -0.000292699 0.678762 0.0040207 4.96742 24.6806 0.00108893 5533.82 24.6806 0.00108893 5533.82 
22 22.0118 0.00133836 5529 0 0 0 42.4527 0 0 2.58716e-07 9.43647e-15 2.26524e-06 -0.000309007 0.451297 0.00382171 4.96743 24.6152 0.00131506 5533.86 24.6152 0.00131506 5533.86 
22.1 21.946 0.00156986 5528.98 0 0 0 42.4527 0 0 2.58699e-07 8.62841e-15 2.26538e-06 -0.000324143 0.225465 0.00358437 4.9674 24.5479 0.001545 5533.83 24.5479 0.001545 5533.83 
22.2 21.888 0.00177654 5528.94 0 0 0 42.4527 0 0 2.58679e-07 7.76623e-15 2.26546e-06 -0.0003348 0.104111 0.00330801 4.96738 24.4878 0.00175044 5533.79 24.4878 0.00175044 5533.79 
22.3 21.8219 0.00202235 5528.77 0 0 0 42.4527 0 0 2.58644e-07 6.40988e-15 2.26559e-06 -0.000345861 0.227689 0.00295422 4.96735 24.4197 0.00199521 5533.62 24.4197 0.00199521 5533.62 
22.4 21.7778 0.00215585 5528.83 0 0 0 42.4527 0 0 2.58632e-07 5.70328e-15 2.26551e-06 -0.000347107 0.110978 0.00264694 4.96733 24.3741 0.00212808 5533.68 24.3741 0.00212808 5533.68 
22.5 21.7355 0.0022805 5528.86 0 0 0 42.4527 0 0 2.58603e-07 4.85143e-15 2.26576e-06 -0.00034572 0.0921862 0.00230341 4.96732 24.3306 0.0022524 5533.71 24.3306 0.0022524 5533.71 
22.6 21.683 0.00241599 5528.62 0 0 0 42.4527 0 0 2.58652e-07 3.07579e-15 2.26406e-06 -0.000340386 0.435672 0.0018531 4.9673 24.277 0.00238789 5533.46 24.277 0.00238789 5533.46 
22.7 21.6562 0.00247402 5528.74 0 0 0 42.4527 0 0 2.58513e-07 2.29617e-15 2.26652e-06 -0.000332958 0.408513 0.00151966 4.9673 24.2494 0.00244626 5533.58 24.2494 0.00244626 5533.58 
22.8 21.6281 0.00252449 5528.82 0 0 0 42.4527 0 0 2.58554e-07 1.38012e-15 2.26593e-06 -0.000322146 0.408555 0.00114506 4.9673 24.2204 0.00249735 5533.64 24.2204 0.00249735 5533.64 
22.9 21.6027 0.00254442 5528.69 0 0 0 42.4527 0 0 2.58493e-07 -1.27605e-16 2.26622e-06 -0.000308565 0.570562 0.000746991 4.96728 24.1941 0.00251816 5533.51 24.1941 0.00251816 5533.51 
23 21.5818 0.0025364 5528.52 0 0 0 42.4527 0 0 2.5843e-07 -1.84757e-15 2.26668e-06 -0.000292946 0.600698 0.000349192 4.96726 24.1722 0.0025113 5533.32 24.1722 0.0025113 5533.32 
23.1 21.567 0.00251724 5528.78 0 0 0 42.4527 0 0 2.5843e-07 -1.84757e-15 2.26668e-06 -0.000270534 0.458965 -4.81005e-05 4.96726 24.1564 0.00249372 5533.57 24.1564 0.00249372 5533.57 
23.2 21.5584 0.00246046 5528.74 0 0 0 42.4527 0 0 2.58457e-07 -2.59802e-15 2.26658e-06 -0.000248272 0.373137 -0.000434848 4.96723 24.147 0.00243877 5533.52 24.147 0.00243877 5533.52 
23.3 21.5566 0.00237271 5528.69 0 0 0 42.4527 0 0 2.58453e-07 -3.93002e-15 2.26645e-06 -0.000223317 0.275299 -0.00081033 4.96719 24.1444 0.00235302 5533.45 24.1444 0.00235302 5533.45 
23.4 21.5614 0.00225768 5528.62 0 0 0 42.4527 0 0 2.58459e-07 -4.05681e-15 2.26637e-06 -0.000196106 0.132736 -0.00117185 4.96716 24.1482 0.0022404 5533.37 24.1482 0.0022404 5533.37 
23.5 21.5721 0.00211756 5528.57 0 0 0 42.4527 0 0 2.5844e-07 -5.26009e-15 2.26683e-06 -0.00016708 -0.0321211 -0.00151293 4.96713 24.1587 0.00210267 5533.3 24.1587 0.00210267 5533.3 
23.6 21.5893 0.00195318 5528.51 0 0 0 42.4527 0 0 2.5846e-07 -5.74561e-15 2.26629e-06 -0.000136333 -0.203945 -0.00183047 4.96709 24.1754 0.00194107 5533.23 24.1754 0.00194107 5533.23 
23.7 21.6132 0.00176675 5528.45 0 0 0 42.4527 0 0 2.5845e-07 -6.39992e-15 2.26674e-06 -0.000104774 -0.358954 -0.00212113 4.96707 24.1987 0.00175745 5533.17 24.1987 0.00175745 5533.17 
23.8 21.6507 0.00156587 5528.82 0 0 0 42.4527 0 0 2.5845e-07 -6.39992e-15 2.26674e-06 -6.54286e-05 0.0694239 -0.00238729 4.96707 24.2355 0.0015596 5533.54 24.2355 0.0015596 5533.54 
23.9 21.6806 0.00133887 5528.81 0 0 0 42.4527 0 0 2.58475e-07 -6.64194e-15 2.26641e-06 -3.14874e-05 -0.0918896 -0.00261436 4.96704 24.2676 0.00133565 5533.51 24.2676 0.00133565 5533.51 
24 21.7241 0.00109799 5528.73 0 0 0 42.4527 0 0 2.58479e-07 -7.09052e-15 2.26628e-06 1.94813e-06 -0.116118 -0.00280539 4.96704 24.3084 0.00109787 5533.44 24.3084 0.00109787 5533.44 
24.1 21.7774 0.000749158 5528.79 0 0 0 42.4527 0 0 2.58483e-07 -7.09986e-15 2.2666e-06 4.74252e-05 -0.0915774 -0.00294497 4.96701 24.3633 0.000752243 5533.5 24.3633 0.000752243 5533.5 
24.2 21.8225 0.000480671 5528.82 0 0 0 42.4527 0 0 2.58498e-07 -7.41343e-15 2.26648e-06 8.05745e-05 -0.140234 -0.00303703 4.967 24.4082 0.000486808 5533.52 24.4082 0.000486808 5533.52 
24.3 21.8718 0.000211501 5528.81 0 0 0 42.4527 0 0 2.58506e-07 -7.80513e-15 2.26644e-06 0.000111802 -0.132205 -0.00308718 4.967 24.4567 0.000220479 5533.52 24.4567 0.000220479 5533.52 
24.4 21.9188 -6.06519e-05 5528.84 0 0 0 42.4527 0 0 2.58506e-07 -7.32029e-15 2.26684e-06 0.000141622 -0.167645 -0.00310039 4.96697 24.5052 -4.88734e-05 5533.54 24.5052 -4.88734e-05 5533.54 
24.5 21.9643 -0.000328525 5528.88 0 0 0 42.4527 0 0 2.5854e-07 -7.1804e-15 2.26631e-06 0.000169694 -0.21986 -0.00307421 4.96696 24.5517 -0.00031411 5533.57 24.5517 -0.00031411 5533.57 
24.6 22.0111 -0.000552302 5528.88 0 0 0 42.4527 0 0 2.58547e-07 -6.86979e-15 2.26647e-06 0.000192193 -0.125107 -0.00302356 4.96695 24.5979 -0.00053544 5533.58 24.5979 -0.00053544 5533.58 
24.7 22.0512 -0.00077229 5528.89 0 0 0 42.4527 0 0 2.58558e-07 -6.78636e-15 2.26636e-06 0.000212557 -0.162701 -0.0029433 4.96694 24.6381 -0.000753358 5533.59 24.6381 -0.000753358 5533.59 
24.8 22.1117 -0.00113092 5528.91 0 0 0 42.4527 0 0 2.58586e-07 -5.91457e-15 2.26636e-06 0.000243477 -0.350817 -0.00276756 4.96694 24.6975 -0.00110988 5533.62 24.6975 -0.00110988 5533.62 
24.9 22.1485 -0.00132554 5528.92 0 0 0 42.4527 0 0 2.58602e-07 -5.43205e-15 2.26624e-06 0.000258185 -0.358044 -0.00261384 4.96692 24.7358 -0.00130281 5533.62 24.7358 -0.00130281 5533.62 
25 22.1891 -0.00150744 5528.89 0 0 0 42.4527 0 0 2.58646e-07 -5.17273e-15 2.26542e-06 0.000270213 -0.269958 -0.00243326 4.96693 24.775 -0.00148327 5533.61 24.775 -0.00148327 5533.61 
25.1 22.2253 -0.00167903 5528.86 0 0 0 42.4527 0 0 2.58618e-07 -4.62842e-15 2.26639e-06 0.000280123 -0.235321 -0.002227 4.96692 24.811 -0.00165373 5533.59 24.811 -0.00165373 5533.59 
25.2 22.2579 -0.00187051 5528.75 0 0 0 42.4527 0 0 2.58656e-07 -3.51636e-15 2.26596e-06 0.000289296 -0.431415 -0.00197081 4.96693 24.8454 -0.00184425 5533.47 24.8454 -0.00184425 5533.47 
25.3 22.2877 -0.00201061 5528.72 0 0 0 42.4527 0 0 2.58664e-07 -2.87313e-15 2.26603e-06 0.000294113 -0.41208 -0.0017234 4.96691 24.8759 -0.00198373 5533.44 24.8759 -0.00198373 5533.44 
25.4 22.3155 -0.00215143 5528.76 0 0 0 42.4527 0 0 2.58696e-07 -2.3266e-15 2.26551e-06 0.000297794 -0.385998 -0.0014453 4.96694 24.9029 -0.00212421 5533.49 24.9029 -0.00212421 5533.49 
25.5 22.3386 -0.00227612 5528.78 0 0 0 42.4527 0 0 2.58663e-07 -1.9597e-15 2.26612e-06 0.000298845 -0.538887 -0.00114576 4.96699 24.9193 -0.00224875 5533.57 24.9193 -0.00224875 5533.57 
25.6 22.3743 -0.00237927 5528.72 0 0 0 42.4527 0 0 2.58686e-07 -1.2294e-15 2.26592e-06 0.000296693 0.0134379 -0.00083182 4.96696 24.9629 -0.00235217 5533.47 24.9629 -0.00235217 5533.47 
25.7 22.3809 -0.00245671 5528.75 0 0 0 42.4527 0 0 2.58672e-07 -3.59181e-16 2.26657e-06 0.000291316 -0.178228 -0.000506265 4.96695 24.9759 -0.00243007 5533.46 24.9759 -0.00243007 5533.46 
25.8 22.3716 -0.00250807 5528.85 0 0 0 42.4527 0 0 2.58704e-07 4.90356e-16 2.26578e-06 0.000282948 -0.558999 -0.000172928 4.96699 24.9667 -0.00248226 5533.55 24.9667 -0.00248226 5533.55 
25.9 22.3664 -0.00253435 5528.92 0 0 0 42.4527 0 0 2.58708e-07 1.05658e-15 2.26567e-06 0.000271062 -0.962434 0.000163793 4.96701 24.9567 -0.00250953 5533.7 24.9567 -0.00250953 5533.7 
26 22.4145 -0.00250883 5528.85 0 0 0 42.4527 0 0 2.58711e-07 2.09746e-15 2.26583e-06 0.000252378 0.0656185 0.000536833 4.967 25.0014 -0.0024857 5533.64 25.0014 -0.0024857 5533.64 
26.1 22.4214 -0.002484 5528.77 0 0 0 42.4527 0 0 2.58706e-07 2.55487e-15 2.26605e-06 0.000236208 0.213277 0.000839962 4.96701 25.0084 -0.00246264 5533.55 25.0084 -0.00246264 5533.55 
26.2 22.4154 -0.00239841 5528.89 0 0 0 42.4527 0 0 2.58735e-07 3.4885e-15 2.26557e-06 0.000212737 0.0281522 0.00117836 4.96704 25.0038 -0.002379 5533.67 25.0038 -0.002379 5533.67 
26.3 22.4136 -0.00233895 5528.85 0 0 0 42.4527 0 0 2.58743e-07 3.94944e-15 2.26549e-06 0.000193859 -0.0400671 0.0014621 4.96706 25.0014 -0.0023217 5533.62 25.0014 -0.0023217 5533.62 
26.4 22.4046 -0.00224304 5528.8 0 0 0 42.4527 0 0 2.5876e-07 4.76297e-15 2.26528e-06 0.000172837 -0.170201 0.00175018 4.96707 24.9934 -0.002228 5533.57 24.9934 -0.002228 5533.57 
26.5 22.406 -0.00212757 5528.76 0 0 0 42.4527 0 0 2.58762e-07 5.17227e-15 2.26526e-06 0.000147211 -0.180306 0.00202556 4.9671 24.99 -0.00211494 5533.58 24.99 -0.00211494 5533.58 
26.6 22.3876 -0.00198614 5528.69 0 0 0 42.4527 0 0 2.58775e-07 5.91709e-15 2.26483e-06 0.000122438 -0.3567 0.00228157 4.9671 24.9677 -0.00197605 5533.54 24.9677 -0.00197605 5533.54 
26.7 22.3303 -0.00182934 5528.92 0 0 0 42.4527 0 0 2.58755e-07 6.12413e-15 2.2654e-06 9.38305e-05 -1.39523 0.00251591 4.96708 24.9148 -0.00182162 5533.78 24.9148 -0.00182162 5533.78 
26.8 22.3604 -0.00165333 5528.56 0 0 0 42.4527 0 0 2.58734e-07 6.67948e-15 2.2654e-06 6.54143e-05 0.261206 0.0027261 4.96711 24.9555 -0.0016484 5533.34 24.9555 -0.0016484 5533.34 
26.9 22.3231 -0.00135664 5528.65 0 0 0 42.4527 0 0 2.58712e-07 7.08528e-15 2.26569e-06 2.57368e-05 0.346452 0.00290705 4.9671 24.9103 -0.00135465 5533.52 24.9103 -0.00135465 5533.52 
27 22.3086 -0.0012112 5528.58 0 0 0 42.4527 0 0 2.58713e-07 7.24235e-15 2.26559e-06 3.62694e-06 0.515742 0.0030435 4.96712 24.9 -0.00121203 5533.41 24.9 -0.00121203 5533.41 
27.1 22.2809 -0.000950044 5528.72 0 0 0 42.4527 0 0 2.58712e-07 7.41985e-15 2.26558e-06 -2.89476e-05 0.491976 0.00314757 4.96718 24.8737 -0.000953692 5533.53 24.8737 -0.000953692 5533.53 
27.2 22.2582 -0.000750339 5528.81 0 0 0 42.4527 0 0 2.58717e-07 7.47842e-15 2.26552e-06 -5.41212e-05 0.313105 0.00322463 4.96722 24.8514 -0.000756609 5533.61 24.8514 -0.000756609 5533.61 
27.3 22.2366 -0.000522356 5528.84 0 0 0 42.4527 0 0 2.58722e-07 7.50943e-15 2.26542e-06 -8.07673e-05 0.178972 0.00326633 4.96723 24.8297 -0.000531112 5533.63 24.8297 -0.000531112 5533.63 
27.4 22.2172 -0.000355186 5528.86 0 0 0 42.4527 0 0 2.58726e-07 7.5222e-15 2.26531e-06 -0.000100104 0.0181904 0.00328733 4.96724 24.8098 -0.000366245 5533.65 24.8098 -0.000366245 5533.65 
27.5 22.195 -7.85239e-05 5528.81 0 0 0 42.4527 0 0 2.58723e-07 7.36281e-15 2.26539e-06 -0.000128569 -0.052017 0.00325211 4.96721 24.7874 -9.18e-05 5533.61 24.7874 -9.18e-05 5533.61 
27.6 22.1745 0.000159589 5528.77 0 0 0 42.4527 0 0 2.58718e-07 7.20953e-15 2.2654e-06 -0.000151815 -0.095131 0.00319262 4.96719 24.7669 0.000144278 5533.57 24.7669 0.000144278 5533.57 
27.7 22.154 0.000400455 5528.73 0 0 0 42.4527 0 0 2.58709e-07 6.89877e-15 2.26548e-06 -0.00017418 -0.0516216 0.00309985 4.96718 24.7468 0.000383273 5533.53 24.7468 0.000383273 5533.53 
27.8 22.1373 0.000534585 5528.71 0 0 0 42.4527 0 0 2.58704e-07 6.74627e-15 2.26551e-06 -0.000185088 -0.113164 0.00301059 4.96717 24.7309 0.000515816 5533.52 24.7309 0.000515816 5533.52 
27.9 22.1199 0.000749546 5528.8 0 0 0 42.4527 0 0 2.58693e-07 6.11964e-15 2.26552e-06 -0.000200365 0.140867 0.00286142 4.96718 24.7144 0.000729337 5533.61 24.7144 0.000729337 5533.61 
28 22.1028 0.000924987 5528.85 0 0 0 42.4527 0 0 2.58678e-07 5.61823e-15 2.26565e-06 -0.000212218 0.253925 0.0027005 4.9672 24.6984 0.000903599 5533.66 24.6984 0.000903599 5533.66 
28.1 22.0859 0.00109682 5528.94 0 0 0 42.4527 0 0 2.58666e-07 5.12125e-15 2.2657e-06 -0.000222899 0.3368 0.0025137 4.96723 24.6825 0.00107449 5533.75 24.6825 0.00107449 5533.75 
28.2 22.0693 0.00125807 5529.04 0 0 0 42.4527 0 0 2.58659e-07 4.49311e-15 2.26583e-06 -0.000231759 0.366293 0.00230264 4.96723 24.6666 0.00123504 5533.85 24.6666 0.00123504 5533.85 
28.3 22.0488 0.00141086 5528.82 0 0 0 42.4527 0 0 2.58659e-07 4.49311e-15 2.26583e-06 -0.000240206 0.218089 0.00207162 4.96723 24.6467 0.00138745 5533.62 24.6467 0.00138745 5533.62 
28.4 22.0352 0.00153759 5528.88 0 0 0 42.4527 0 0 2.58681e-07 3.94084e-15 2.26489e-06 -0.000243147 0.246443 0.00182113 4.96724 24.6333 0.00151413 5533.68 24.6333 0.00151413 5533.68 
28.5 22.023 0.00164409 5528.94 0 0 0 42.4527 0 0 2.58641e-07 3.11328e-15 2.2661e-06 -0.00024341 0.231263 0.00155494 4.96722 24.6212 0.0016208 5533.73 24.6212 0.0016208 5533.73 
28.6 22.0121 0.00173247 5528.95 0 0 0 42.4527 0 0 2.5864e-07 2.55602e-15 2.26595e-06 -0.000241262 0.185913 0.00127588 4.96722 24.6102 0.00170968 5533.73 24.6102 0.00170968 5533.73 
28.7 22.0033 0.00180629 5528.84 0 0 0 42.4527 0 0 2.58641e-07 1.96803e-15 2.2659e-06 -0.000236228 0.168697 0.000969202 4.9672 24.6014 0.00178429 5533.61 24.6014 0.00178429 5533.61 
28.8 21.9994 0.00183532 5528.83 0 0 0 42.4527 0 0 2.58639e-07 1.37305e-15 2.26593e-06 -0.00022696 0.133988 0.000679356 4.96719 24.5974 0.00181443 5533.6 24.5974 0.00181443 5533.6 
28.9 21.9999 0.00183026 5528.8 0 0 0 42.4527 0 0 2.58637e-07 2.31904e-16 2.26594e-06 -0.00021201 0.118215 0.000342429 4.96717 24.5979 0.00181074 5533.57 24.5979 0.00181074 5533.57 
29 22 0.0018114 5528.83 0 0 0 42.4527 0 0 2.58636e-07 -1.61883e-16 2.26598e-06 -0.000198031 0.0761761 6.64205e-05 4.96715 24.5979 0.00179344 5533.59 24.5979 0.00179344 5533.59 
29.1 21.9995 0.00179727 5528.96 0 0 0 42.4527 0 0 2.58634e-07 -6.80652e-16 2.26601e-06 -0.000186487 -0.0152149 -0.000186466 4.96715 24.5975 0.00178098 5533.72 24.5975 0.00178098 5533.72 
29.2 22.0039 0.00174768 5529.08 0 0 0 42.4527 0 0 2.58632e-07 -1.48974e-15 2.26605e-06 -0.000170854 -0.110985 -0.000461381 4.96714 24.6017 0.00173325 5533.84 24.6017 0.00173325 5533.84 
29.3 22.0084 0.00167639 5529.04 0 0 0 42.4527 0 0 2.5863e-07 -1.91287e-15 2.26609e-06 -0.000151125 -0.097681 -0.000730827 4.96714 24.6061 0.00166394 5533.8 24.6061 0.00166394 5533.8 
29.4 22.0153 0.00158055 5529.19 0 0 0 42.4527 0 0 2.58631e-07 -2.82369e-15 2.26608e-06 -0.00013259 -0.225164 -0.000983536 4.96713 24.6126 0.00157018 5533.95 24.6126 0.00157018 5533.95 
29.5 22.022 0.00147335 5528.97 0 0 0 42.4527 0 0 2.58631e-07 -2.82369e-15 2.26608e-06 -0.000106862 -0.0418322 -0.00122293 4.96713 24.6188 0.0014654 5533.73 24.6188 0.0014654 5533.73 
29.6 22.0306 0.00133996 5529.11 0 0 0 42.4527 0 0 2.58629e-07 -3.92252e-15 2.26612e-06 -8.63387e-05 -0.168074 -0.00143801 4.96711 24.6268 0.00133426 5533.87 24.6268 0.00133426 5533.87 
29.7 22.039 0.00119366 5529.15 0 0 0 42.4527 0 0 2.58624e-07 -3.97924e-15 2.26622e-06 -6.47433e-05 -0.282292 -0.00163466 4.9671 24.6345 0.00119047 5533.91 24.6345 0.00119047 5533.91 
29.8 22.0489 0.00104011 5529.03 0 0 0 42.4527 0 0 2.58624e-07 -3.97924e-15 2.26622e-06 -3.59811e-05 -0.0980155 -0.00181281 4.9671 24.6435 0.00103949 5533.78 24.6435 0.00103949 5533.78 
29.9 22.0581 0.000866056 5529 0 0 0 42.4527 0 0 2.5863e-07 -4.47955e-15 2.26619e-06 -1.29911e-05 -0.174184 -0.00196089 4.96709 24.6518 0.000867846 5533.75 24.6518 0.000867846 5533.75 
30 22.0694 0.000691132 5528.93 0 0 0 42.4527 0 0 2.5863e-07 -4.47955e-15 2.26619e-06 1.62993e-05 0.00305007 -0.00209268 4.96709 24.6622 0.000695313 5533.69 24.6622 0.000695313 5533.69 
30.1 22.0791 0.000494358 5528.94 0 0 0 42.4527 0 0 2.58626e-07 -4.56388e-15 2.26629e-06 3.97412e-05 -0.092219 -0.00218453 4.96707 24.6709 0.000500909 5533.69 24.6709 0.000500909 5533.69 
30.2 22.0888 0.000293461 5528.85 0 0 0 42.4527 0 0 2.58634e-07 -4.51759e-15 2.26617e-06 6.11875e-05 -0.162561 -0.00224969 4.96705 24.6793 0.000302552 5533.61 24.6793 0.000302552 5533.61 
30.3 22.1023 9.18991e-05 5528.92 0 0 0 42.4527 0 0 2.58634e-07 -4.51759e-15 2.26617e-06 8.94415e-05 -0.0121886 -0.00229311 4.96705 24.6917 0.000103669 5533.68 24.6917 0.000103669 5533.68 
30.4 22.1102 -0.00011691 5528.86 0 0 0 42.4527 0 0 2.58634e-07 -6.13077e-15 2.26621e-06 0.000111537 -0.109174 -0.00229695 4.96704 24.6992 -0.000103343 5533.61 24.6992 -0.000103343 5533.61 
30.5 22.1228 -0.000325193 5528.87 0 0 0 42.4527 0 0 2.58636e-07 -5.21786e-15 2.26619e-06 0.000134237 -0.0459008 -0.00227814 4.96704 24.7105 -0.000309669 5533.63 24.7105 -0.000309669 5533.63 
30.6 22.1301 -0.000528957 5528.71 0 0 0 42.4527 0 0 2.58638e-07 -4.84275e-15 2.26616e-06 0.000152584 -0.105151 -0.00222521 4.96703 24.717 -0.000511814 5533.47 24.717 -0.000511814 5533.47 
30.7 22.1428 -0.000731975 5528.76 0 0 0 42.4527 0 0 2.58639e-07 -4.6049e-15 2.26614e-06 0.000172297 -0.0637141 -0.00214729 4.96703 24.7275 -0.000713162 5533.53 24.7275 -0.000713162 5533.53 
30.8 22.1497 -0.000928899 5528.85 0 0 0 42.4527 0 0 2.5864e-07 -4.29287e-15 2.26614e-06 0.000190351 -0.106338 -0.00204147 4.96703 24.7342 -0.000908662 5533.62 24.7342 -0.000908662 5533.62 
30.9 22.1565 -0.00111329 5528.63 0 0 0 42.4527 0 0 2.58643e-07 -3.73046e-15 2.26608e-06 0.000203358 -0.0579725 -0.00190442 4.96702 24.7419 -0.00109182 5533.39 24.7419 -0.00109182 5533.39 
31 22.1609 -0.00128827 5528.76 0 0 0 42.4527 0 0 2.58639e-07 -3.48231e-15 2.26619e-06 0.000216324 -0.110708 -0.00174372 4.96701 24.7456 -0.00126581 5533.51 24.7456 -0.00126581 5533.51 
31.1 22.1788 -0.00145147 5528.76 0 0 0 42.4527 0 0 2.58655e-07 -3.2437e-15 2.26571e-06 0.000226925 -0.0642207 -0.00156119 4.96705 24.7542 -0.00142831 5533.6 24.7542 -0.00142831 5533.6 
31.2 22.1675 -0.00159605 5528.53 0 0 0 42.4527 0 0 2.58662e-07 -2.60544e-15 2.26528e-06 0.000233202 -0.294441 -0.00135668 4.96705 24.7378 -0.00157242 5533.4 24.7378 -0.00157242 5533.4 
31.3 22.1189 -0.00172756 5528.87 0 0 0 42.4527 0 0 2.58616e-07 -2.20538e-15 2.26644e-06 0.000238509 -1.26325 -0.00113462 4.96703 24.7012 -0.00170366 5533.68 24.7012 -0.00170366 5533.68 
31.4 22.1079 -0.00184211 5529.03 0 0 0 42.4527 0 0 2.58609e-07 -1.78289e-15 2.26636e-06 0.000240981 -1.04504 -0.000895408 4.96699 24.6905 -0.00181823 5533.82 24.6905 -0.00181823 5533.82 
31.5 22.1838 -0.00193433 5528.56 0 0 0 42.4527 0 0 2.58608e-07 -1.13709e-15 2.26637e-06 0.00024025 0.626083 -0.00064322 4.96698 24.7654 -0.00191081 5533.35 24.7654 -0.00191081 5533.35 
31.6 22.1902 -0.00200796 5528.61 0 0 0 42.4527 0 0 2.58612e-07 -5.90444e-16 2.26624e-06 0.000237026 0.816637 -0.000380321 4.96702 24.7742 -0.00198503 5533.37 24.7742 -0.00198503 5533.37 
31.7 22.1755 -0.00205928 5528.67 0 0 0 42.4527 0 0 2.58619e-07 1.15186e-16 2.2662e-06 0.000231142 0.470702 -0.00010977 4.96706 24.7586 -0.00203716 5533.43 24.7586 -0.00203716 5533.43 
31.8 22.178 -0.00208935 5528.76 0 0 0 42.4527 0 0 2.58632e-07 6.93677e-16 2.26604e-06 0.000222715 0.221274 0.000164347 4.96706 24.7559 -0.00206845 5533.54 24.7559 -0.00206845 5533.54 
31.9 22.1747 -0.00209837 5528.84 0 0 0 42.4527 0 0 2.58642e-07 1.25926e-15 2.266e-06 0.000211896 -0.0153961 0.00043932 4.96706 24.7558 -0.00207869 5533.59 24.7558 -0.00207869 5533.59 
32 22.1794 -0.00208609 5528.8 0 0 0 42.4527 0 0 2.58653e-07 1.82459e-15 2.2659e-06 0.000198861 -0.168769 0.000711626 4.96705 24.7592 -0.0020678 5533.57 24.7592 -0.0020678 5533.57 
32.1 22.1854 -0.00205234 5528.74 0 0 0 42.4527 0 0 2.58659e-07 2.41146e-15 2.26574e-06 0.000183699 -0.154671 0.000978583 4.96704 24.7663 -0.00203576 5533.5 24.7663 -0.00203576 5533.5 
32.2 22.1879 -0.00197969 5528.76 0 0 0 42.4527 0 0 2.58656e-07 3.03596e-15 2.26582e-06 0.000164031 -0.185608 0.00125038 4.967 24.769 -0.00196505 5533.52 24.769 -0.00196505 5533.52 
32.3 22.1917 -0.00191004 5528.7 0 0 0 42.4527 0 0 2.58657e-07 3.47834e-15 2.26585e-06 0.000146114 -0.134447 0.00148789 4.96698 24.7735 -0.00189747 5533.47 24.7735 -0.00189747 5533.47 
32.4 22.1912 -0.0018221 5528.53 0 0 0 42.4527 0 0 2.58658e-07 4.1073e-15 2.26581e-06 0.000128214 -0.0650015 0.00171444 4.96701 24.7745 -0.00181169 5533.31 24.7745 -0.00181169 5533.31 
32.5 22.1905 -0.00171259 5528.57 0 0 0 42.4527 0 0 2.58659e-07 4.53244e-15 2.26578e-06 0.000107063 -0.0601167 0.00192911 4.96704 24.7752 -0.00170449 5533.36 24.7752 -0.00170449 5533.36 
32.6 22.1884 -0.00158527 5528.63 0 0 0 42.4527 0 0 2.5866e-07 4.92067e-15 2.26571e-06 8.46639e-05 -0.0527361 0.00212577 4.96707 24.7744 -0.00157956 5533.42 24.7744 -0.00157956 5533.42 
32.7 22.1856 -0.00144301 5528.68 0 0 0 42.4527 0 0 2.5866e-07 5.2655e-15 2.26568e-06 6.15048e-05 -0.034257 0.00230144 4.96709 24.7725 -0.00143973 5533.47 24.7725 -0.00143973 5533.47 
32.8 22.1817 -0.00128754 5528.71 0 0 0 42.4527 0 0 2.58659e-07 5.55616e-15 2.26568e-06 3.78673e-05 -0.00830744 0.00245413 4.9671 24.7693 -0.00128671 5533.5 24.7693 -0.00128671 5533.5 
32.9 22.1768 -0.00112047 5528.72 0 0 0 42.4527 0 0 2.58657e-07 5.80273e-15 2.2657e-06 1.40177e-05 0.0263506 0.00258194 4.9671 24.765 -0.00112208 5533.52 24.765 -0.00112208 5533.52 
33 22.1707 -0.000944225 5528.73 0 0 0 42.4527 0 0 2.58654e-07 5.99814e-15 2.26573e-06 -9.73406e-06 0.0544673 0.00268399 4.9671 24.7595 -0.000948237 5533.52 24.7595 -0.000948237 5533.52 
33.1 22.1636 -0.00076032 5528.72 0 0 0 42.4527 0 0 2.58653e-07 6.14081e-15 2.26574e-06 -3.31548e-05 0.0723139 0.00275888 4.9671 24.7532 -0.000766677 5533.52 24.7532 -0.000766677 5533.52 
33.2 22.1563 -0.000571112 5528.72 0 0 0 42.4527 0 0 2.58652e-07 6.23047e-15 2.26575e-06 -5.59602e-05 0.0836171 0.00280611 4.96709 24.7469 -0.00057973 5533.51 24.7469 -0.00057973 5533.51 
33.3 22.1493 -0.000378805 5528.73 0 0 0 42.4527 0 0 2.58653e-07 6.26069e-15 2.26575e-06 -7.59166e-05 0.112736 0.00282443 4.96709 24.741 -0.00038954 5533.52 24.741 -0.00038954 5533.52 
33.4 22.1436 -0.000185712 5528.82 0 0 0 42.4527 0 0 2.58655e-07 6.17346e-15 2.26571e-06 -9.49629e-05 0.0986784 0.00281463 4.9671 24.7365 -0.000198431 5533.6 24.7365 -0.000198431 5533.6 
33.5 22.1378 5.88866e-06 5528.86 0 0 0 42.4527 0 0 2.58659e-07 6.05526e-15 2.26564e-06 -0.000114504 0.0538809 0.00277693 4.96711 24.732 -8.67505e-06 5533.64 24.732 -8.67505e-06 5533.64 
33.6 22.1324 0.000194935 5528.86 0 0 0 42.4527 0 0 2.58658e-07 5.91278e-15 2.26567e-06 -0.000133369 0.0225455 0.00271368 4.96711 24.7279 0.00017871 5533.63 24.7279 0.00017871 5533.63 
33.7 22.1272 0.000379463 5528.82 0 0 0 42.4527 0 0 2.58659e-07 5.76415e-15 2.26565e-06 -0.000150764 -0.000444346 0.00262458 4.96711 24.724 0.000361784 5533.59 24.724 0.000361784 5533.59 
33.8 22.1251 0.000555677 5528.98 0 0 0 42.4527 0 0 2.58661e-07 5.39433e-15 2.26565e-06 -0.000164044 -0.0371847 0.00250897 4.96712 24.723 0.000536786 5533.75 24.723 0.000536786 5533.75 
33.9 22.121 0.000723734 5528.89 0 0 0 42.4527 0 0 2.58664e-07 5.17413e-15 2.26553e-06 -0.000177354 -0.0339989 0.00237035 4.96713 24.7198 0.000703861 5533.67 24.7198 0.000703861 5533.67 
34 22.1174 0.000880991 5528.77 0 0 0 42.4527 0 0 2.58662e-07 4.93672e-15 2.26572e-06 -0.000188347 -0.0129109 0.0022095 4.96713 24.7173 0.000860388 5533.55 24.7173 0.000860388 5533.55 
34.1 22.1153 0.00102443 5528.86 0 0 0 42.4527 0 0 2.58663e-07 4.48645e-15 2.26565e-06 -0.000195948 -0.0159035 0.00202788 4.96714 24.716 0.00100335 5533.63 24.716 0.00100335 5533.63 
34.2 22.1123 0.0011762 5528.75 0 0 0 42.4527 0 0 2.58662e-07 4.04273e-15 2.26568e-06 -0.000203466 0.0321624 0.00181079 4.96714 24.7137 0.00115492 5533.53 24.7137 0.00115492 5533.53 
34.3 22.1095 0.00128392 5528.75 0 0 0 42.4527 0 0 2.58662e-07 3.56265e-15 2.26569e-06 -0.000205756 0.0395764 0.00159157 4.96714 24.7115 0.00126275 5533.53 24.7115 0.00126275 5533.53 
34.4 22.1092 0.0013614 5529 0 0 0 42.4527 0 0 2.58662e-07 2.94954e-15 2.26572e-06 -0.000204834 0.00597319 0.00137421 4.96714 24.7119 0.00134057 5533.77 24.7119 0.00134057 5533.77 
34.5 22.1059 0.00143401 5528.97 0 0 0 42.4527 0 0 2.58662e-07 2.52652e-15 2.26572e-06 -0.000202744 0.0134867 0.00113939 4.96715 24.709 0.00141377 5533.74 24.709 0.00141377 5533.74 
34.6 22.1035 0.00149339 5528.87 0 0 0 42.4527 0 0 2.5867e-07 2.09468e-15 2.26555e-06 -0.000198812 0.0346574 0.000895101 4.96714 24.707 0.00147398 5533.64 24.707 0.00147398 5533.64 
34.7 22.1025 0.00152487 5528.81 0 0 0 42.4527 0 0 2.58661e-07 1.40822e-15 2.2658e-06 -0.000190814 0.051325 0.000623629 4.96715 24.706 0.00150665 5533.58 24.706 0.00150665 5533.58 
34.8 22.1014 0.0015309 5528.8 0 0 0 42.4527 0 0 2.58663e-07 8.62576e-16 2.26577e-06 -0.00018084 0.0490032 0.000373735 4.96714 24.705 0.00151403 5533.57 24.705 0.00151403 5533.57 
34.9 22.0994 0.00151391 5528.85 0 0 0 42.4527 0 0 2.58662e-07 2.79196e-16 2.26582e-06 -0.000167811 0.0411505 0.000124097 4.96714 24.7031 0.00149858 5533.62 24.7031 0.00149858 5533.62 
35 22.0995 0.00149251 5528.84 0 0 0 42.4527 0 0 2.58663e-07 -1.10768e-16 2.26582e-06 -0.00015611 0.0323786 -0.000102885 4.96714 24.7031 0.00147882 5533.6 24.7031 0.00147882 5533.6 
35.1 22.1009 0.00141668 5528.85 0 0 0 42.4527 0 0 2.58662e-07 -7.99565e-16 2.26585e-06 -0.00013728 0.0456209 -0.000357004 4.96714 24.7043 0.00140479 5533.62 24.7043 0.00140479 5533.62 
35.2 22.1042 0.00137882 5529.44 0 0 0 42.4527 0 0 2.58665e-07 -1.5692e-15 2.2658e-06 -0.00012749 -0.122168 -0.000557986 4.96713 24.7073 0.00136891 5534.2 24.7073 0.00136891 5534.2 
35.3 22.1006 0.00131603 5529.03 0 0 0 42.4527 0 0 2.58665e-07 -1.5692e-15 2.2658e-06 -0.000109339 -0.0201673 -0.00076354 4.96713 24.7034 0.00130824 5533.8 24.7034 0.00130824 5533.8 
35.4 22.1041 0.0012232 5529.31 0 0 0 42.4527 0 0 2.58667e-07 -1.82389e-15 2.26578e-06 -9.28187e-05 -0.0918065 -0.000960596 4.96712 24.7065 0.0012175 5534.07 24.7065 0.0012175 5534.07 
35.5 22.1068 0.00111892 5529.55 0 0 0 42.4527 0 0 2.5866e-07 -2.74034e-15 2.26595e-06 -7.53344e-05 -0.172363 -0.00114246 4.96712 24.7086 0.00111517 5534.32 24.7086 0.00111517 5534.32 
35.6 22.1043 0.0010085 5529.09 0 0 0 42.4527 0 0 2.5866e-07 -2.74034e-15 2.26595e-06 -5.27251e-05 -0.0465765 -0.00131118 4.96712 24.7056 0.00100699 5533.86 24.7056 0.00100699 5533.86 
35.7 22.1077 0.000875751 5529.32 0 0 0 42.4527 0 0 2.58668e-07 -3.43249e-15 2.26578e-06 -3.48805e-05 -0.106628 -0.00145536 4.96713 24.7084 0.00087631 5534.08 24.7084 0.00087631 5534.08 
35.8 22.1109 0.000735083 5529.48 0 0 0 42.4527 0 0 2.58645e-07 -3.22694e-15 2.26625e-06 -1.5978e-05 -0.164725 -0.00158115 4.96712 24.7109 0.000737926 5534.25 24.7109 0.000737926 5534.25 
35.9 22.1102 0.000588836 5529.12 0 0 0 42.4527 0 0 2.58645e-07 -3.22694e-15 2.26625e-06 8.31789e-06 -0.0517816 -0.00168868 4.96712 24.7095 0.000593888 5533.88 24.7095 0.000593888 5533.88 
36 22.1138 0.000429822 5529.26 0 0 0 42.4527 0 0 2.58673e-07 -3.89587e-15 2.26569e-06 2.65565e-05 -0.0979122 -0.00176797 4.96712 24.7123 0.000436821 5534.02 24.7123 0.000436821 5534.02 
36.1 22.1141 0.000270491 5528.95 0 0 0 42.4527 0 0 2.58673e-07 -3.89587e-15 2.26569e-06 5.04354e-05 0.00563034 -0.00183194 4.96712 24.7117 0.000279618 5533.72 24.7117 0.000279618 5533.72 
36.2 22.118 9.99566e-05 5529.08 0 0 0 42.4527 0 0 2.58647e-07 -3.77467e-15 2.26621e-06 6.85295e-05 -0.0466661 -0.00186239 4.96711 24.7146 0.000110986 5533.85 24.7146 0.000110986 5533.85 
36.3 22.1212 -7.00462e-05 5529.12 0 0 0 42.4527 0 0 2.58674e-07 -3.84424e-15 2.26573e-06 8.53076e-05 -0.0844488 -0.0018699 4.96711 24.7168 -5.72858e-05 5533.89 24.7168 -5.72858e-05 5533.89 
36.4 22.1233 -0.000240829 5528.96 0 0 0 42.4527 0 0 2.58674e-07 -3.84424e-15 2.26573e-06 0.000107026 -0.0067448 -0.00185972 4.96711 24.718 -0.00022636 5533.73 24.718 -0.00022636 5533.73 
36.5 22.1271 -0.000410383 5528.98 0 0 0 42.4527 0 0 2.58649e-07 -3.66071e-15 2.2661e-06 0.000122034 -0.0391432 -0.00181805 4.9671 24.7206 -0.000394429 5533.75 24.7206 -0.000394429 5533.75 
36.6 22.1302 -0.000576427 5528.93 0 0 0 42.4527 0 0 2.58657e-07 -3.44298e-15 2.26605e-06 0.00013656 -0.0544974 -0.00175471 4.9671 24.7228 -0.000559142 5533.7 24.7228 -0.000559142 5533.7 
36.7 22.1344 -0.000742304 5528.91 0 0 0 42.4527 0 0 2.58657e-07 -3.44298e-15 2.26605e-06 0.000154133 -0.00108518 -0.00167338 4.9671 24.7259 -0.000723878 5533.68 24.7259 -0.000723878 5533.68 
36.8 22.1375 -0.000896485 5528.88 0 0 0 42.4527 0 0 2.58652e-07 -3.01431e-15 2.26611e-06 0.000165338 -0.0269946 -0.00156481 4.96709 24.7282 -0.000877198 5533.65 24.7282 -0.000877198 5533.65 
36.9 22.1419 -0.00104236 5528.78 0 0 0 42.4527 0 0 2.5866e-07 -2.21614e-15 2.26595e-06 0.000174876 -0.0216397 -0.00143638 4.96709 24.7311 -0.00102227 5533.55 24.7311 -0.00102227 5533.55 
37 22.1452 -0.00117969 5528.68 0 0 0 42.4527 0 0 2.58657e-07 -1.87965e-15 2.26602e-06 0.000183625 -0.0173298 -0.00128823 4.96708 24.7338 -0.00115895 5533.45 24.7338 -0.00115895 5533.45 
37.1 22.1507 -0.00131265 5528.86 0 0 0 42.4527 0 0 2.58657e-07 -1.87965e-15 2.26602e-06 0.000192863 -0.0175256 -0.00112551 4.96708 24.7384 -0.00129165 5533.63 24.7384 -0.00129165 5533.63 
37.2 22.1555 -0.00142396 5528.78 0 0 0 42.4527 0 0 2.58659e-07 -1.79824e-15 2.26601e-06 0.00019703 -0.00575409 -0.000944843 4.96708 24.7423 -0.00140302 5533.56 24.7423 -0.00140302 5533.56 
37.3 22.1598 -0.00152434 5528.73 0 0 0 42.4527 0 0 2.58659e-07 -1.65931e-15 2.26602e-06 0.000199745 0.0169033 -0.000749809 4.96707 24.7468 -0.00150356 5533.5 24.7468 -0.00150356 5533.5 
37.4 22.1645 -0.00160968 5528.7 0 0 0 42.4527 0 0 2.5866e-07 -1.00577e-15 2.26598e-06 0.000200182 -0.0233299 -0.000543054 4.96708 24.7487 -0.0015891 5533.48 24.7487 -0.0015891 5533.48 
37.5 22.1708 -0.00168219 5528.72 0 0 0 42.4527 0 0 2.58661e-07 -6.15579e-16 2.26601e-06 0.00019934 0.0569515 -0.000330685 4.96707 24.7568 -0.00166233 5533.49 24.7568 -0.00166233 5533.49 
37.6 22.1768 -0.00173813 5528.79 0 0 0 42.4527 0 0 2.58662e-07 -2.00492e-16 2.26598e-06 0.000196135 0.00314982 -0.000110652 4.96707 24.7611 -0.00171905 5533.56 24.7611 -0.00171905 5533.56 
37.7 22.185 -0.00177578 5528.86 0 0 0 42.4527 0 0 2.58671e-07 2.24303e-16 2.2658e-06 0.000190283 0.129636 0.000118048 4.96708 24.771 -0.00175766 5533.61 24.771 -0.00175766 5533.61 
37.8 22.1959 -0.00179168 5528.64 0 0 0 42.4527 0 0 2.58676e-07 9.29542e-16 2.26579e-06 0.000182893 0.0639 0.000345183 4.96707 24.7758 -0.00177477 5533.43 24.7758 -0.00177477 5533.43 
37.9 22.2446 -0.00179441 5528.67 0 0 0 42.4527 0 0 2.5868e-07 1.25722e-15 2.26588e-06 0.000173074 1.12258 0.000572578 4.96707 24.8378 -0.00177881 5533.35 24.8378 -0.00177881 5533.35 
