0 1.33121 -2.24818e-12 5362.41 0 0 0 10.6828 0 0 2.14491e-07 -7.49281e-21 2.44335e-06 1.41302e-14 -19.7435 5.09939e-13 4.8121 1.6085 1.59721e-13 5363.48 1.6085 -3.73365e-14 5363.48 
0.1 0.816794 2.42796e-06 5480.24 1.46107e-06 -3.6925e-20 -1.90345e-18 10.6828 0 0 2.17764e-07 -1.32717e-14 2.38076e-06 2.22236e-07 -12.8156 3.42822e-06 4.82784 1.28315 1.45576e-06 5481.74 1.28315 1.45576e-06 5481.74 
0.2 2.92099 3.16232e-06 5504.03 0.00312931 -2.51831e-18 -8.80908e-17 10.6828 0 0 2.22071e-07 -4.50838e-15 2.32354e-06 -1.17539e-06 -7.2117 8.06459e-06 4.85841 3.57847 3.26474e-06 5506 3.57847 3.26474e-06 5506 
0.3 4.78619 1.30228e-06 5538.1 0.0155358 -8.18862e-18 -1.96279e-16 10.6828 0 0 2.2501e-07 -1.47808e-16 2.27308e-06 -4.14184e-07 -1.3232 3.03644e-06 4.88557 5.5452 1.30325e-06 5540.4 5.5452 1.30325e-06 5540.4 
0.4 6.21225 5.95979e-08 5563.45 0.0316579 -1.40698e-17 -2.80186e-16 10.6828 0 0 2.26501e-07 3.8733e-16 2.25502e-06 5.28137e-08 5.0742 -7.66481e-08 4.90169 6.92103 2.30534e-08 5565.68 6.92103 2.30537e-08 5565.68 
0.5 7.23262 -7.32736e-07 5577.7 0.0452757 -1.91518e-17 -3.35072e-16 10.6828 0 0 2.27448e-07 4.49301e-16 2.23978e-06 3.12475e-07 10.2963 -2.01643e-06 4.90877 7.79514 -7.72963e-07 5579.63 7.79514 -7.72963e-07 5579.63 
0.6 7.4806 -5.32869e-07 5577.01 0.0522033 -2.04025e-17 -3.59795e-16 10.6828 0 0 2.27369e-07 2.46136e-16 2.24671e-06 2.71936e-07 11.8817 -1.57449e-06 4.90364 7.84135 -5.70035e-07 5578.67 7.84135 -5.70035e-07 5578.67 
0.7 7.1324 -5.4719e-07 5565.11 0.0522025 -2.07147e-17 -3.59792e-16 10.6828 0 0 2.26876e-07 1.39411e-16 2.26419e-06 2.26003e-07 9.73991 -1.46334e-06 4.8929 7.28351 -5.69606e-07 5566.69 7.28351 -5.69606e-07 5566.69 
0.8 6.46837 -8.69755e-07 5547.73 0.0469094 -1.85573e-17 -3.41064e-16 10.6828 0 0 2.26103e-07 1.28283e-16 2.2976e-06 2.90948e-07 4.7624 -2.09735e-06 4.87882 6.47152 -8.84204e-07 5549.41 6.47152 -8.84204e-07 5549.41 
0.9 5.56481 -4.1417e-07 5531.6 0.039394 -1.60851e-17 -3.12551e-16 10.6828 0 0 2.25823e-07 1.00121e-17 2.31613e-06 1.62843e-07 -2.38249 -1.00475e-06 4.86731 5.50908 -4.19475e-07 5533.44 5.50908 -4.19476e-07 5533.44 
1 4.71612 2.12651e-07 5517.47 0.0309718 -1.38133e-17 -2.77133e-16 10.6828 0 0 2.2522e-07 -1.34494e-16 2.29547e-06 -3.73522e-08 -8.57854 5.19506e-07 4.86024 4.68167 2.19096e-07 5519.44 4.68167 2.19095e-07 5519.44 
1.1 4.02828 -0.06609 5512.03 0.0248862 -1.20905e-17 -2.48419e-16 10.6828 0 0 2.2641e-07 -3.40369e-16 2.29578e-06 0.0289974 -19.9858 -0.162094 4.8586 4.22634 -0.0586809 5514.22 4.22634 -0.0586809 5514.22 
1.2 3.75232 0.0153618 5511.55 0.0201561 -9.8882e-18 -2.23567e-16 10.6828 0 0 2.26519e-07 -2.60658e-12 2.28865e-06 -0.00676796 -16.524 0.0258952 4.8612 4.05021 0.00986375 5513.82 4.05021 0.00986375 5513.82 
1.3 3.06013 0.0146514 5516.79 0.0169073 -8.2815e-18 -2.04759e-16 10.6828 0 0 2.27645e-07 -3.57291e-12 2.28461e-06 -0.00608726 -15.8845 0.024273 4.86654 3.4581 0.00930606 5519.25 3.4581 0.00930606 5519.25 
1.4 2.57218 0.0137802 5525.54 0.0142301 -7.51915e-18 -1.87849e-16 10.6828 0 0 2.26786e-07 -4.65737e-12 2.27125e-06 -0.00563272 -11.2999 0.0230995 4.87398 3.03501 0.00888289 5528.18 3.03501 0.00888289 5528.18 
1.5 2.08113 0.0125666 5533.17 0.0116094 -6.18538e-18 -1.69672e-16 10.6828 0 0 2.2567e-07 -4.68768e-12 2.27264e-06 -0.00510959 -4.50375 0.0211889 4.8788 2.55881 0.00816805 5535.94 2.55881 0.00816805 5535.94 
1.6 1.72199 0.0105071 5539.9 0.00814129 -4.91802e-18 -1.42086e-16 10.6828 0 0 2.24423e-07 -4.08368e-12 2.28476e-06 -0.00420888 6.15638 0.0173471 4.88394 2.16838 0.00670211 5542.69 2.16838 0.00670211 5542.69 
1.7 1.12622 0.00803379 5541.61 0.00503512 -3.49448e-18 -1.1174e-16 10.6828 0 0 2.23844e-07 -3.18974e-12 2.28439e-06 -0.00308779 12.47 0.0127865 4.88393 1.5205 0.00497412 5544.33 1.5205 0.00497412 5544.33 
1.8 0.379912 0.00541816 5539.67 0.00222008 -2.05978e-18 -7.41976e-17 10.6828 0 0 2.2339e-07 -2.20267e-12 2.27676e-06 -0.00192944 17.7048 0.00816186 4.87747 0.716458 0.00322272 5542.23 0.716458 0.00322272 5542.23 
1.9 -0.148627 0.00297677 5536.2 0.000726248 -1.01159e-18 -4.24373e-17 10.6828 0 0 2.2321e-07 -1.45295e-12 2.34085e-06 -0.000913375 20.5539 0.00407692 4.87227 0.148088 0.00167155 5538.52 0.148088 0.00167155 5538.52 
2 -0.488724 -0.0310403 5533.35 0.00018493 -4.59366e-19 -2.14146e-17 10.6828 0 0 2.22622e-07 -2.22701e-12 2.31632e-06 0.0159275 21.2423 -0.0796235 4.8704 -0.187098 -0.0286628 5535.4 -0.187098 -0.0286628 5535.4 
2.1 -0.526004 8.05632e-05 5531.05 0.000134253 -3.84512e-19 -1.8246e-17 10.6828 0 0 2.22219e-07 -1.55472e-12 2.31913e-06 0.000102031 18.4174 -0.000385806 4.87079 -0.228919 -2.67808e-05 5532.75 -0.228919 -2.67808e-05 5532.75 
2.2 -0.367239 -3.3006e-05 5528.88 0.0005548 -8.72117e-19 -3.70915e-17 10.6828 0 0 2.22486e-07 -1.30904e-12 2.31227e-06 6.68173e-05 11.0471 -0.000464462 4.87111 -0.0619335 -6.45785e-05 5530.31 -0.0619335 -6.45785e-05 5530.31 
2.3 -0.0302136 -4.82432e-05 5528.34 0.0016647 -1.69691e-18 -6.42502e-17 10.6828 0 0 2.23102e-07 -1.30495e-12 2.3051e-06 4.46826e-05 4.24277 -0.000448195 4.86946 0.292288 -6.45432e-05 5529.61 0.292288 -6.45432e-05 5529.61 
2.4 0.429204 -2.47379e-05 5527.34 0.00407292 -2.98453e-18 -1.00498e-16 10.6828 0 0 2.23723e-07 -1.37594e-12 2.30261e-06 2.11497e-05 -3.43349 -0.000360145 4.86657 0.779417 -3.22029e-05 5528.57 0.779417 -3.22029e-05 5528.57 
2.5 1.03713 1.48851e-05 5527.47 0.00788607 -5.01006e-18 -1.39841e-16 10.6828 0 0 2.24179e-07 -1.45662e-12 2.30197e-06 -5.89292e-06 -9.93959 -0.000230989 4.86561 1.41649 1.36617e-05 5528.73 1.41649 1.36617e-05 5528.73 
2.6 1.79223 3.89371e-05 5529.07 0.0118365 -6.82e-18 -1.71324e-16 10.6828 0 0 2.24583e-07 -1.49817e-12 2.2961e-06 -2.62712e-05 -12.0705 -0.000133025 4.86775 2.19427 4.08263e-05 5530.42 2.19427 4.08263e-05 5530.42 
2.7 2.5681 4.34941e-05 5531.73 0.0158889 -8.46852e-18 -1.98497e-16 10.6828 0 0 2.24972e-07 -1.52038e-12 2.28848e-06 -3.72074e-05 -12.9717 -8.05898e-05 4.87138 2.98185 4.65403e-05 5533.24 2.98185 4.65403e-05 5533.24 
2.8 3.17663 3.13479e-05 5534.08 0.0188548 -9.6667e-18 -2.16231e-16 10.6828 0 0 2.25208e-07 -1.5284e-12 2.28659e-06 -3.98539e-05 -12.3013 -7.11915e-05 4.87392 3.58836 3.44533e-05 5535.77 3.58836 3.44533e-05 5535.77 
2.9 3.60188 1.10962e-05 5534.74 0.0198245 -9.76151e-18 -2.21721e-16 10.6828 0 0 2.25266e-07 -1.52919e-12 2.29058e-06 -3.76757e-05 -9.48058 -8.47469e-05 4.87497 4.00038 1.37952e-05 5536.6 4.00038 1.37952e-05 5536.6 
3 3.84505 -0.043002 5534.66 0.019341 -9.14276e-18 -2.19e-16 10.6828 0 0 2.24942e-07 8.91704e-15 2.29571e-06 0.0200515 -5.21836 -0.10548 4.87522 4.2165 -0.0381081 5536.69 4.2165 -0.0381081 5536.69 
3.1 4.11402 -1.07977e-05 5532.15 0.0177549 -8.73239e-18 -2.09829e-16 10.6828 0 0 2.24639e-07 -8.99224e-15 2.30402e-06 2.16292e-05 -0.844226 -0.000167077 4.87279 4.46745 -4.61658e-05 5534.19 4.46745 -4.61658e-05 5534.19 
3.2 4.21299 -8.86515e-05 5529.62 0.0160817 -8.75291e-18 -1.99697e-16 10.6828 0 0 2.24331e-07 -8.81602e-15 2.3124e-06 3.55034e-05 2.64816 -0.000237527 4.86928 4.56797 -9.35196e-05 5531.66 4.56797 -9.35196e-05 5531.66 
3.3 4.14855 -8.87205e-05 5528.52 0.0149932 -7.85254e-18 -1.9282e-16 10.6828 0 0 2.24576e-07 -5.74725e-16 2.30774e-06 1.68361e-05 3.27757 -0.000178664 4.86844 4.51395 -8.98502e-05 5530.51 4.51395 -8.98502e-05 5530.51 
3.4 3.93408 -0.000115773 5529.36 0.0147401 -7.63129e-18 -1.91186e-16 10.6828 0 0 2.25353e-07 1.49149e-14 2.29227e-06 2.17813e-05 0.860519 -0.000203069 4.87127 4.31244 -0.000116147 5531.32 4.31244 -0.000116147 5531.32 
3.5 3.75425 -0.000140445 5530.98 0.0149272 -7.84596e-18 -1.92396e-16 10.6828 0 0 2.25929e-07 1.72311e-14 2.28855e-06 2.62311e-05 -1.46641 -0.000219843 4.87469 4.13973 -0.000140381 5532.95 4.13973 -0.000140381 5532.95 
3.6 3.74674 -0.000159432 5531.8 0.0150743 -8.18876e-18 -1.93341e-16 10.6828 0 0 2.259e-07 1.64064e-14 2.28203e-06 2.85261e-05 -1.42991 -0.000221957 4.87513 4.13381 -0.00015911 5533.8 4.13381 -0.00015911 5533.8 
3.7 3.8342 -0.000173172 5532.23 0.0150952 -7.96244e-18 -1.93475e-16 10.6828 0 0 2.25445e-07 1.5945e-14 2.29267e-06 2.95875e-05 0.458145 -0.000214779 4.87352 4.22033 -0.00017262 5534.24 4.22033 -0.00017262 5534.24 
3.8 3.79502 -0.000181804 5532.4 0.0151196 -8.18684e-18 -1.93631e-16 10.6828 0 0 2.25351e-07 1.60406e-14 2.29491e-06 2.98733e-05 1.0374 -0.00020196 4.87326 4.17861 -0.000181067 5534.4 4.17861 -0.000181067 5534.4 
3.9 3.54842 -0.000184103 5533.31 0.0151011 -7.76254e-18 -1.93513e-16 10.6828 0 0 2.25739e-07 1.60678e-14 2.28638e-06 2.91045e-05 -0.763359 -0.000181697 4.87512 3.92616 -0.000183204 5535.32 3.92616 -0.000183204 5535.32 
4 3.16433 -0.0828477 5533.36 0.0147553 -8.23037e-18 -1.91285e-16 10.6828 0 0 2.26258e-07 9.26164e-15 2.27805e-06 0.0349422 -4.61421 -0.191192 4.87649 3.55514 -0.0693131 5535.39 3.55514 -0.0693131 5535.39 
4.1 3.02772 -0.000169378 5532.85 0.0137274 -7.95463e-18 -1.84501e-16 10.6828 0 0 2.26146e-07 -9.13464e-15 2.27747e-06 6.71321e-05 -3.78636 -0.000244999 4.87582 3.3997 -0.000215064 5534.97 3.3997 -0.000215064 5534.97 
4.2 2.89041 -0.000137826 5531.42 0.0121672 -6.58874e-18 -1.737e-16 10.6828 0 0 2.25481e-07 -2.33903e-14 2.29109e-06 2.53148e-05 -1.05767 -5.5368e-05 4.87336 3.25847 -0.000141627 5533.6 3.25847 -0.000141627 5533.6 
4.3 2.75116 -0.000110615 5530.41 0.0105173 -6.13243e-18 -1.61495e-16 10.6828 0 0 2.24987e-07 -1.04666e-14 2.29647e-06 1.10667e-05 2.19369 1.6675e-05 4.87196 3.12121 -0.000109574 5532.58 3.12121 -0.000109574 5532.58 
4.4 2.52855 -9.45856e-05 5530.49 0.00927389 -5.44991e-18 -1.51648e-16 10.6828 0 0 2.24928e-07 1.42012e-14 2.29458e-06 9.50583e-06 3.74514 3.27533e-05 4.87261 2.9051 -9.42012e-05 5532.61 2.9051 -9.42012e-05 5532.61 
4.5 2.30388 -6.89501e-05 5531.2 0.00858143 -5.37122e-18 -1.45877e-16 10.6828 0 0 2.24874e-07 1.32728e-14 2.2915e-06 6.33291e-06 3.91436 6.42702e-05 4.87336 2.68511 -6.86929e-05 5533.26 2.68511 -6.86929e-05 5533.26 
4.6 2.14306 -3.13954e-05 5531.91 0.00825995 -5.2907e-18 -1.43118e-16 10.6828 0 0 2.24596e-07 8.17223e-15 2.30005e-06 -1.05062e-06 3.97669 0.000115991 4.87325 2.52525 -3.08538e-05 5533.91 2.52525 -3.08538e-05 5533.91 
4.7 2.00952 1.0654e-05 5532.62 0.00823807 -5.29351e-18 -1.42928e-16 10.6828 0 0 2.24489e-07 5.07881e-15 2.29533e-06 -8.67586e-06 3.38303 0.000168855 4.87329 2.38958 1.13158e-05 5534.56 2.38958 1.13158e-05 5534.56 
4.8 1.84698 5.47573e-05 5533.13 0.00836492 -5.10354e-18 -1.44025e-16 10.6828 0 0 2.24719e-07 3.84741e-15 2.29199e-06 -1.66164e-05 1.39699 0.000218534 4.87396 2.22114 5.53772e-05 5535.04 2.22114 5.53772e-05 5535.04 
4.9 1.70044 9.88528e-05 5533.11 0.0084543 -5.11865e-18 -1.44792e-16 10.6828 0 0 2.24917e-07 2.74066e-15 2.29367e-06 -2.37153e-05 -0.650301 0.000261566 4.87442 2.06636 9.93692e-05 5535.03 2.06636 9.93692e-05 5535.03 
5 1.63198 0.000140898 5532.37 0.00829106 -4.98387e-18 -1.43387e-16 10.6828 0 0 2.24811e-07 1.72777e-15 2.2886e-06 -3.00295e-05 -1.15834 0.000295475 4.87358 1.99226 0.000141226 5534.31 1.99226 0.000141226 5534.31 
5.1 1.58924 -0.0368678 5531.29 0.00798626 -4.89359e-18 -1.40727e-16 10.6828 0 0 2.24389e-07 -1.02675e-14 2.2964e-06 0.0176947 0.413227 -0.091878 4.87223 1.95078 -0.0331734 5533.23 1.95078 -0.0331734 5533.23 
5.2 1.72015 0.000200336 5530.35 0.00775148 -4.89163e-18 -1.38643e-16 10.6828 0 0 2.24084e-07 -4.45125e-14 2.30354e-06 -2.10777e-05 1.97597 0.000237674 4.87108 2.07974 0.000176648 5532.24 2.07974 0.000176648 5532.24 
5.3 1.8297 0.000237974 5529.84 0.00787726 -4.85001e-18 -1.39763e-16 10.6828 0 0 2.23923e-07 -4.28845e-14 2.30793e-06 -4.32234e-05 2.9947 0.00032657 4.87062 2.1987 0.000235455 5531.68 2.1987 0.000235455 5531.68 
5.4 1.97868 0.00025066 5530.13 0.00857117 -5.23736e-18 -1.45789e-16 10.6828 0 0 2.23894e-07 -2.2782e-14 2.30778e-06 -4.707e-05 3.04812 0.000314513 4.87058 2.35802 0.000250303 5531.91 2.35802 0.000250303 5531.91 
5.5 2.16457 0.000242902 5531.05 0.00987654 -5.73344e-18 -1.56498e-16 10.6828 0 0 2.23979e-07 -3.73582e-15 2.30665e-06 -4.12555e-05 2.12437 0.000252568 4.87083 2.5526 0.000241638 5532.76 2.5526 0.000241638 5532.76 
5.6 2.365 0.000226264 5531.9 0.0113377 -6.17704e-18 -1.67675e-16 10.6828 0 0 2.24155e-07 -2.53069e-15 2.30544e-06 -3.39432e-05 1.13018 0.000185323 4.87138 2.75702 0.000224634 5533.57 2.75702 0.000224634 5533.57 
5.7 2.55883 0.000202325 5533.07 0.0132825 -7.35796e-18 -1.81487e-16 10.6828 0 0 2.24498e-07 -4.02412e-15 2.30412e-06 -2.72213e-05 -1.22443 0.000117566 4.8723 2.94814 0.000200721 5534.75 2.94814 0.000200721 5534.75 
5.8 2.7238 0.00016843 5533.93 0.0151815 -7.91776e-18 -1.94028e-16 10.6828 0 0 2.24886e-07 -3.35671e-15 2.29259e-06 -1.9329e-05 -4.11487 4.06104e-05 4.87327 3.10479 0.000166748 5535.65 3.10479 0.000166748 5535.65 
5.9 2.86202 0.00012624 5533.81 0.0160403 -7.89005e-18 -1.9944e-16 10.6828 0 0 2.25081e-07 -2.43257e-15 2.29753e-06 -9.96977e-06 -5.34581 -4.199e-05 4.8736 3.23176 0.000124437 5535.6 3.23176 0.000124437 5535.6 
6 2.9825 7.79817e-05 5533 0.0160829 -8.58877e-18 -1.99705e-16 10.6828 0 0 2.25231e-07 -1.64501e-15 2.2867e-06 -1.89683e-07 -5.38593 -0.000125 4.87336 3.34127 7.61133e-05 5534.9 3.34127 7.61133e-05 5534.9 
6.1 3.00514 -0.0577695 5532.23 0.0154654 -8.09169e-18 -1.95833e-16 10.6828 0 0 2.25147e-07 1.05846e-14 2.28883e-06 0.0256885 -4.49969 -0.139179 4.87302 3.36195 -0.0502542 5534.23 3.36195 -0.0502542 5534.23 
6.2 3.10692 -2.89558e-05 5530.87 0.0142261 -7.85227e-18 -1.87823e-16 10.6828 0 0 2.25077e-07 -1.72205e-14 2.29139e-06 5.39198e-05 -2.53516 -0.000377944 4.87259 3.45346 -6.66426e-05 5532.91 3.45346 -6.66426e-05 5532.91 
6.3 3.13506 -7.08577e-05 5529.83 0.0128988 -7.13389e-18 -1.78847e-16 10.6828 0 0 2.24928e-07 -2.1598e-14 2.29477e-06 3.36902e-05 -0.367997 -0.000325044 4.87201 3.48682 -7.4814e-05 5531.89 3.48682 -7.4814e-05 5531.89 
6.4 3.15883 -0.000110389 5529.04 0.0115741 -6.71801e-18 -1.69414e-16 10.6828 0 0 2.24699e-07 9.77751e-16 2.30399e-06 3.12607e-05 2.33422 -0.000340587 4.87147 3.52037 -0.000110902 5531.08 3.52037 -0.000110902 5531.08 
6.5 3.15463 -0.000155213 5529.42 0.0112221 -6.21867e-18 -1.66818e-16 10.6828 0 0 2.24733e-07 1.27161e-14 2.30022e-06 3.78901e-05 2.86235 -0.000378772 4.87169 3.52771 -0.000155836 5531.41 3.52771 -0.000155836 5531.41 
6.6 3.10673 -0.00019549 5530.24 0.0112351 -6.31376e-18 -1.66914e-16 10.6828 0 0 2.24941e-07 1.58583e-14 2.28909e-06 4.38086e-05 2.418 -0.000404248 4.87255 3.48924 -0.000195773 5532.19 3.48924 -0.000195773 5532.19 
6.7 3.04131 -0.000220508 5531.93 0.0118116 -6.51155e-18 -1.71144e-16 10.6828 0 0 2.25211e-07 9.02136e-15 2.28796e-06 4.45974e-05 1.01058 -0.000392701 4.87383 3.42843 -0.000220138 5533.85 3.42843 -0.000220138 5533.85 
6.8 2.97743 -0.000235844 5532.53 0.0123143 -6.72659e-18 -1.74747e-16 10.6828 0 0 2.25327e-07 7.29205e-15 2.28923e-06 4.29123e-05 -0.390533 -0.000361729 4.87434 3.36408 -0.000234949 5534.44 3.36408 -0.000234949 5534.44 
6.9 2.92268 -0.00024305 5533.11 0.0128047 -7.02308e-18 -1.78193e-16 10.6828 0 0 2.25403e-07 5.9927e-15 2.28756e-06 4.01995e-05 -1.44178 -0.000318254 4.87448 3.30489 -0.0002418 5535.04 3.30489 -0.0002418 5535.04 
7 2.86334 -0.000241277 5533.06 0.012941 -7.24487e-18 -1.79138e-16 10.6828 0 0 2.25406e-07 4.77072e-15 2.28731e-06 3.60156e-05 -1.8501 -0.000261638 4.87428 3.23912 -0.000239729 5535.02 3.23912 -0.000239729 5535.02 
7.1 2.72128 -0.0586573 5532.55 0.0127568 -7.24742e-18 -1.77859e-16 10.6828 0 0 2.25419e-07 -4.93592e-15 2.28877e-06 0.0258935 -2.54139 -0.139847 4.87394 3.10613 -0.0507602 5534.54 3.10613 -0.0507602 5534.54 
7.2 2.71181 -0.000215989 5532.21 0.0121962 -6.57895e-18 -1.73907e-16 10.6828 0 0 2.25296e-07 -2.82741e-14 2.29027e-06 6.33097e-05 -1.43345 -0.000234184 4.87351 3.08334 -0.000255676 5534.23 3.08334 -0.000255676 5534.23 
7.3 2.61517 -0.000185212 5531.74 0.0113927 -6.69726e-18 -1.68081e-16 10.6828 0 0 2.25094e-07 -3.28079e-14 2.29264e-06 2.35012e-05 -0.249952 -3.6362e-05 4.87313 2.98471 -0.00018672 5533.78 2.98471 -0.00018672 5533.78 
7.4 2.52618 -0.000154778 5531.56 0.0106488 -6.17022e-18 -1.62501e-16 10.6828 0 0 2.24925e-07 -2.24897e-14 2.29474e-06 9.70068e-06 0.809105 5.70889e-05 4.87297 2.89514 -0.000152914 5533.6 2.89514 -0.000152914 5533.6 
7.5 2.4482 -0.000135291 5531.47 0.00990803 -5.89412e-18 -1.56747e-16 10.6828 0 0 2.24759e-07 -8.12719e-16 2.29648e-06 6.98687e-06 2.01837 9.8965e-05 4.87287 2.818 -0.000134032 5533.49 2.818 -0.000134032 5533.49 
7.6 2.39574 -0.000109405 5531.52 0.00938961 -5.54847e-18 -1.52591e-16 10.6828 0 0 2.24605e-07 3.75944e-16 2.2979e-06 3.82139e-06 2.94086 0.000146115 4.87276 2.76642 -0.000108514 5533.49 2.76642 -0.000108514 5533.49 
7.7 2.36912 -7.70326e-05 5531.68 0.0091804 -5.70125e-18 -1.50882e-16 10.6828 0 0 2.24495e-07 -2.91718e-15 2.29946e-06 -1.41921e-06 3.26433 0.000199205 4.87264 2.74014 -7.60853e-05 5533.61 2.74014 -7.60853e-05 5533.61 
7.8 2.36516 -3.9059e-05 5531.88 0.00929168 -5.46013e-18 -1.51793e-16 10.6828 0 0 2.24477e-07 -4.82176e-15 2.29954e-06 -7.76816e-06 2.81201 0.000254859 4.87261 2.73584 -3.82254e-05 5533.75 2.73584 -3.82254e-05 5533.75 
7.9 2.37293 -3.35119e-06 5532.07 0.00962473 -5.77528e-18 -1.5449e-16 10.6828 0 0 2.24543e-07 -3.18133e-15 2.29754e-06 -1.26351e-05 1.73559 0.00029521 4.87265 2.74226 -2.69854e-06 5533.91 2.74226 -2.69854e-06 5533.91 
8 2.39157 3.30145e-05 5532.16 0.0100564 -5.93936e-18 -1.57916e-16 10.6828 0 0 2.2466e-07 -3.33571e-15 2.29579e-06 -1.70782e-05 0.334222 0.000328347 4.87271 2.75876 3.34201e-05 5533.98 2.75876 3.34201e-05 5533.98 
8.1 2.35666 -0.0469172 5532.1 0.0104662 -6.12195e-18 -1.61102e-16 10.6828 0 0 2.24733e-07 -1.39598e-16 2.29349e-06 0.021361 -0.877648 -0.113305 4.87273 2.72669 -0.0410399 5533.92 2.72669 -0.0410399 5533.92 
8.2 2.4537 9.20054e-05 5531.67 0.0108496 -6.11002e-18 -1.64026e-16 10.6828 0 0 2.24854e-07 -2.76426e-14 2.292e-06 4.43654e-06 -2.19928 0.000238049 4.87251 2.81239 6.93557e-05 5533.52 2.81239 6.93557e-05 5533.52 
8.3 2.49897 0.000196795 5531.04 0.0109911 -6.13069e-18 -1.65092e-16 10.6828 0 0 2.24882e-07 -3.51954e-14 2.29199e-06 -3.57492e-05 -2.83513 0.000418617 4.87217 2.85853 0.000184225 5532.93 2.85853 0.000184225 5532.93 
8.4 2.53896 0.000251298 5530.68 0.0109156 -5.85339e-18 -1.64524e-16 10.6828 0 0 2.24874e-07 -1.29216e-14 2.29289e-06 -4.97919e-05 -2.69027 0.00045853 4.872 2.90177 0.000251191 5532.61 2.90177 0.000251191 5532.61 
8.5 2.55952 0.000307177 5530.47 0.0107117 -5.83588e-18 -1.6298e-16 10.6828 0 0 2.24865e-07 7.08751e-15 2.29364e-06 -5.42244e-05 -2.18922 0.000444972 4.87201 2.92767 0.000306278 5532.43 2.92767 0.000306278 5532.43 
8.6 2.56398 0.000371065 5530.47 0.0104335 -6.29523e-18 -1.6085e-16 10.6828 0 0 2.2485e-07 5.43708e-15 2.2943e-06 -5.93405e-05 -1.35729 0.000435821 4.87219 2.93832 0.000369669 5532.45 2.93832 0.000369669 5532.45 
8.7 2.56303 0.000441643 5530.7 0.0101835 -6.07248e-18 -1.58911e-16 10.6828 0 0 2.24821e-07 5.29437e-16 2.29496e-06 -6.74036e-05 -0.329315 0.000433086 4.87245 2.94314 0.000440167 5532.69 2.94314 0.000440167 5532.69 
8.8 2.56766 0.000509433 5530.97 0.010048 -5.72153e-18 -1.5785e-16 10.6828 0 0 2.24776e-07 -4.68772e-16 2.29617e-06 -7.4562e-05 0.709409 0.000416309 4.87265 2.95247 0.000507727 5532.96 2.95247 0.000507727 5532.96 
8.9 2.58191 0.000568968 5531.28 0.0100653 -6.16322e-18 -1.57986e-16 10.6828 0 0 2.24722e-07 -6.99716e-16 2.2977e-06 -7.97429e-05 1.68502 0.00038036 4.87278 2.96989 0.000566967 5533.24 2.96989 0.000566967 5533.24 
9 2.60663 0.000616931 5531.74 0.0103138 -6.29356e-18 -1.59925e-16 10.6828 0 0 2.24684e-07 -1.0586e-15 2.29812e-06 -8.27821e-05 2.34568 0.000327069 4.87286 2.99604 0.000614675 5533.67 2.99604 0.000614675 5533.67 
9.1 2.56915 -0.0437886 5531.9 0.0107597 -6.0717e-18 -1.63345e-16 10.6828 0 0 2.24698e-07 -4.15534e-15 2.29891e-06 0.0203483 2.23857 -0.107903 4.87292 2.96935 -0.0384811 5533.78 2.96935 -0.0384811 5533.78 
9.2 2.67213 0.000641546 5532.64 0.0116087 -6.23141e-18 -1.69667e-16 10.6828 0 0 2.24766e-07 -2.39306e-14 2.29784e-06 -5.65145e-05 1.54139 7.38895e-05 4.87295 3.05985 0.000623886 5534.49 3.05985 0.000623886 5534.49 
9.3 2.71608 0.000663097 5533.02 0.0125774 -6.70262e-18 -1.76605e-16 10.6828 0 0 2.24876e-07 -2.53585e-14 2.29588e-06 -8.02164e-05 0.191282 7.43592e-05 4.87305 3.10012 0.000657724 5534.85 3.10012 0.000657724 5534.85 
9.4 2.76097 0.000632446 5532.92 0.0132981 -7.32772e-18 -1.81594e-16 10.6828 0 0 2.2497e-07 -1.20408e-14 2.29337e-06 -7.58244e-05 -0.832989 -3.79788e-05 4.87309 3.1403 0.000629773 5534.75 3.1403 0.000629773 5534.75 
9.5 2.80006 0.000584478 5532.7 0.0137946 -8.13511e-18 -1.84952e-16 10.6828 0 0 2.25035e-07 1.92206e-15 2.29244e-06 -6.42415e-05 -1.58495 -0.000168868 4.87306 3.17433 0.000580911 5534.55 3.17433 0.000580911 5534.55 
9.6 2.82969 0.000529793 5532.47 0.0141072 -7.57826e-18 -1.87037e-16 10.6828 0 0 2.25082e-07 4.56801e-15 2.29111e-06 -5.18399e-05 -2.25907 -0.000286086 4.87299 3.19929 0.000525851 5534.34 3.19929 0.000525851 5534.34 
9.7 2.84218 0.00047931 5532.01 0.0140311 -7.20592e-18 -1.86531e-16 10.6828 0 0 2.25086e-07 5.22541e-16 2.29149e-06 -4.31178e-05 -2.45565 -0.0003761 4.87289 3.20815 0.0004756 5533.93 3.20815 0.0004756 5533.93 
9.8 2.83413 0.000436996 5531.43 0.01351 -7.15476e-18 -1.83034e-16 10.6828 0 0 2.25044e-07 -3.59821e-16 2.29141e-06 -3.66431e-05 -1.91655 -0.000437096 4.8728 3.19786 0.000433432 5533.39 3.19786 0.000433432 5533.39 
9.9 2.80811 0.000406513 5531.38 0.0129802 -6.75526e-18 -1.7941e-16 10.6828 0 0 2.25012e-07 -1.2153e-15 2.29074e-06 -3.2194e-05 -1.48298 -0.000471133 4.87277 3.17103 0.000403132 5533.38 3.17103 0.000403132 5533.38 
10 2.7632 0.000395762 5530.99 0.0120473 -7.03078e-18 -1.72843e-16 10.6828 0 0 2.24932e-07 -2.01715e-15 2.29214e-06 -3.17513e-05 -0.28494 -0.000471614 4.87277 3.12652 0.000392695 5533.01 3.12652 0.000392695 5533.01 
10.1 2.64424 -0.0483495 5531.19 0.0114623 -6.26923e-18 -1.68594e-16 10.6828 0 0 2.2489e-07 8.95025e-16 2.29254e-06 0.0221778 -0.182257 -0.118822 4.87281 3.01684 -0.0424245 5533.23 3.01684 -0.0424245 5533.23 
10.2 2.64717 0.000433548 5531.11 0.0106364 -6.057e-18 -1.62407e-16 10.6828 0 0 2.24843e-07 -2.34603e-14 2.29324e-06 -2.99925e-06 1.0488 -0.000486923 4.87287 3.0128 0.000401616 5533.11 3.0128 0.000401616 5533.11 
10.3 2.59407 0.000532149 5531.27 0.01013 -5.7116e-18 -1.58493e-16 10.6828 0 0 2.24809e-07 -4.33777e-14 2.29389e-06 -5.38193e-05 1.44838 -0.000236356 4.87294 2.961 0.000527302 5533.26 2.961 0.000527302 5533.26 
10.4 2.55348 0.000613546 5531.49 0.00979013 -5.65178e-18 -1.55812e-16 10.6828 0 0 2.24791e-07 -1.56482e-14 2.29461e-06 -7.03458e-05 1.63491 -0.00013883 4.87302 2.92137 0.000610386 5533.46 2.92137 0.000610386 5533.46 
10.5 2.52325 0.000725155 5531.56 0.00955249 -5.76617e-18 -1.53909e-16 10.6828 0 0 2.24793e-07 6.22422e-16 2.29492e-06 -8.81641e-05 1.68252 -2.07991e-05 4.87308 2.89152 0.000722046 5533.51 2.89152 0.000722046 5533.51 
10.6 2.50707 0.000863598 5531.74 0.00951563 -5.70797e-18 -1.53612e-16 10.6828 0 0 2.24808e-07 2.97771e-15 2.29511e-06 -0.000108845 1.36527 0.000114675 4.87308 2.8751 0.000860498 5533.66 2.8751 0.000860498 5533.66 
10.7 2.50499 0.00103108 5531.84 0.00956927 -5.53291e-18 -1.54044e-16 10.6828 0 0 2.24831e-07 -2.18424e-15 2.29538e-06 -0.000135204 0.94422 0.000271715 4.87306 2.87241 0.00102791 5533.75 2.87241 0.00102791 5533.75 
10.8 2.51588 0.001221 5531.78 0.00970712 -5.74285e-18 -1.5515e-16 10.6828 0 0 2.24866e-07 -7.03437e-15 2.29527e-06 -0.000163414 0.357206 0.000429842 4.873 2.88265 0.00121764 5533.67 2.88265 0.00121764 5533.67 
10.9 2.53651 0.00143608 5531.68 0.00985039 -5.73626e-18 -1.5629e-16 10.6828 0 0 2.24889e-07 -8.01026e-15 2.29534e-06 -0.00019572 -0.115279 0.000594438 4.8729 2.90297 0.00143209 5533.57 2.90297 0.00143209 5533.57 
11 2.56596 0.00166535 5531.51 0.0099938 -5.97214e-18 -1.57424e-16 10.6828 0 0 2.24901e-07 -8.54966e-15 2.29557e-06 -0.000227818 -0.479453 0.000740499 4.87277 2.93281 0.00166067 5533.4 2.93281 0.00166067 5533.4 
11.1 2.53281 -0.0437228 5531.3 0.0101095 -6.00218e-18 -1.58333e-16 10.6828 0 0 2.24899e-07 -1.85894e-14 2.29583e-06 0.02065 -0.83083 -0.110107 4.87265 2.90926 -0.0382442 5533.19 2.90926 -0.0382442 5533.19 
11.2 2.62886 0.00212974 5531.14 0.01028 -5.94162e-18 -1.59662e-16 10.6828 0 0 2.24906e-07 -2.86349e-14 2.2959e-06 -0.000269769 -0.929683 0.00084563 4.8725 2.99821 0.00210468 5533.04 2.99821 0.00210468 5533.04 
11.3 2.66572 0.00240577 5531.02 0.0104008 -6.13848e-18 -1.60598e-16 10.6828 0 0 2.24894e-07 -3.88869e-14 2.29624e-06 -0.000330255 -0.799348 0.00101788 4.87242 3.03823 0.00239138 5532.93 3.03823 0.00239138 5532.93 
11.4 2.7042 0.00264483 5530.99 0.0105772 -6.15532e-18 -1.61954e-16 10.6828 0 0 2.24867e-07 -4.10511e-14 2.29665e-06 -0.000364157 -0.604983 0.00107656 4.87238 3.08052 0.00263686 5532.9 3.08052 0.00263686 5532.9 
11.5 2.73803 0.00286938 5531.11 0.0107827 -6.17203e-18 -1.6352e-16 10.6828 0 0 2.24846e-07 -2.15264e-14 2.29687e-06 -0.000390746 -0.303834 0.00107368 4.87239 3.1183 0.00285941 5533.03 3.1183 0.00285941 5533.03 
11.6 2.76755 0.00305603 5531.3 0.0110605 -6.26682e-18 -1.65613e-16 10.6828 0 0 2.24834e-07 -1.29398e-14 2.29678e-06 -0.000405042 -0.036308 0.00099518 4.87245 3.15127 0.00304517 5533.22 3.15127 0.00304517 5533.22 
11.7 2.79183 0.00321173 5531.49 0.0113962 -6.52846e-18 -1.68107e-16 10.6828 0 0 2.24832e-07 -1.4736e-14 2.29649e-06 -0.000412272 0.150483 0.00087013 4.87253 3.17809 0.00319571 5533.39 3.17809 0.00319571 5533.39 
11.8 2.81031 0.00332666 5532.35 0.0119692 -6.67125e-18 -1.72281e-16 10.6828 0 0 2.24847e-07 -1.51622e-14 2.29556e-06 -0.000418259 -0.0280238 0.000726729 4.87267 3.19782 0.00331358 5534.26 3.19782 0.00331358 5534.26 
11.9 2.81925 0.00339266 5532.34 0.0123378 -7.03907e-18 -1.74914e-16 10.6828 0 0 2.24865e-07 -1.34034e-14 2.2951e-06 -0.000415264 -0.0748082 0.000523603 4.87275 3.20657 0.00337948 5534.24 3.20657 0.00337948 5534.24 
12 2.81953 0.00340295 5532.24 0.0126657 -6.89184e-18 -1.77223e-16 10.6828 0 0 2.24887e-07 -1.15859e-14 2.29443e-06 -0.000401385 -0.209379 0.000264498 4.87281 3.20523 0.00338845 5534.13 3.20523 0.00338845 5534.13 
12.1 2.74099 -0.047378 5532.32 0.0129833 -6.99187e-18 -1.79431e-16 10.6828 0 0 2.24911e-07 3.94279e-15 2.29348e-06 0.0224643 -0.718131 -0.122332 4.87288 3.13297 -0.0409046 5534.22 3.13297 -0.0409046 5534.22 
12.2 2.78374 0.00319522 5532.48 0.0132289 -7.21046e-18 -1.81121e-16 10.6828 0 0 2.2495e-07 -1.93758e-14 2.29234e-06 -0.000352341 -0.978269 -0.000409425 4.87288 3.16161 0.00322087 5534.39 3.16161 0.00322087 5534.39 
12.3 2.75113 0.00307019 5532.42 0.0131997 -7.61433e-18 -1.8092e-16 10.6828 0 0 2.24963e-07 -3.24582e-14 2.2918e-06 -0.000309872 -1.14808 -0.000807125 4.8729 3.12485 0.00304805 5534.36 3.12485 0.00304805 5534.36 
12.4 2.70894 0.00284479 5532.27 0.0129847 -7.02225e-18 -1.79441e-16 10.6828 0 0 2.24959e-07 2.09263e-15 2.2914e-06 -0.000266839 -1.23369 -0.00121144 4.87293 3.07869 0.00282757 5534.24 3.07869 0.00282757 5534.24 
12.5 2.65251 0.0025721 5531.94 0.0123937 -6.46488e-18 -1.7531e-16 10.6828 0 0 2.24935e-07 2.34022e-14 2.2911e-06 -0.000224388 -0.764893 -0.00162771 4.87296 3.01863 0.00255456 5533.93 3.01863 0.00255456 5533.93 
12.6 2.58843 0.00223909 5531.92 0.0118557 -6.66477e-18 -1.71463e-16 10.6828 0 0 2.24908e-07 3.0067e-14 2.29112e-06 -0.000160047 -0.635221 -0.00209179 4.87298 2.95149 0.002219 5533.93 2.95149 0.002219 5533.93 
12.7 2.51704 0.0018488 5531.46 0.0109245 -6.6703e-18 -1.64591e-16 10.6828 0 0 2.24853e-07 2.73749e-14 2.29163e-06 -9.29977e-05 0.272221 -0.00255555 4.87302 2.87779 0.00182956 5533.48 2.87779 0.00182956 5533.48 
12.8 2.44692 0.00141678 5531.55 0.0102842 -5.77082e-18 -1.59695e-16 10.6828 0 0 2.24815e-07 2.71841e-14 2.29219e-06 -2.14974e-05 0.490132 -0.00298806 4.87304 2.80627 0.00139953 5533.58 2.80627 0.00139953 5533.58 
12.9 2.38113 0.000930685 5531.36 0.0095237 -5.40967e-18 -1.53677e-16 10.6828 0 0 2.24766e-07 2.93429e-14 2.29304e-06 5.19364e-05 1.0798 -0.0033993 4.87303 2.74011 0.000915503 5533.38 2.74011 0.000915503 5533.38 
13 2.32717 0.000391003 5531.12 0.00886227 -5.50862e-18 -1.48244e-16 10.6828 0 0 2.24723e-07 3.06333e-14 2.29399e-06 0.000128923 1.62041 -0.00377977 4.873 2.6868 0.00037842 5533.13 2.6868 0.00037842 5533.13 
13.1 2.22871 -0.0456963 5531.05 0.00849566 -5.27406e-18 -1.45146e-16 10.6828 0 0 2.24711e-07 6.61973e-14 2.29472e-06 0.0212066 1.50105 -0.115023 4.87294 2.60002 -0.040338 5533.03 2.60002 -0.040338 5533.03 
13.2 2.2781 -0.00109204 5531.09 0.00831359 -5.04863e-18 -1.43582e-16 10.6828 0 0 2.24711e-07 1.8037e-13 2.29563e-06 0.000338901 1.70745 -0.00483285 4.87285 2.64529 -0.00100094 5533.02 2.64529 -0.00100094 5533.02 
13.3 2.27477 -0.00161192 5531.08 0.00838438 -5.27182e-18 -1.44192e-16 10.6828 0 0 2.24721e-07 3.90086e-14 2.29613e-06 0.000464137 1.00246 -0.00478919 4.87276 2.64973 -0.00155444 5532.94 2.64973 -0.00155444 5532.94 
13.4 2.338 -0.00212861 5531.05 0.00863745 -5.09922e-18 -1.46352e-16 10.6828 0 0 2.24737e-07 8.15002e-14 2.29635e-06 0.00046954 1.1856 -0.00464693 4.87275 2.71384 -0.00210978 5532.91 2.71384 -0.00210978 5532.91 
13.5 2.42237 -0.00275674 5531.01 0.00907401 -5.15511e-18 -1.50005e-16 10.6828 0 0 2.24758e-07 7.98124e-14 2.29681e-06 0.000548254 1.44402 -0.00467009 4.8727 2.80234 -0.00275089 5532.84 2.80234 -0.00275089 5532.84 
13.6 2.45397 -0.0033299 5531.53 0.00978083 -5.73975e-18 -1.55738e-16 10.6828 0 0 2.24802e-07 6.433e-14 2.29696e-06 0.000591994 -0.238939 -0.00450546 4.87265 2.84658 -0.00332449 5533.27 2.84658 -0.00332449 5533.27 
13.7 2.54838 -0.00385965 5531.55 0.0104832 -6.10753e-18 -1.61233e-16 10.6828 0 0 2.24843e-07 5.00803e-14 2.29646e-06 0.000640038 -0.385303 -0.00425217 4.87266 2.94487 -0.003846 5533.28 2.94487 -0.003846 5533.28 
13.8 2.65173 -0.004274 5531.77 0.011365 -6.3581e-18 -1.67877e-16 10.6828 0 0 2.24883e-07 4.46162e-14 2.29642e-06 0.00065721 -0.664971 -0.00382127 4.87266 3.05091 -0.00425617 5533.49 3.05091 -0.00425617 5533.49 
13.9 2.75003 -0.00456627 5531.71 0.0121118 -6.54379e-18 -1.73305e-16 10.6828 0 0 2.24906e-07 4.35463e-14 2.29642e-06 0.000655091 -0.632379 -0.00324658 4.87263 3.14911 -0.00454563 5533.45 3.14911 -0.00454563 5533.45 
14 2.84409 -0.00471461 5531.94 0.0130016 -7.07276e-18 -1.79558e-16 10.6828 0 0 2.24931e-07 3.97149e-14 2.29645e-06 0.000632226 -0.714487 -0.00253092 4.87262 3.24265 -0.0046916 5533.7 3.24265 -0.0046916 5533.7 
14.1 2.83278 -0.0500127 5532.02 0.0137173 -7.1091e-18 -1.84434e-16 10.6828 0 0 2.24945e-07 -1.33082e-15 2.29652e-06 0.0212387 -1.26837 -0.111197 4.87267 3.23779 -0.044301 5533.78 3.23779 -0.044301 5533.78 
14.2 2.9673 -0.00445907 5532.13 0.0145099 -8.00162e-18 -1.89687e-16 10.6828 0 0 2.24994e-07 -4.26307e-14 2.29545e-06 0.000561086 -1.18916 -0.000703307 4.87268 3.35659 -0.00449814 5533.95 3.35659 -0.00449814 5533.95 
14.3 2.99713 -0.00418823 5532.22 0.0150333 -7.87006e-18 -1.93078e-16 10.6828 0 0 2.25015e-07 -3.01605e-14 2.29508e-06 0.000468697 -1.51352 0.000295922 4.8727 3.38336 -0.00416951 5534.07 3.38336 -0.00416951 5534.07 
14.4 3.00857 -0.00371108 5532.37 0.0153878 -7.7497e-18 -1.95341e-16 10.6828 0 0 2.25026e-07 -2.91642e-14 2.29436e-06 0.000357935 -1.74038 0.00134385 4.87275 3.39169 -0.0036873 5534.25 3.39169 -0.0036873 5534.25 
14.5 2.99504 -0.00310466 5532.34 0.0154053 -7.89077e-18 -1.95452e-16 10.6828 0 0 2.25024e-07 -1.95714e-14 2.29386e-06 0.000243202 -1.66888 0.00234184 4.87278 3.37476 -0.00308364 5534.25 3.37476 -0.00308364 5534.25 
14.6 2.95835 -0.00239209 5532.2 0.0150663 -7.89174e-18 -1.9329e-16 10.6828 0 0 2.24997e-07 -1.85183e-14 2.29328e-06 0.000124866 -1.18943 0.00328471 4.8728 3.33442 -0.00237383 5534.15 3.33442 -0.00237383 5534.15 
14.7 2.90013 -0.00158675 5532.03 0.0145564 -7.99997e-18 -1.89991e-16 10.6828 0 0 2.24958e-07 -2.26724e-14 2.29317e-06 -4.14152e-06 -0.773251 0.00414004 4.87281 3.27269 -0.00157244 5534.01 3.27269 -0.00157244 5534.01 
14.8 2.82322 -0.000722912 5531.99 0.013974 -7.36234e-18 -1.86151e-16 10.6828 0 0 2.24922e-07 -2.42799e-14 2.293e-06 -0.000135633 -0.549751 0.00487064 4.87284 3.19255 -0.000712858 5533.98 3.19255 -0.000712858 5533.98 
14.9 2.73084 0.000162208 5531.72 0.0130395 -7.13459e-18 -1.79819e-16 10.6828 0 0 2.24871e-07 -2.33935e-14 2.29282e-06 -0.000251507 0.264877 0.00541687 4.87288 3.09732 0.000166835 5533.73 3.09732 0.000166835 5533.73 
15 2.63199 0.00103275 5531.71 0.0122698 -6.94062e-18 -1.74431e-16 10.6828 0 0 2.24832e-07 -2.14244e-14 2.29275e-06 -0.000360306 0.528002 0.00576831 4.87292 2.9961 0.00103142 5533.73 2.9961 0.00103142 5533.73 
15.1 2.46694 -0.0489201 5531.66 0.0115148 -6.39498e-18 -1.68979e-16 10.6828 0 0 2.24801e-07 -4.34729e-14 2.29277e-06 0.0224044 0.43693 -0.116771 4.87294 2.83825 -0.0425241 5533.69 2.83825 -0.0425241 5533.69 
15.2 2.43879 0.0026175 5531.58 0.0107801 -6.02452e-18 -1.635e-16 10.6828 0 0 2.24783e-07 -8.84882e-14 2.29256e-06 -0.000564136 0.873838 0.00569679 4.87295 2.80038 0.00255786 5533.58 2.80038 0.00255786 5533.58 
15.3 2.36609 0.00326751 5531.51 0.0101877 -6.05596e-18 -1.58944e-16 10.6828 0 0 2.24764e-07 -5.47615e-14 2.29263e-06 -0.000652908 0.980435 0.00554498 4.87296 2.727 0.00324681 5533.51 2.727 0.00324681 5533.51 
15.4 2.30584 0.00376743 5531.44 0.00968262 -5.5975e-18 -1.54954e-16 10.6828 0 0 2.24747e-07 -4.29082e-14 2.2928e-06 -0.000673175 0.999275 0.00501426 4.87297 2.66678 0.00374085 5533.43 2.66678 0.00374085 5533.43 
15.5 2.2671 0.00412538 5531.37 0.00930222 -5.43356e-18 -1.51879e-16 10.6828 0 0 2.24739e-07 -1.69945e-14 2.29303e-06 -0.0006708 1.01706 0.00430268 4.87297 2.62861 0.00409552 5533.35 2.62861 0.00409552 5533.35 
15.6 2.2486 0.00433213 5531.18 0.00902143 -5.32411e-18 -1.4957e-16 10.6828 0 0 2.24735e-07 -6.28057e-15 2.29348e-06 -0.00064511 1.0228 0.00343795 4.87296 2.61115 0.00429746 5533.14 2.61115 0.00429746 5533.14 
15.7 2.24985 0.00440033 5531.24 0.00892596 -5.19223e-18 -1.48776e-16 10.6828 0 0 2.24738e-07 -5.31546e-15 2.29388e-06 -0.000600875 0.89346 0.00247747 4.87295 2.61385 0.00436284 5533.18 2.61385 0.00436284 5533.18 
15.8 2.26977 0.00432465 5531.33 0.00893679 -5.45026e-18 -1.48866e-16 10.6828 0 0 2.24747e-07 -1.64322e-15 2.2942e-06 -0.00053773 0.799968 0.00144441 4.87293 2.63552 0.00428519 5533.25 2.63552 0.00428519 5533.25 
15.9 2.30648 0.00411495 5531.37 0.00906019 -5.35664e-18 -1.49891e-16 10.6828 0 0 2.24759e-07 2.59087e-15 2.29474e-06 -0.000460494 0.655843 0.000372321 4.8729 2.67423 0.00407434 5533.28 2.67423 0.00407434 5533.28 
16 2.35895 0.0037866 5531.38 0.00928552 -5.47107e-18 -1.51743e-16 10.6828 0 0 2.24774e-07 5.95062e-15 2.29528e-06 -0.000371758 0.526945 -0.000701699 4.87286 2.72885 0.00374598 5533.27 2.72885 0.00374598 5533.27 
16.1 2.35845 -0.0415041 5531.3 0.00960418 -5.63234e-18 -1.54325e-16 10.6828 0 0 2.24797e-07 5.93076e-14 2.29565e-06 0.0203878 0.205283 -0.111055 4.87282 2.74022 -0.0362155 5533.17 2.74022 -0.0362155 5533.17 
16.2 2.49295 0.0027729 5531.45 0.0101079 -5.8097e-18 -1.58321e-16 10.6828 0 0 2.24837e-07 8.91312e-14 2.29587e-06 -0.000119859 -0.0996779 -0.00299132 4.87274 2.86729 0.00273536 5533.31 2.86729 0.00273536 5533.31 
16.3 2.5681 0.00231286 5531.47 0.0105931 -6.46303e-18 -1.62075e-16 10.6828 0 0 2.24862e-07 -1.51938e-14 2.29614e-06 -3.0966e-05 -0.42087 -0.00369726 4.87269 2.94446 0.00228537 5533.33 2.94446 0.00228537 5533.33 
16.4 2.66184 0.00187596 5531.62 0.0112356 -6.51316e-18 -1.66918e-16 10.6828 0 0 2.24891e-07 4.44318e-14 2.29631e-06 -1.52723e-05 -0.674836 -0.00420464 4.8727 3.04022 0.00184834 5533.47 3.04022 0.00184834 5533.47 
16.5 2.7437 0.0013794 5531.54 0.0116915 -6.43413e-18 -1.70271e-16 10.6828 0 0 2.24909e-07 5.64809e-14 2.29639e-06 5.99927e-05 -0.49505 -0.00477998 4.87269 3.12545 0.00135379 5533.38 3.12545 0.00135379 5533.38 
16.6 2.81615 0.000941831 5531.71 0.0122699 -6.65421e-18 -1.74432e-16 10.6828 0 0 2.24931e-07 5.17958e-14 2.29636e-06 0.000118568 -0.669884 -0.00518611 4.87268 3.20061 0.000919788 5533.55 3.20061 0.000919788 5533.55 
16.7 2.88635 0.000579843 5531.68 0.012723 -6.74607e-18 -1.77624e-16 10.6828 0 0 2.24944e-07 4.34599e-14 2.29634e-06 0.000158424 -0.379602 -0.0054175 4.87269 3.27391 0.000561607 5533.5 3.27391 0.000561607 5533.5 
16.8 2.87441 0.000301959 5532.34 0.013242 -7.35728e-18 -1.8121e-16 10.6828 0 0 2.24957e-07 3.49173e-14 2.29578e-06 0.000180819 -1.94055 -0.00549525 4.87271 3.27272 0.000288102 5534.09 3.27272 0.000288102 5534.09 
16.9 2.97099 0.000127967 5531.67 0.0134015 -7.63002e-18 -1.82298e-16 10.6828 0 0 2.24962e-07 2.98655e-14 2.29599e-06 0.000184079 0.204484 -0.00540441 4.87269 3.37186 0.000117727 5533.41 3.37186 0.000117727 5533.41 
17 2.98898 7.87044e-05 5531.65 0.0136144 -7.0758e-18 -1.83741e-16 10.6828 0 0 2.24934e-07 2.25721e-14 2.29618e-06 0.000167661 0.101385 -0.00515591 4.87263 3.37758 7.21224e-05 5533.5 3.37758 7.21224e-05 5533.5 
17.1 2.92895 -0.0457207 5531.66 0.0138602 -7.38265e-18 -1.85392e-16 10.6828 0 0 2.24922e-07 -2.81783e-14 2.29588e-06 0.0210909 -0.0150481 -0.115986 4.87266 3.32368 -0.040099 5533.52 3.32368 -0.040099 5533.52 
17.2 2.98574 0.000271495 5531.98 0.0142209 -7.19142e-18 -1.87789e-16 10.6828 0 0 2.24957e-07 -5.9379e-14 2.29497e-06 0.000158088 -0.287981 -0.00436473 4.87269 3.36958 0.000256761 5533.85 3.36958 0.000256761 5533.85 
17.3 2.97158 0.000571876 5532.1 0.014489 -7.66828e-18 -1.8955e-16 10.6828 0 0 2.24977e-07 -6.77668e-14 2.29416e-06 6.70488e-05 -0.66803 -0.00363792 4.87274 3.35395 0.000568281 5533.99 3.35395 0.000568281 5533.99 
17.4 2.95171 0.000920311 5532.09 0.0146214 -7.85407e-18 -1.90414e-16 10.6828 0 0 2.24988e-07 -5.75455e-14 2.29351e-06 -1.16911e-05 -0.882642 -0.00292484 4.87279 3.3324 0.000925187 5533.98 3.3324 0.000925187 5533.98 
17.5 2.91964 0.00135589 5532.04 0.0146197 -7.73588e-18 -1.90404e-16 10.6828 0 0 2.2499e-07 -4.62103e-14 2.293e-06 -9.39866e-05 -1.01748 -0.00214801 4.87282 3.2983 0.001361 5533.96 3.2983 0.001361 5533.96 
17.6 2.87879 0.00179688 5532.05 0.0144283 -7.68125e-18 -1.89153e-16 10.6828 0 0 2.24978e-07 -4.5502e-14 2.29264e-06 -0.000166841 -0.879439 -0.00139182 4.87285 3.25517 0.00180305 5533.99 3.25517 0.00180305 5533.99 
17.7 2.82615 0.00227969 5531.99 0.014103 -7.84727e-18 -1.87008e-16 10.6828 0 0 2.2496e-07 -4.81883e-14 2.2924e-06 -0.000247705 -0.701785 -0.000585479 4.87288 3.20013 0.00228687 5533.95 3.20013 0.00228687 5533.95 
17.8 2.76356 0.00275761 5531.98 0.0136969 -7.56551e-18 -1.84296e-16 10.6828 0 0 2.24937e-07 -4.7961e-14 2.29235e-06 -0.000326103 -0.572191 0.000204266 4.87291 3.13511 0.00276525 5533.96 3.13511 0.00276525 5533.96 
17.9 2.69149 0.00318766 5531.85 0.0130299 -6.98983e-18 -1.79753e-16 10.6828 0 0 2.249e-07 -4.42609e-14 2.29245e-06 -0.000388364 -0.00520754 0.00092993 4.87295 3.06066 0.00319531 5533.84 3.06066 0.00319531 5533.84 
18 2.61591 0.00353818 5531.91 0.012475 -6.67034e-18 -1.75884e-16 10.6828 0 0 2.24874e-07 -3.98207e-14 2.29253e-06 -0.000439063 0.135898 0.00156187 4.87299 2.9828 0.00354535 5533.91 2.9828 0.00354535 5533.91 
18.1 2.47284 -0.0462756 5531.83 0.0118316 -6.49775e-18 -1.71288e-16 10.6828 0 0 2.24854e-07 -1.41085e-14 2.29263e-06 0.0221375 0.0998855 -0.118933 4.87303 2.84656 -0.0400045 5533.84 2.84656 -0.0400045 5533.84 
18.2 2.46457 0.00384167 5531.6 0.0111031 -6.29588e-18 -1.65931e-16 10.6828 0 0 2.24839e-07 -2.2345e-14 2.29269e-06 -0.000480108 0.735811 0.00229961 4.87304 2.82758 0.00382585 5533.59 2.82758 0.00382585 5533.59 
18.3 2.40516 0.00376978 5531.58 0.0105783 -6.14528e-18 -1.61962e-16 10.6828 0 0 2.24817e-07 -2.19302e-14 2.29311e-06 -0.000492858 0.751883 0.00257349 4.87304 2.76645 0.00376845 5533.57 2.76645 0.00376845 5533.57 
18.4 2.35835 0.00344404 5531.7 0.0101279 -6.06399e-18 -1.58477e-16 10.6828 0 0 2.248e-07 -6.14999e-16 2.29345e-06 -0.000440519 0.704769 0.00251332 4.87304 2.71845 0.00344671 5533.69 2.71845 0.00344671 5533.69 
18.5 2.32231 0.00288937 5531.59 0.00964421 -5.65519e-18 -1.54646e-16 10.6828 0 0 2.24786e-07 2.96715e-14 2.29384e-06 -0.000348735 0.800387 0.00219831 4.87303 2.68162 0.00289081 5533.56 2.68162 0.00289081 5533.56 
18.6 2.30101 0.00208298 5531.04 0.0091409 -5.40738e-18 -1.50557e-16 10.6828 0 0 2.24768e-07 4.69783e-14 2.2945e-06 -0.000232997 0.992813 0.00165213 4.87299 2.66001 0.00208487 5533.01 2.66001 0.00208487 5533.01 
18.7 2.29564 0.00107808 5531.25 0.00891526 -5.51774e-18 -1.48687e-16 10.6828 0 0 2.24759e-07 5.03719e-14 2.29502e-06 -7.81538e-05 0.865142 0.000932861 4.87295 2.6548 0.00107955 5533.2 2.6548 0.00107955 5533.2 
18.8 2.30361 -0.000116333 5531.43 0.00875256 -5.2077e-18 -1.47324e-16 10.6828 0 0 2.24754e-07 5.72116e-14 2.29541e-06 0.000100293 0.772439 5.99369e-05 4.87291 2.66349 -0.000112974 5533.37 2.66349 -0.000112974 5533.37 
18.9 2.32496 -0.00147798 5531.22 0.00863417 -5.21654e-18 -1.46324e-16 10.6828 0 0 2.24751e-07 6.4292e-14 2.29591e-06 0.000283817 0.634474 -0.000944102 4.87282 2.68614 -0.00147247 5533.15 2.68614 -0.00147247 5533.15 
19 2.29893 -0.052163 5531.22 0.00863126 -5.16815e-18 -1.46299e-16 10.6828 0 0 2.24755e-07 1.51841e-13 2.29626e-06 0.0230748 0.41667 -0.121018 4.87275 2.67114 -0.0460104 5533.13 2.67114 -0.0460104 5533.13 
19.1 2.39783 -0.00477361 5531.21 0.0087968 -5.31812e-18 -1.47696e-16 10.6828 0 0 2.2478e-07 1.84988e-13 2.29627e-06 0.000932178 0.0319809 -0.00373018 4.87265 2.76397 -0.0047078 5533.1 2.76397 -0.0047078 5533.1 
19.2 2.45931 -0.00591805 5531.18 0.0089986 -5.33229e-18 -1.4938e-16 10.6828 0 0 2.24793e-07 1.10163e-13 2.29637e-06 0.000920609 -0.00142238 -0.00398789 4.87259 2.82775 -0.00590121 5533.07 2.82775 -0.00590121 5533.07 
19.3 2.52005 -0.00722753 5531.19 0.00932867 -5.30471e-18 -1.52095e-16 10.6828 0 0 2.24807e-07 1.28715e-13 2.29644e-06 0.0010723 -0.393715 -0.0047754 4.87256 2.89125 -0.00720901 5533.07 2.89125 -0.00720901 5533.07 
19.4 2.58195 -0.0083528 5531.26 0.00970255 -5.74141e-18 -1.55113e-16 10.6828 0 0 2.24819e-07 1.38753e-13 2.29625e-06 0.00118238 -0.626062 -0.00532815 4.87252 2.95719 -0.00832891 5533.14 2.95719 -0.00832891 5533.14 
19.5 2.64667 -0.00917002 5531.2 0.0100081 -5.94686e-18 -1.57536e-16 10.6828 0 0 2.24831e-07 1.29981e-13 2.29684e-06 0.00124686 -0.310691 -0.00552292 4.8725 3.02771 -0.00915926 5533.06 3.02771 -0.00915926 5533.06 
19.6 2.68209 -0.00966364 5531.5 0.0104626 -6.10595e-18 -1.61074e-16 10.6828 0 0 2.24842e-07 1.07621e-13 2.29587e-06 0.00125555 -0.934966 -0.00540507 4.87251 3.06883 -0.00964808 5533.34 3.06883 -0.00964808 5533.34 
19.7 2.69373 -0.00978136 5531.68 0.0108039 -6.01263e-18 -1.6368e-16 10.6828 0 0 2.24851e-07 9.29443e-14 2.29585e-06 0.0012116 -1.46949 -0.00492633 4.87252 3.0915 -0.00976147 5533.46 3.0915 -0.00976147 5533.46 
19.8 2.79369 -0.00947833 5531.27 0.0110928 -6.31191e-18 -1.65854e-16 10.6828 0 0 2.24849e-07 7.90716e-14 2.29555e-06 0.00110926 0.430942 -0.00408095 4.87252 3.18816 -0.00945612 5533.09 3.18816 -0.00945612 5533.09 
19.9 2.81752 -0.00870655 5531.72 0.0115658 -6.41279e-18 -1.69353e-16 10.6828 0 0 2.24831e-07 6.00272e-14 2.29574e-06 0.000950378 0.241466 -0.00284707 4.87252 3.20721 -0.00868759 5533.6 3.20721 -0.00868759 5533.6 
20 2.77159 -0.0581057 5531.49 0.0119274 -6.48804e-18 -1.7198e-16 10.6828 0 0 2.24833e-07 -9.62091e-14 2.29534e-06 0.023694 0.258215 -0.123097 4.8726 3.1704 -0.0515619 5533.35 3.1704 -0.0515619 5533.35 
20.1 2.84349 -0.00622934 5531.76 0.0125141 -6.72415e-18 -1.76159e-16 10.6828 0 0 2.24882e-07 -9.30276e-14 2.29448e-06 0.000520887 -0.0188266 -4.95947e-05 4.87267 3.23312 -0.00615349 5533.62 3.23312 -0.00615349 5533.62 
20.2 2.85001 -0.00414108 5531.99 0.013101 -6.92634e-18 -1.80243e-16 10.6828 0 0 2.24918e-07 -1.72204e-13 2.29378e-06 0.000178107 -0.480558 0.00235611 4.87273 3.24052 -0.00406082 5533.84 3.24052 -0.00406082 5533.84 
20.3 2.84937 -0.00192465 5532.4 0.0136503 -7.10433e-18 -1.83983e-16 10.6828 0 0 2.24953e-07 -1.26614e-13 2.29312e-06 -8.53956e-05 -1.10157 0.00422719 4.87283 3.23848 -0.00191617 5534.26 3.23848 -0.00191617 5534.26 
20.4 2.82861 0.000431098 5532.33 0.0138704 -7.50875e-18 -1.8546e-16 10.6828 0 0 2.24969e-07 -1.09852e-13 2.29255e-06 -0.00042693 -1.28725 0.00612871 4.87286 3.22301 0.000445834 5534.15 3.22301 0.000445834 5534.15 
20.5 2.84073 0.00289899 5532.07 0.0139453 -7.28436e-18 -1.8596e-16 10.6828 0 0 2.24959e-07 -1.13346e-13 2.29263e-06 -0.000747543 -0.545896 0.00781644 4.87284 3.22651 0.00287843 5533.96 3.22651 0.00287843 5533.96 
20.6 2.813 0.00532 5532.12 0.0138946 -7.46722e-18 -1.85622e-16 10.6828 0 0 2.24941e-07 -1.24613e-13 2.29275e-06 -0.00103228 -0.373373 0.0092058 4.87287 3.19407 0.00528855 5534.04 3.19407 0.00528855 5534.04 
20.7 2.7775 0.007617 5532.11 0.0137332 -7.45823e-18 -1.84541e-16 10.6828 0 0 2.24935e-07 -1.21627e-13 2.29281e-06 -0.00128476 -0.135833 0.0102051 4.87295 3.156 0.00757564 5534.05 3.156 0.00757564 5534.05 
20.8 2.73162 0.00968169 5532.12 0.013501 -7.14337e-18 -1.82974e-16 10.6828 0 0 2.2493e-07 -1.1164e-13 2.29285e-06 -0.00148882 -0.0486746 0.0107131 4.87303 3.10736 0.00963075 5534.06 3.10736 0.00963075 5534.06 
20.9 2.68382 0.0114345 5532.11 0.0131937 -6.86717e-18 -1.80879e-16 10.6828 0 0 2.24926e-07 -9.65576e-14 2.29278e-06 -0.00163168 0.075228 0.0106898 4.87311 3.05664 0.0113746 5534.06 3.05664 0.0113746 5534.06 
21 2.57139 -0.0411089 5532.04 0.0128397 -7.03383e-18 -1.78436e-16 10.6828 0 0 2.24926e-07 -5.21076e-14 2.29289e-06 0.0223637 -0.142663 -0.119401 4.87315 2.95082 -0.0341242 5533.99 2.95082 -0.0341242 5533.99 
21.1 2.58621 0.0136622 5531.96 0.0124298 -7.00889e-18 -1.75565e-16 10.6828 0 0 2.24925e-07 -5.8894e-14 2.29302e-06 -0.00186414 0.136311 0.00875554 4.87312 2.95379 0.0135648 5533.91 2.95379 0.0135648 5533.91 
21.2 2.54583 0.0140715 5531.89 0.0120581 -6.5091e-18 -1.7292e-16 10.6828 0 0 2.24912e-07 -4.66864e-14 2.29338e-06 -0.00182543 0.100138 0.00718844 4.8731 2.91115 0.0139927 5533.85 2.91115 0.0139927 5533.85 
21.3 2.51285 0.0138541 5531.78 0.0116044 -6.68731e-18 -1.69636e-16 10.6828 0 0 2.24894e-07 -1.33355e-14 2.29378e-06 -0.00167523 0.248198 0.00496498 4.87308 2.87663 0.0137766 5533.74 2.87663 0.0137766 5533.74 
21.4 2.48312 0.0131546 5531.71 0.0111877 -6.42901e-18 -1.66562e-16 10.6828 0 0 2.24874e-07 2.07641e-14 2.29424e-06 -0.00146099 0.33328 0.00241927 4.87303 2.84599 0.0130772 5533.66 2.84599 0.0130772 5533.66 
21.5 2.46209 0.011929 5531.47 0.0107471 -5.99212e-18 -1.63249e-16 10.6828 0 0 2.24851e-07 3.86575e-14 2.29477e-06 -0.00119166 0.542357 -0.000451292 4.87298 2.82467 0.0118548 5533.43 2.82467 0.0118548 5533.43 
21.6 2.44948 0.0102664 5531.48 0.0104377 -5.93132e-18 -1.60882e-16 10.6828 0 0 2.24834e-07 4.51844e-14 2.29511e-06 -0.000872288 0.601965 -0.00343113 4.87295 2.81236 0.010199 5533.42 2.81236 0.010199 5533.42 
21.7 2.44497 0.00820371 5531.18 0.0101321 -6.01578e-18 -1.5851e-16 10.6828 0 0 2.24813e-07 5.18454e-14 2.29555e-06 -0.000544106 0.700722 -0.00638795 4.8729 2.80863 0.00814574 5533.12 2.80863 0.00814574 5533.12 
21.8 2.45089 0.00584138 5531.29 0.0100064 -6.14702e-18 -1.57523e-16 10.6828 0 0 2.24802e-07 5.25611e-14 2.29579e-06 -0.000174868 0.645989 -0.00920669 4.87286 2.81563 0.00579487 5533.22 2.81563 0.00579487 5533.22 
21.9 2.46696 0.00308022 5531.42 0.00995966 -5.80872e-18 -1.57155e-16 10.6828 0 0 2.24797e-07 4.96524e-14 2.29612e-06 0.000221655 0.568307 -0.0118477 4.87282 2.83303 0.0030473 5533.34 2.83303 0.0030473 5533.34 
22 2.42538 -0.0494686 5531.34 0.00998732 -5.8079e-18 -1.57373e-16 10.6828 0 0 2.24803e-07 1.57734e-13 2.29615e-06 0.0235075 0.283679 -0.134602 4.87278 2.80204 -0.0431459 5533.24 2.80204 -0.0431459 5533.24 
22.1 2.51043 -0.00230473 5531.46 0.0101496 -5.83191e-18 -1.58646e-16 10.6828 0 0 2.24822e-07 1.43427e-13 2.29593e-06 0.00119185 0.0107205 -0.0159063 4.87271 2.8795 -0.00231912 5533.35 2.8795 -0.00231912 5533.35 
22.2 2.54594 -0.00467769 5531.36 0.0103633 -6.02794e-18 -1.60308e-16 10.6828 0 0 2.24824e-07 1.03855e-13 2.29593e-06 0.00128758 -0.283906 -0.0162344 4.87263 2.91674 -0.00466715 5533.25 2.91674 -0.00466715 5533.25 
22.3 2.59699 -0.0068491 5531.48 0.0105937 -6.03598e-18 -1.6208e-16 10.6828 0 0 2.24825e-07 9.90955e-14 2.29587e-06 0.00146897 -0.287145 -0.0162841 4.87259 2.96937 -0.00682218 5533.37 2.96937 -0.00682218 5533.37 
22.4 2.63803 -0.00877759 5531.46 0.0108421 -6.39924e-18 -1.63969e-16 10.6828 0 0 2.24829e-07 1.03234e-13 2.29571e-06 0.00160522 -0.41849 -0.0157012 4.87256 3.01199 -0.00873797 5533.35 3.01199 -0.00873797 5533.35 
22.5 2.67617 -0.01027 5531.55 0.0111145 -5.98256e-18 -1.66017e-16 10.6828 0 0 2.2483e-07 8.56383e-14 2.29552e-06 0.0016672 -0.556221 -0.0143825 4.87254 3.0515 -0.0102188 5533.44 3.0515 -0.0102188 5533.44 
22.6 2.70977 -0.0112848 5531.56 0.0113024 -6.38453e-18 -1.67414e-16 10.6828 0 0 2.24831e-07 6.84489e-14 2.29535e-06 0.00165415 -0.455858 -0.0123938 4.87255 3.08622 -0.0112242 5533.46 3.08622 -0.0112242 5533.46 
22.7 2.73674 -0.0117833 5531.66 0.0115194 -6.49468e-18 -1.69013e-16 10.6828 0 0 2.24834e-07 5.08038e-14 2.29506e-06 0.00156985 -0.453541 -0.00984493 4.87258 3.11393 -0.0117158 5533.57 3.11393 -0.0117158 5533.57 
22.8 2.75602 -0.0117249 5531.69 0.0116745 -6.77782e-18 -1.70147e-16 10.6828 0 0 2.24838e-07 3.82653e-14 2.29481e-06 0.00140977 -0.375364 -0.00679614 4.8726 3.13355 -0.0116535 5533.6 3.13355 -0.0116535 5533.6 
22.9 2.768 -0.0111053 5531.8 0.0118212 -6.97079e-18 -1.71213e-16 10.6828 0 0 2.24843e-07 2.68262e-14 2.2945e-06 0.00119168 -0.340785 -0.00339109 4.87263 3.14549 -0.0110328 5533.71 3.14549 -0.0110328 5533.71 
23 2.70805 -0.0628804 5531.75 0.0118987 -6.4737e-18 -1.71773e-16 10.6828 0 0 2.24835e-07 -1.1481e-13 2.2942e-06 0.0248648 -0.397871 -0.126975 4.87268 3.09294 -0.055939 5533.66 3.09294 -0.055939 5533.66 
23.1 2.7602 -0.00874755 5531.88 0.0120134 -6.4968e-18 -1.72599e-16 10.6828 0 0 2.24866e-07 -1.03132e-13 2.29361e-06 0.000905524 -0.529743 0.00307689 4.87269 3.13506 -0.0086348 5533.79 3.13506 -0.0086348 5533.79 
23.2 2.75108 -0.00658614 5531.86 0.0120481 -6.46998e-18 -1.72848e-16 10.6828 0 0 2.24876e-07 -1.29138e-13 2.29338e-06 0.000408178 -0.654466 0.00698912 4.87269 3.12564 -0.00651367 5533.78 3.12564 -0.00651367 5533.78 
23.3 2.75011 -0.00427168 5531.78 0.0120056 -6.62857e-18 -1.72543e-16 10.6828 0 0 2.24883e-07 -1.09742e-13 2.29328e-06 -9.68589e-06 -0.393248 0.0102144 4.87272 3.12453 -0.00422131 5533.7 3.12453 -0.00422131 5533.7 
23.4 2.72905 -0.001868 5531.78 0.0118951 -6.31056e-18 -1.71747e-16 10.6828 0 0 2.24889e-07 -9.0094e-14 2.293e-06 -0.000337992 -0.45685 0.0127276 4.87276 3.103 -0.0018352 5533.71 3.103 -0.0018352 5533.71 
23.5 2.70958 0.000592056 5531.75 0.0117171 -6.66538e-18 -1.70457e-16 10.6828 0 0 2.24894e-07 -8.60617e-14 2.29308e-06 -0.000641362 -0.27097 0.0146312 4.87282 3.08284 0.000612081 5533.68 3.08284 0.000612081 5533.68 
23.6 2.64654 0.00303945 5531.97 0.0115013 -6.61747e-18 -1.6888e-16 10.6828 0 0 2.24898e-07 -8.46376e-14 2.29303e-06 -0.000926448 -0.914772 0.01589 4.87288 3.02851 0.00304019 5533.84 3.02851 0.00304019 5533.84 
23.7 2.82756 0.00531292 5530.72 0.0111684 -6.29277e-18 -1.66419e-16 10.6828 0 0 2.249e-07 -7.45668e-14 2.29294e-06 -0.00113699 5.84159 0.0162994 4.87294 3.23778 0.00529995 5532.33 3.23778 0.00529995 5532.33 
23.8 2.63022 0.00736434 5531.52 0.010785 -6.07957e-18 -1.63537e-16 10.6828 0 0 2.24869e-07 -5.59385e-14 2.29363e-06 -0.00131663 1.00543 0.0160013 4.87293 3.00705 0.00734279 5533.43 3.00705 0.00734279 5533.43 
23.9 2.60186 0.0090517 5531.52 0.010546 -6.30571e-18 -1.61714e-16 10.6828 0 0 2.24852e-07 -3.8256e-14 2.29424e-06 -0.00141772 1.11461 0.0148477 4.87295 2.97447 0.00901802 5533.45 2.97447 0.00901802 5533.45 
24 2.51238 -0.0401334 5531.49 0.0104355 -6.09314e-18 -1.60866e-16 10.6828 0 0 2.24876e-07 6.00083e-14 2.29425e-06 0.0212191 0.693956 -0.108505 4.87301 2.89511 -0.0336409 5533.41 2.89511 -0.0336409 5533.41 
24.1 2.54634 0.0108707 5531.7 0.0104631 -5.92294e-18 -1.61078e-16 10.6828 0 0 2.24917e-07 1.27043e-13 2.29393e-06 -0.00143539 0.260782 0.00971438 4.87306 2.91984 0.010866 5533.6 2.91984 0.010866 5533.6 
24.2 2.54307 0.0114826 5531.68 0.0105175 -6.07983e-18 -1.61496e-16 10.6828 0 0 2.24932e-07 4.61282e-15 2.29399e-06 -0.00155934 0.087441 0.00742139 4.87304 2.91758 0.0114909 5533.58 2.91758 0.0114909 5533.58 
24.3 2.54185 0.0113224 5531.64 0.0105563 -5.96815e-18 -1.61794e-16 10.6828 0 0 2.24935e-07 1.03287e-13 2.29424e-06 -0.00136851 -0.242547 0.00394526 4.87302 2.91597 0.0112795 5533.54 2.91597 0.0112795 5533.54 
24.4 2.54816 0.010672 5531.55 0.0105719 -6.11283e-18 -1.61913e-16 10.6828 0 0 2.24923e-07 1.12062e-13 2.29461e-06 -0.00114624 -0.253082 0.000287636 4.87294 2.92136 0.0106127 5533.46 2.92136 0.0106127 5533.46 
24.5 2.54841 0.00954601 5531.5 0.0105847 -6.00316e-18 -1.62011e-16 10.6828 0 0 2.24906e-07 1.05686e-13 2.29504e-06 -0.000888013 -0.301654 -0.00341896 4.87286 2.92302 0.00948744 5533.41 2.92302 0.00948744 5533.41 
24.6 2.56134 0.00803716 5531.41 0.0106008 -6.2516e-18 -1.62134e-16 10.6828 0 0 2.24885e-07 9.38717e-14 2.29549e-06 -0.000591062 0.00532113 -0.00698339 4.87282 2.9374 0.00798175 5533.33 2.9374 0.00798175 5533.33 
24.7 2.56628 0.00619081 5531.38 0.0106356 -6.34769e-18 -1.624e-16 10.6828 0 0 2.2486e-07 8.7409e-14 2.29581e-06 -0.00027695 0.188295 -0.0102571 4.87278 2.94489 0.00614105 5533.29 2.94489 0.00614105 5533.29 
24.8 2.57113 0.00401206 5531.38 0.0107322 -6.01648e-18 -1.63136e-16 10.6828 0 0 2.24838e-07 8.18133e-14 2.2961e-06 4.81097e-05 0.301079 -0.0131227 4.87276 2.94997 0.0039699 5533.3 2.94997 0.0039699 5533.3 
24.9 2.58017 0.00177638 5531.45 0.0109018 -5.97747e-18 -1.6442e-16 10.6828 0 0 2.24824e-07 7.3122e-14 2.2961e-06 0.000344125 0.406062 -0.0152331 4.87276 2.96029 0.00174337 5533.36 2.96029 0.00174337 5533.36 
25 2.5271 -0.0509851 5531.48 0.0111461 -6.31207e-18 -1.66252e-16 10.6828 0 0 2.24815e-07 4.96418e-14 2.29609e-06 0.0237041 0.262759 -0.138382 4.87276 2.91702 -0.0445814 5533.37 2.91702 -0.0445814 5533.37 
25.1 2.59522 -0.0032884 5531.92 0.0116055 -6.61358e-18 -1.69643e-16 10.6828 0 0 2.24824e-07 1.02027e-13 2.29572e-06 0.00124251 -0.161191 -0.018461 4.8727 2.977 -0.00325459 5533.8 2.977 -0.00325459 5533.8 
25.2 2.60809 -0.00511307 5531.88 0.0119298 -6.68218e-18 -1.71998e-16 10.6828 0 0 2.24823e-07 -2.87632e-14 2.2956e-06 0.00125836 -0.305554 -0.0175736 4.87267 2.99201 -0.00508136 5533.74 2.99201 -0.00508136 5533.74 
25.3 2.63163 -0.00698412 5531.99 0.0123132 -6.56848e-18 -1.7474e-16 10.6828 0 0 2.24828e-07 4.93662e-16 2.29534e-06 0.00136783 -0.423368 -0.0165604 4.87269 3.0162 -0.00695882 5533.85 3.0162 -0.00695882 5533.85 
25.4 2.64238 -0.00863038 5532.05 0.0126171 -7.14309e-18 -1.76883e-16 10.6828 0 0 2.24829e-07 7.21973e-15 2.29492e-06 0.00146667 -0.594941 -0.0149392 4.87267 3.03006 -0.00860787 5533.88 3.03006 -0.00860787 5533.88 
25.5 2.66631 -0.00989646 5532.05 0.0128706 -6.91037e-18 -1.78651e-16 10.6828 0 0 2.24821e-07 -6.30582e-15 2.29491e-06 0.00149795 -0.370834 -0.01259 4.87263 3.05254 -0.0098701 5533.89 3.05254 -0.0098701 5533.89 
25.6 2.69616 -0.0107704 5531.92 0.0130456 -7.0669e-18 -1.79861e-16 10.6828 0 0 2.24814e-07 -1.72642e-14 2.29479e-06 0.00147411 0.0884315 -0.00969055 4.87264 3.07837 -0.0107377 5533.79 3.07837 -0.0107377 5533.79 
25.7 2.72002 -0.0112169 5531.87 0.0131785 -7.41275e-18 -1.80775e-16 10.6828 0 0 2.24813e-07 -2.31097e-14 2.29465e-06 0.00138858 0.615285 -0.00636142 4.87267 3.10426 -0.0111796 5533.72 3.10426 -0.0111796 5533.72 
25.8 2.69871 -0.0111727 5532.07 0.0132753 -7.12833e-18 -1.81438e-16 10.6828 0 0 2.24824e-07 -2.53768e-14 2.29428e-06 0.00124685 -0.102771 -0.00270785 4.87272 3.07996 -0.0111324 5533.93 3.07996 -0.0111324 5533.93 
25.9 2.70444 -0.0106483 5532.09 0.0133029 -6.96029e-18 -1.81627e-16 10.6828 0 0 2.24836e-07 -2.43918e-14 2.29396e-06 0.0010508 -0.0876277 0.00109118 4.87278 3.08072 -0.010606 5533.99 3.08072 -0.010606 5533.99 
26 2.63644 -0.0620638 5532.12 0.0132629 -6.96412e-18 -1.81353e-16 10.6828 0 0 2.24837e-07 -7.27169e-14 2.29364e-06 0.0245259 -0.351198 -0.121128 4.87285 3.0177 -0.0552347 5534.02 3.0177 -0.0552347 5534.02 
26.1 2.68822 -0.00836934 5532.17 0.0131914 -6.9086e-18 -1.80864e-16 10.6828 0 0 2.24873e-07 -9.05866e-14 2.29313e-06 0.000614608 -0.456108 0.00826008 4.87286 3.05696 -0.00833181 5534.08 3.05696 -0.00833181 5534.08 
26.2 2.68084 -0.00658846 5532.08 0.012993 -6.97336e-18 -1.79498e-16 10.6828 0 0 2.24888e-07 -1.1007e-13 2.29298e-06 0.000334038 -0.596687 0.0115131 4.87286 3.04654 -0.00656425 5534 3.04654 -0.00656425 5534 
26.3 2.67266 -0.00456434 5531.86 0.0126396 -6.96292e-18 -1.7704e-16 10.6828 0 0 2.24894e-07 -8.32412e-14 2.29298e-06 2.91803e-05 -0.532376 0.0141161 4.87288 3.03587 -0.00454081 5533.8 3.03587 -0.00454081 5533.8 
26.4 2.65972 -0.00236568 5531.81 0.0122378 -6.91484e-18 -1.74203e-16 10.6828 0 0 2.24895e-07 -4.47852e-14 2.2931e-06 -0.000262582 -0.445689 0.0159895 4.87287 3.02101 -0.00235034 5533.76 3.02101 -0.00235034 5533.76 
26.5 2.64253 -4.66431e-05 5531.6 0.0117108 -6.71127e-18 -1.70412e-16 10.6828 0 0 2.24891e-07 -3.13927e-14 2.29333e-06 -0.000535225 -0.197817 0.0171399 4.87288 3.00245 -4.01752e-05 5533.57 3.00245 -4.01752e-05 5533.57 
26.6 2.62318 0.00233626 5531.55 0.0111958 -6.2952e-18 -1.66622e-16 10.6828 0 0 2.24886e-07 -2.83034e-14 2.29353e-06 -0.000797603 0.00860566 0.0175742 4.87291 2.98233 0.00233391 5533.52 2.98233 0.00233391 5533.52 
26.7 2.60206 0.0046832 5531.38 0.0106426 -5.91366e-18 -1.62454e-16 10.6828 0 0 2.24881e-07 -2.00268e-14 2.29377e-06 -0.00102353 0.2875 0.0171996 4.87295 2.96093 0.00467099 5533.35 2.96093 0.00467099 5533.35 
26.8 2.58163 0.00686957 5531.19 0.0101201 -5.94058e-18 -1.58416e-16 10.6828 0 0 2.24873e-07 -1.11857e-14 2.29412e-06 -0.00120508 0.549256 0.0160054 4.87296 2.94072 0.00684688 5533.16 2.94072 0.00684688 5533.16 
26.9 2.56487 0.00896256 5531.39 0.00976374 -5.41608e-18 -1.55602e-16 10.6828 0 0 2.2487e-07 -6.38084e-15 2.29438e-06 -0.00135216 0.539579 0.0138887 4.87297 2.92467 0.00893012 5533.36 2.92467 0.00893012 5533.36 
27 2.49096 -0.041608 5531.22 0.00947206 -5.57222e-18 -1.5326e-16 10.6828 0 0 2.24884e-07 5.05351e-14 2.29455e-06 0.0219675 0.32026 -0.114003 4.87296 2.86209 -0.0349374 5533.18 2.86209 -0.0349374 5533.18 
27.1 2.54437 0.0117361 5531.19 0.0092905 -5.55299e-18 -1.51784e-16 10.6828 0 0 2.24904e-07 3.78461e-14 2.2945e-06 -0.00163254 0.336238 0.0081849 4.87293 2.90854 0.0116788 5533.13 2.90854 0.0116788 5533.13 
27.2 2.54808 0.0126271 5531.11 0.00921279 -5.65385e-18 -1.51148e-16 10.6828 0 0 2.24901e-07 3.51902e-14 2.29482e-06 -0.00162711 0.189375 0.00476063 4.87287 2.91436 0.0125754 5533.05 2.91436 0.0125754 5533.05 
27.3 2.56044 0.0130596 5531.12 0.00922482 -5.67214e-18 -1.51246e-16 10.6828 0 0 2.24894e-07 4.35909e-14 2.29507e-06 -0.00155272 0.0890325 0.00105674 4.87283 2.92926 0.013009 5533.05 2.92926 0.013009 5533.05 
27.4 2.57669 0.0130406 5531.15 0.00930869 -5.55219e-18 -1.51932e-16 10.6828 0 0 2.24891e-07 5.47751e-14 2.29527e-06 -0.00141961 0.0398746 -0.00274489 4.87278 2.94835 0.0129862 5533.07 2.94835 0.0129862 5533.07 
27.5 2.5956 0.0125678 5531.19 0.00946184 -5.44954e-18 -1.53177e-16 10.6828 0 0 2.24884e-07 5.5596e-14 2.29542e-06 -0.00123667 0.0202579 -0.00647315 4.87275 2.9703 0.012512 5533.11 2.9703 0.012512 5533.11 
27.6 2.61739 0.0116492 5531.25 0.00969642 -5.62784e-18 -1.55064e-16 10.6828 0 0 2.24875e-07 4.66028e-14 2.2956e-06 -0.00101749 0.0111999 -0.00992777 4.87272 2.99508 0.0115951 5533.16 2.99508 0.0115951 5533.16 
27.7 2.63971 0.0103187 5531.41 0.0100289 -5.96536e-18 -1.57701e-16 10.6828 0 0 2.24867e-07 3.84316e-14 2.29569e-06 -0.00077171 -0.0488737 -0.0129651 4.8727 3.02023 0.0102683 5533.31 3.02023 0.0102683 5533.31 
27.8 2.66161 0.00865218 5531.37 0.0103509 -6.04547e-18 -1.60212e-16 10.6828 0 0 2.2486e-07 3.26253e-14 2.29571e-06 -0.000498651 0.0187216 -0.0154674 4.87269 3.04463 0.00860718 5533.27 3.04463 0.00860718 5533.27 
27.9 2.68418 0.00668156 5531.82 0.0108873 -6.09427e-18 -1.64311e-16 10.6828 0 0 2.24853e-07 2.48496e-14 2.29566e-06 -0.000233928 -0.198631 -0.0172537 4.87267 3.06921 0.00664379 5533.72 3.06921 0.00664379 5533.72 
