0 2.83049 -1.82689e-12 5227.14 0 0 0 28.0492 0 0 2.14491e-07 -7.49281e-21 2.44335e-06 9.0079e-14 -45.0938 6.75633e-13 4.8121 3.63185 -6.05727e-13 5230.26 3.63185 -5.76889e-13 5230.26 
0.1 2.33743 2.85102e-06 5446.32 0 0 0 28.0755 0 0 2.21195e-07 -7.00765e-15 2.37286e-06 -4.48713e-07 -15.3067 6.10366e-06 4.83643 3.64816 2.56929e-06 5449.08 3.64816 2.56929e-06 5449.08 
0.2 8.61008 1.5396e-06 5482.06 0 0 0 28.1543 0 0 2.30325e-07 -6.29663e-16 2.29058e-06 -5.29897e-07 10.8996 3.71478e-06 4.89097 10.4569 1.54675e-06 5485.76 10.4569 1.54675e-06 5485.76 
0.3 14.5273 9.06526e-07 5531.67 0 0 0 28.2852 0 0 2.21237e-07 -6.17603e-17 2.13176e-06 -2.61577e-07 36.2644 2.20697e-06 4.93681 16.9076 9.14984e-07 5536.14 16.9076 9.14985e-07 5536.14 
0.4 18.5044 1.63947e-07 5584.35 0 0 0 28.4679 0 0 2.23907e-07 -2.23445e-18 2.12212e-06 -1.13089e-07 42.1679 5.58244e-07 4.958 20.8697 2.04532e-07 5588.15 20.8697 2.04532e-07 5588.15 
0.5 22.3972 1.08024e-08 5597.81 0 0 0 28.7015 0 0 2.40341e-07 -1.59752e-17 2.16897e-06 -2.23465e-08 48.8394 1.86608e-08 4.96896 24.3835 1.93681e-08 5600.12 24.3835 1.93678e-08 5600.12 
0.6 24.7389 1.30242e-07 5602.94 0 0 0 28.9854 0 0 2.42127e-07 -1.61859e-17 2.16152e-06 -4.47856e-08 31.9079 2.75172e-07 4.96569 26.1825 1.35716e-07 5603.9 26.1825 1.35716e-07 5603.9 
0.7 25.6748 -2.11674e-07 5587.56 0 0 0 29.3182 0 0 2.43843e-07 -3.72865e-17 2.17313e-06 4.13431e-08 4.47171 -5.15658e-07 4.94641 26.5067 -2.08608e-07 5587.84 26.5067 -2.08608e-07 5587.84 
0.8 26.3018 -2.80803e-07 5557.64 0 0 0 29.6988 0 0 2.45153e-07 -3.59463e-17 2.20093e-06 7.98677e-08 -30.466 -7.1897e-07 4.92294 26.6952 -2.8632e-07 5558.24 26.6952 -2.8632e-07 5558.24 
0.9 26.4961 -5.55597e-08 5528.39 0 0 0 30.1255 0 0 2.46172e-07 -1.20541e-17 2.2123e-06 3.00579e-08 -51.6191 -1.92196e-07 4.90771 26.7357 -5.85613e-08 5530.13 26.7357 -5.85613e-08 5530.13 
1 26.5644 -1.27602e-08 5506.33 0 0 0 30.5966 0 0 2.46936e-07 -4.30143e-18 2.21746e-06 1.27414e-08 -63.5405 -7.41715e-08 4.89784 26.9061 -1.54496e-08 5509.65 26.9061 -1.54495e-08 5509.65 
1.1 27.1799 0.000211675 5491.33 0 0 0 31.1099 0 0 2.49661e-07 -1.22276e-17 2.22451e-06 -0.000116791 -78.773 0.00214225 4.89742 28.471 0.000136499 5496.43 28.471 0.000136499 5496.43 
1.2 28.1457 -1.66908e-07 5490.31 0 0 0 31.6632 0 0 2.49312e-07 9.58861e-17 2.20727e-06 1.25293e-08 -58.0634 -4.91161e-07 4.90897 29.8361 -2.16531e-08 5496.61 29.8361 -2.1653e-08 5496.61 
1.3 28.1964 -3.02809e-07 5497.16 0 0 0 32.2539 0 0 2.50677e-07 -4.85593e-18 2.19033e-06 1.48327e-08 -41.6624 3.12762e-07 4.92023 30.3016 -2.90992e-07 5505.08 30.3016 -2.90993e-07 5505.08 
1.4 28.1317 -8.5716e-08 5511.9 0 0 0 32.8791 0 0 2.52002e-07 -8.66581e-18 2.18137e-06 2.25131e-08 -17.197 -3.06133e-07 4.93588 30.5834 -8.16992e-08 5521.06 30.5834 -8.16988e-08 5521.06 
1.5 27.9264 -2.15397e-07 5528.92 0 0 0 33.5357 0 0 2.50409e-07 -7.13333e-18 2.19232e-06 2.84588e-08 9.81755 -7.48066e-08 4.95074 30.4878 -2.11365e-07 5538.32 30.4878 -2.11365e-07 5538.32 
1.6 27.9664 -1.69434e-07 5542.24 0 0 0 34.2201 0 0 2.50505e-07 -6.14533e-18 2.19541e-06 2.70793e-08 32.8742 -1.84343e-07 4.96416 30.5115 -1.67151e-07 5551.17 30.5115 -1.67151e-07 5551.17 
1.7 27.294 -1.71332e-07 5550.08 0 0 0 34.9289 0 0 2.50727e-07 -6.03427e-18 2.19388e-06 2.64647e-08 46.5768 -1.66936e-07 4.97257 29.6877 -1.66165e-07 5557.94 29.6877 -1.66165e-07 5557.94 
1.8 26.916 -1.55519e-07 5550.52 0 0 0 35.6579 0 0 2.50017e-07 -5.47422e-18 2.21934e-06 2.50732e-08 54.6167 -1.30532e-07 4.97179 29.0687 -1.54174e-07 5556.82 29.0687 -1.54174e-07 5556.82 
1.9 26.8913 -1.01944e-07 5545.4 0 0 0 36.4031 0 0 2.48236e-07 -4.8363e-18 2.22773e-06 1.95116e-08 55.6787 -1.2932e-07 4.95266 28.8565 -1.01178e-07 5549.99 28.8565 -1.01178e-07 5549.99 
2 25.951 0.01705 5534.23 0 0 0 37.1601 0 0 2.50523e-07 -1.16906e-18 2.25823e-06 -0.00409277 39.7016 0.0465153 4.9398 28.1053 0.0155613 5537.06 28.1053 0.0155613 5537.06 
2.1 25.1724 -6.4244e-06 5532.48 0 0 0 37.9241 0 0 2.54051e-07 6.90762e-15 2.21961e-06 6.73292e-08 12.7127 -3.15513e-06 4.94351 27.2945 -2.58627e-06 5534.37 27.2945 -2.58627e-06 5534.37 
2.2 24.8107 -1.99057e-06 5530.53 0 0 0 38.6904 0 0 2.56585e-07 6.82971e-17 2.21435e-06 1.21652e-08 -12.8034 2.3732e-06 4.9555 26.9778 -1.57417e-06 5532.49 26.9778 -1.57417e-06 5532.49 
2.3 25.1695 -9.01806e-07 5526.11 0 0 0 39.4542 0 0 2.57755e-07 2.63615e-17 2.1876e-06 4.12371e-07 -27.3505 -4.2955e-06 4.95732 27.4369 -8.97839e-07 5528.85 27.4369 -8.97839e-07 5528.85 
2.4 25.8695 -6.63625e-07 5521.2 0 0 0 40.2103 0 0 2.58097e-07 -6.25064e-17 2.19356e-06 1.67953e-07 -32.3335 -1.87536e-06 4.95575 28.2854 -6.43763e-07 5525.02 28.2854 -6.43763e-07 5525.02 
2.5 26.9524 -7.41727e-07 5517.79 0 0 0 40.9536 0 0 2.6098e-07 -1.60473e-17 2.11789e-06 1.14748e-07 -26.215 -2.28459e-07 4.95386 29.5569 -7.32894e-07 5522.7 29.5569 -7.32895e-07 5522.7 
2.6 28.4173 -2.14798e-07 5516.19 0 0 0 41.6791 0 0 2.55979e-07 -8.96452e-18 2.2843e-06 4.40591e-08 -9.28911 -5.66184e-07 4.94916 31.2323 -2.05537e-07 5521.75 31.2323 -2.05537e-07 5521.75 
2.7 29.4018 -3.01103e-07 5521.64 0 0 0 42.3816 0 0 2.72839e-07 -5.09963e-18 1.83699e-06 3.94144e-08 1.56273 -1.75776e-07 4.95751 32.4061 -2.92649e-07 5527.31 32.4061 -2.92649e-07 5527.31 
2.8 29.7324 -1.81084e-07 5532.81 0 0 0 43.056 0 0 2.62805e-07 -2.68259e-18 2.09005e-06 2.00001e-08 2.80279 -1.12926e-07 4.9754 32.8164 -1.74276e-07 5538.57 32.8164 -1.74276e-07 5538.57 
2.9 29.9795 -1.30269e-07 5535.97 0 0 0 43.6974 0 0 2.59562e-07 -4.65608e-19 2.2025e-06 8.80242e-09 2.2716 3.02309e-08 4.97923 33.0447 -1.23112e-07 5541.83 33.0447 -1.23113e-07 5541.83 
3 30.1581 0.014577 5536.98 0 0 0 44.3012 0 0 2.59132e-07 2.72146e-18 2.22673e-06 -0.00316643 3.86595 0.0392726 4.97481 33.1775 0.0141037 5542.82 33.1775 0.0141037 5542.82 
3.1 30.7428 -6.22101e-06 5535.95 0 0 0 44.8626 0 0 2.59348e-07 6.88115e-15 2.23459e-06 -4.03523e-07 7.87288 -8.22104e-06 4.97354 33.6501 -2.37015e-06 5541.52 33.6501 -2.37015e-06 5541.52 
3.2 30.6942 -1.38155e-06 5534.11 0 0 0 45.3775 0 0 2.59444e-07 6.14564e-16 2.25478e-06 4.70213e-07 5.83589 -4.48086e-06 4.97683 33.5445 -1.02627e-06 5539.57 33.5445 -1.02627e-06 5539.57 
3.3 30.7001 -1.73764e-06 5530.36 0 0 0 45.8418 0 0 2.60644e-07 1.06964e-16 2.22232e-06 3.81039e-07 4.40304 -1.6791e-06 4.97487 33.5337 -1.75678e-06 5535.71 33.5337 -1.75678e-06 5535.71 
3.4 30.8966 -2.30174e-07 5526.74 0 0 0 46.252 0 0 2.59883e-07 -3.74662e-17 2.26187e-06 1.35514e-07 5.67068 -2.13598e-06 4.97192 33.7635 -2.19604e-07 5531.9 33.7635 -2.19604e-07 5531.9 
3.5 31.041 -5.02251e-07 5525.53 0 0 0 46.6047 0 0 2.59597e-07 -1.18994e-17 2.27086e-06 9.63078e-08 4.6856 -4.56991e-07 4.97144 33.9754 -5.01441e-07 5530.43 33.9754 -5.01442e-07 5530.43 
3.6 31.1439 -2.32799e-07 5525.68 0 0 0 46.8973 0 0 2.60944e-07 -8.51351e-18 2.25421e-06 5.88835e-08 2.0211 -4.62433e-07 4.9715 34.1481 -2.3015e-07 5530.43 34.1481 -2.3015e-07 5530.43 
3.7 31.1529 -1.37746e-07 5527.09 0 0 0 47.1273 0 0 2.68048e-07 -6.82828e-18 2.04929e-06 3.30997e-08 -3.19452 -2.4684e-07 4.97443 34.2116 -1.3453e-07 5531.87 34.2116 -1.3453e-07 5531.87 
3.8 31.0414 -9.91441e-08 5529.82 0 0 0 47.293 0 0 2.50879e-07 -2.86023e-18 2.4852e-06 1.9835e-08 -10.3172 -6.28587e-08 4.98056 34.119 -9.38852e-08 5534.94 34.119 -9.38854e-08 5534.94 
3.9 31.0979 -7.53713e-08 5529.64 0 0 0 47.3929 0 0 2.60227e-07 9.35574e-19 2.26075e-06 2.45638e-09 -12.0823 5.59401e-08 4.98151 34.1674 -7.2037e-08 5535.3 34.1674 -7.2037e-08 5535.3 
4 30.8654 0.0138212 5528.07 0 0 0 47.4263 0 0 2.63254e-07 1.96418e-18 2.21621e-06 -0.00254958 -12.0731 0.0359213 4.98068 33.9656 0.0127366 5534.33 33.9656 0.0127366 5534.33 
4.1 31.1278 -1.47574e-05 5528.01 0 0 0 47.4263 0 0 2.63318e-07 6.77168e-15 2.21681e-06 2.16731e-06 -7.0952 -1.72711e-05 4.98107 34.1848 -9.74173e-06 5534.48 34.1848 -9.74173e-06 5534.48 
4.2 31.1491 -2.3665e-06 5527.32 0 0 0 47.4263 0 0 2.63118e-07 8.08621e-16 2.22223e-06 4.81403e-07 -1.04068 -2.33258e-06 4.98144 34.2016 -2.24925e-06 5533.98 34.2016 -2.24925e-06 5533.98 
4.3 31.0109 -7.56604e-07 5527.24 0 0 0 47.4263 0 0 2.63155e-07 9.48327e-17 2.22923e-06 2.4216e-07 3.5606 -3.34217e-06 4.98195 34.0631 -6.49868e-07 5533.87 34.0631 -6.49868e-07 5533.87 
4.4 30.8209 -1.31546e-06 5527.91 0 0 0 47.4263 0 0 2.62828e-07 -4.57271e-17 2.2317e-06 1.21267e-07 7.55611 7.02541e-07 4.98264 33.8675 -1.30829e-06 5534.33 33.8675 -1.30829e-06 5534.33 
4.5 30.59 -2.39496e-07 5528.66 0 0 0 47.4263 0 0 2.63037e-07 -2.40341e-17 2.2282e-06 4.32278e-08 8.6214 -7.39948e-07 4.98296 33.6258 -2.27947e-07 5534.76 33.6258 -2.27947e-07 5534.76 
4.6 30.3339 -2.42208e-07 5529.21 0 0 0 47.4263 0 0 2.63074e-07 -1.28654e-17 2.22989e-06 2.599e-08 7.98433 -1.73117e-07 4.98323 33.3496 -2.33903e-07 5534.98 33.3496 -2.33903e-07 5534.98 
4.7 30.0461 -2.28628e-07 5530.06 0 0 0 47.4263 0 0 2.63713e-07 -6.1713e-18 2.17543e-06 3.26068e-08 5.56988 -7.06293e-08 4.98409 33.0355 -2.22111e-07 5535.55 33.0355 -2.22111e-07 5535.55 
4.8 29.7937 -8.40217e-08 5529.89 0 0 0 47.4263 0 0 2.6397e-07 -2.08261e-18 2.2211e-06 1.73424e-08 2.38524 -1.7588e-07 4.98391 32.757 -9.2634e-08 5535.22 32.757 -9.26334e-08 5535.22 
4.9 29.6206 -1.05299e-08 5528.84 0 0 0 47.4263 0 0 2.63758e-07 -8.68624e-20 2.22739e-06 1.01791e-08 -0.205798 -1.33358e-07 4.98261 32.5652 -9.12078e-09 5534.11 32.5652 -9.12074e-09 5534.11 
5 29.485 2.13901e-08 5528.42 0 0 0 47.4263 0 0 2.63156e-07 1.41839e-18 2.25094e-06 -9.06483e-10 -2.02152 2.39338e-08 4.98211 32.4223 2.13194e-08 5533.72 32.4223 2.132e-08 5533.72 
5.1 29.0167 0.0168071 5526.84 0 0 0 47.4263 0 0 2.64222e-07 1.64394e-18 2.22967e-06 -0.00299724 -4.93808 0.0425139 4.9819 32.0135 0.0149254 5532.36 32.0135 0.0149254 5532.36 
5.2 29.1041 -9.23228e-06 5526.81 0 0 0 47.4263 0 0 2.64425e-07 7.94264e-15 2.22985e-06 -4.05126e-07 -5.68242 -5.25968e-06 4.98212 32.086 -4.97749e-06 5532.37 32.086 -4.97749e-06 5532.37 
5.3 29.0114 -3.71033e-06 5526.43 0 0 0 47.4263 0 0 2.64337e-07 6.53036e-16 2.22939e-06 5.92528e-07 -5.44882 -1.45046e-07 4.98265 32.0141 -3.75019e-06 5532.21 32.0141 -3.75019e-06 5532.21 
5.4 28.9186 -6.99881e-07 5526.31 0 0 0 47.4263 0 0 2.64234e-07 8.89073e-17 2.22858e-06 2.64917e-07 -3.44711 -4.57653e-06 4.98301 31.9426 -4.93354e-07 5532.28 31.9426 -4.93354e-07 5532.28 
5.5 28.8056 -2.18413e-06 5526.53 0 0 0 47.4263 0 0 2.64127e-07 -5.42218e-17 2.23021e-06 2.23026e-07 -1.88606 1.79044e-06 4.98347 31.8449 -2.1388e-06 5532.62 31.8449 -2.1388e-06 5532.62 
5.6 28.6358 -1.44607e-07 5527.56 0 0 0 47.4263 0 0 2.64091e-07 -2.50319e-17 2.22915e-06 2.03184e-08 0.756037 -1.20777e-06 4.9849 31.6801 -8.59785e-08 5533.69 31.6801 -8.59783e-08 5533.69 
5.7 28.3858 -4.62116e-07 5528.39 0 0 0 47.4263 0 0 2.64137e-07 -1.40059e-17 2.22574e-06 6.13572e-10 1.70177 1.11301e-08 4.98611 31.4234 -4.36894e-07 5534.5 31.4234 -4.36894e-07 5534.5 
5.8 28.1098 -4.70692e-07 5528.84 0 0 0 47.4263 0 0 2.64104e-07 -6.30992e-18 2.22771e-06 2.16636e-09 2.24704 2.34113e-07 4.98669 31.1308 -4.22432e-07 5534.91 31.1308 -4.22432e-07 5534.91 
5.9 27.856 -2.2593e-07 5528.56 0 0 0 47.4263 0 0 2.6404e-07 -1.57567e-18 2.22336e-06 -2.6351e-08 3.5255 2.0209e-07 4.98636 30.8576 -2.03333e-07 5534.57 30.8576 -2.03333e-07 5534.57 
6 27.607 -1.58927e-07 5528.02 0 0 0 47.4263 0 0 2.64501e-07 3.79538e-19 2.22316e-06 -2.64157e-08 4.25858 1.06483e-07 4.98583 30.5932 -1.29709e-07 5533.91 30.5932 -1.29708e-07 5533.91 
6.1 27.0375 0.0173995 5527.48 0 0 0 47.4263 0 0 2.6403e-07 2.05578e-18 2.23214e-06 -0.0034493 2.42128 0.0453039 4.98545 30.0724 0.0159989 5533.36 30.0724 0.0159989 5533.36 
6.2 27.0351 -2.5774e-05 5527.56 0 0 0 47.4263 0 0 2.6404e-07 3.94283e-15 2.2327e-06 7.28871e-06 2.5732 -5.43016e-05 4.98498 30.0433 -2.2083e-05 5533.13 30.0433 -2.2083e-05 5533.13 
6.3 26.8457 -4.72012e-06 5527.49 0 0 0 47.4263 0 0 2.64086e-07 7.58127e-16 2.23151e-06 1.72902e-06 1.53966 -1.00645e-05 4.98506 29.8616 -4.46781e-06 5532.97 29.8616 -4.46781e-06 5532.97 
6.4 26.6696 -1.4876e-06 5527.19 0 0 0 47.4263 0 0 2.64132e-07 1.21643e-16 2.22938e-06 3.79173e-07 0.665669 -3.01737e-06 4.9852 29.6965 -1.43202e-06 5532.62 29.6965 -1.43202e-06 5532.62 
6.5 26.5346 -8.06035e-07 5527.36 0 0 0 47.4263 0 0 2.64172e-07 -3.917e-17 2.22965e-06 1.33293e-07 -0.156788 -6.81443e-07 4.98547 29.5718 -7.89007e-07 5532.78 29.5718 -7.89007e-07 5532.78 
6.6 26.4367 -6.39436e-07 5527.7 0 0 0 47.4263 0 0 2.64194e-07 -6.21712e-17 2.22907e-06 1.78293e-07 -0.776424 -1.24415e-06 4.98584 29.4826 -6.15799e-07 5533.13 29.4826 -6.15799e-07 5533.13 
6.7 26.3558 -6.44501e-07 5527.75 0 0 0 47.4263 0 0 2.64202e-07 -2.58062e-17 2.22866e-06 1.51839e-07 -0.65517 -9.7824e-07 4.98624 29.4072 -6.54802e-07 5533.21 29.4072 -6.54802e-07 5533.21 
6.8 26.2855 -4.01554e-07 5528.02 0 0 0 47.4263 0 0 2.64182e-07 -1.60428e-17 2.22861e-06 4.77417e-08 -0.781765 -2.69095e-07 4.98643 29.3398 -3.78375e-07 5533.52 29.3398 -3.78375e-07 5533.52 
6.9 26.223 -1.70689e-07 5527.98 0 0 0 47.4263 0 0 2.64159e-07 -3.34151e-17 2.22858e-06 -4.12571e-08 0.13943 2.39459e-07 4.98661 29.2777 -1.50001e-07 5533.5 29.2777 -1.50001e-07 5533.5 
7 26.1526 -1.28003e-07 5528.14 0 0 0 47.4263 0 0 2.64135e-07 -1.34161e-17 2.22887e-06 -2.39288e-08 0.136572 2.48275e-07 4.98664 29.207 -1.05189e-07 5533.66 29.207 -1.05189e-07 5533.66 
7.1 25.8051 0.0179774 5527.69 0 0 0 47.4263 0 0 2.64126e-07 8.56671e-18 2.22954e-06 -0.00372322 -0.103721 0.0468895 4.98662 28.8859 0.0167184 5533.29 28.8859 0.0167184 5533.29 
7.2 25.9874 -1.61466e-05 5527.92 0 0 0 47.4263 0 0 2.64103e-07 2.33792e-15 2.23042e-06 3.33976e-06 0.697395 -3.33076e-05 4.98633 29.0393 -1.34743e-05 5533.35 29.0393 -1.34743e-05 5533.35 
7.3 25.9303 -2.69995e-06 5527.86 0 0 0 47.4263 0 0 2.64084e-07 3.43775e-16 2.23057e-06 7.07574e-07 0.980279 -4.86353e-06 4.98631 28.9853 -2.40828e-06 5533.25 28.9853 -2.40828e-06 5533.25 
7.4 25.8738 -1.95425e-06 5528.04 0 0 0 47.4263 0 0 2.6408e-07 -1.03361e-16 2.23059e-06 4.17877e-07 0.920525 -3.9262e-06 4.98631 28.9339 -1.94324e-06 5533.39 28.9339 -1.94324e-06 5533.39 
7.5 25.8397 -8.80043e-07 5527.93 0 0 0 47.4263 0 0 2.64081e-07 -4.9257e-17 2.2307e-06 2.03381e-07 0.976192 -1.29598e-06 4.98633 28.9045 -8.92233e-07 5533.24 28.9045 -8.92233e-07 5533.24 
7.6 25.8141 -6.29939e-07 5528.06 0 0 0 47.4263 0 0 2.64099e-07 -4.60383e-18 2.23055e-06 1.29789e-07 0.803939 -8.14448e-07 4.9864 28.8831 -6.15776e-07 5533.33 28.8831 -6.15777e-07 5533.33 
7.7 25.7968 -4.25492e-07 5528.31 0 0 0 47.4263 0 0 2.64101e-07 -9.08597e-17 2.2307e-06 5.20174e-08 0.466188 -5.04846e-07 4.9865 28.8687 -4.27282e-07 5533.54 28.8687 -4.27282e-07 5533.54 
7.8 25.7923 -3.71428e-07 5528.34 0 0 0 47.4263 0 0 2.64139e-07 1.40831e-19 2.22993e-06 7.60779e-08 0.274734 -4.03512e-07 4.98652 28.8656 -3.72671e-07 5533.55 28.8656 -3.72671e-07 5533.55 
7.9 25.7963 -1.54269e-07 5528.33 0 0 0 47.4263 0 0 2.64163e-07 7.08388e-17 2.23016e-06 2.45908e-08 0.0617822 8.38425e-08 4.9865 28.87 -1.43047e-07 5533.54 28.87 -1.43047e-07 5533.54 
8 25.8082 -1.85663e-07 5528.35 0 0 0 47.4263 0 0 2.64161e-07 4.03696e-18 2.23062e-06 2.63944e-08 -0.0807892 -7.65951e-08 4.98645 28.8823 -1.8493e-07 5533.57 28.8823 -1.8493e-07 5533.57 
8.1 25.8199 -1.77578e-07 5528.27 0 0 0 47.4263 0 0 2.64162e-07 4.31785e-18 2.23093e-06 2.82959e-08 -0.148741 -8.81412e-08 4.9864 28.8943 -1.77105e-07 5533.49 28.8943 -1.77105e-07 5533.49 
8.2 25.8256 -1.19149e-07 5528.4 0 0 0 47.4263 0 0 2.64165e-07 6.8686e-18 2.23113e-06 1.38619e-08 -0.27915 4.68824e-08 4.98635 28.9007 -1.16058e-07 5533.63 28.9007 -1.16059e-07 5533.63 
8.3 25.8391 -9.10856e-08 5528.33 0 0 0 47.4263 0 0 2.64167e-07 5.64049e-18 2.2313e-06 8.42098e-09 -0.221236 7.77964e-08 4.98632 28.9157 -9.23101e-08 5533.57 28.9157 -9.23101e-08 5533.57 
8.4 25.8514 -8.85357e-08 5528.34 0 0 0 47.4263 0 0 2.64171e-07 9.51721e-18 2.23127e-06 7.341e-09 -0.138953 7.55525e-08 4.9863 28.9292 -8.71107e-08 5533.58 28.9292 -8.7111e-08 5533.58 
8.5 25.8625 -4.46763e-08 5528.32 0 0 0 47.4263 0 0 2.64171e-07 9.13545e-18 2.23152e-06 -4.58088e-09 -0.0661559 1.5551e-07 4.98629 28.9416 -4.47891e-08 5533.56 28.9416 -4.47894e-08 5533.56 
8.6 25.879 -2.95997e-08 5528.84 0 0 0 47.4263 0 0 2.64517e-07 -5.14285e-18 2.22446e-06 -2.17424e-09 -0.20912 1.62233e-07 4.98627 28.9593 -3.24501e-08 5534.08 28.9593 -3.24505e-08 5534.08 
8.7 25.8893 -1.63088e-08 5528.81 0 0 0 47.4263 0 0 2.6411e-07 7.05527e-18 2.23316e-06 -3.92638e-09 -0.145964 1.65876e-07 4.98627 28.9702 -1.74048e-08 5534.04 28.9702 -1.74049e-08 5534.04 
8.8 25.8999 2.31272e-09 5528.78 0 0 0 47.4263 0 0 2.64259e-07 3.05404e-18 2.23016e-06 -6.79915e-09 -0.0869915 1.77542e-07 4.98626 28.9809 1.57321e-09 5534.01 28.9809 1.57273e-09 5534.01 
8.9 25.9096 1.31645e-08 5528.58 0 0 0 47.4263 0 0 2.64172e-07 6.22776e-18 2.23212e-06 -5.91183e-09 0.0458224 1.63215e-07 4.98625 28.9903 1.07366e-08 5533.81 28.9903 1.07361e-08 5533.81 
9 25.9208 2.56031e-08 5528.44 0 0 0 47.4263 0 0 2.64184e-07 5.49581e-18 2.23199e-06 -6.09332e-09 0.13119 1.56957e-07 4.98622 29.0008 2.25311e-08 5533.66 29.0008 2.25316e-08 5533.66 
9.1 25.9313 3.82436e-08 5528.67 0 0 0 47.4263 0 0 2.64163e-07 6.28874e-18 2.23268e-06 -5.91954e-09 -0.123015 1.49589e-07 4.98616 29.0106 3.44474e-08 5533.88 29.0106 3.44474e-08 5533.88 
9.2 25.9425 5.02359e-08 5528.54 0 0 0 47.4263 0 0 2.64169e-07 5.70291e-18 2.23276e-06 -6.78855e-09 -0.0662755 1.45262e-07 4.98613 29.0211 4.60196e-08 5533.75 29.0211 4.60195e-08 5533.75 
9.3 25.9542 6.04308e-08 5528.67 0 0 0 47.4263 0 0 2.64177e-07 5.73965e-18 2.23275e-06 -7.50533e-09 -0.305397 1.40443e-07 4.98607 29.0324 5.61176e-08 5533.88 29.0324 5.61175e-08 5533.88 
9.4 25.9668 6.94221e-08 5528.55 0 0 0 47.4263 0 0 2.64188e-07 5.37941e-18 2.23245e-06 -8.36524e-09 -0.23042 1.3595e-07 4.98605 29.0447 6.50556e-08 5533.76 29.0447 6.50558e-08 5533.76 
9.5 25.9796 7.76543e-08 5528.45 0 0 0 47.4263 0 0 2.64141e-07 5.74658e-18 2.23378e-06 -9.43193e-09 -0.151906 1.32611e-07 4.98603 29.0575 7.35114e-08 5533.67 29.0575 7.35113e-08 5533.67 
9.6 25.993 8.52461e-08 5528.56 0 0 0 47.4263 0 0 2.64073e-07 5.61129e-18 2.23523e-06 -1.04831e-08 -0.301259 1.29392e-07 4.986 29.0708 8.14239e-08 5533.79 29.0708 8.1424e-08 5533.79 
9.7 26.0062 9.20192e-08 5528.48 0 0 0 47.4263 0 0 2.64242e-07 5.3803e-18 2.23162e-06 -1.14993e-08 -0.198719 1.25175e-07 4.98599 29.0841 8.84847e-08 5533.71 29.0841 8.84845e-08 5533.71 
9.8 26.0192 9.81913e-08 5528.41 0 0 0 47.4263 0 0 2.64092e-07 5.10278e-18 2.23476e-06 -1.23564e-08 -0.0958901 1.18968e-07 4.98598 29.0971 9.49671e-08 5533.64 29.0971 9.4967e-08 5533.64 
9.9 26.0315 1.03788e-07 5528.45 0 0 0 47.4263 0 0 2.64125e-07 5.18145e-18 2.23408e-06 -1.29055e-08 -0.107792 1.10499e-07 4.98597 29.1094 1.00778e-07 5533.68 29.1094 1.00778e-07 5533.68 
10 26.0421 1.08716e-07 5528.5 0 0 0 47.4263 0 0 2.64313e-07 5.28759e-18 2.23004e-06 -1.32061e-08 -0.130375 1.0042e-07 4.98595 29.1199 1.05833e-07 5533.74 29.1199 1.05834e-07 5533.74 
10.1 26.0521 1.13384e-07 5528.51 0 0 0 47.4263 0 0 2.64177e-07 4.81085e-18 2.23304e-06 -1.32757e-08 -0.116553 8.83449e-08 4.98594 29.1294 1.10566e-07 5533.74 29.1294 1.10566e-07 5533.74 
10.2 26.0613 1.18223e-07 5528.51 0 0 0 47.4263 0 0 2.64158e-07 4.95394e-18 2.23338e-06 -1.3252e-08 -0.103818 7.5442e-08 4.98593 29.138 1.15396e-07 5533.75 29.138 1.15396e-07 5533.75 
10.3 26.0688 1.22697e-07 5528.5 0 0 0 47.4263 0 0 2.63718e-07 4.6745e-18 2.24264e-06 -1.33459e-08 -0.117727 6.18161e-08 4.98589 29.1448 1.19958e-07 5533.74 29.1448 1.19958e-07 5533.74 
10.4 26.0752 1.26813e-07 5528.48 0 0 0 47.4263 0 0 2.65883e-07 4.51123e-18 2.19827e-06 -1.32298e-08 -0.123325 4.80467e-08 4.98588 29.1505 1.24151e-07 5533.72 29.1505 1.2415e-07 5533.72 
10.5 26.0798 1.30826e-07 5528.46 0 0 0 47.4263 0 0 2.59259e-07 4.72185e-18 2.33362e-06 -1.34456e-08 -0.1477 3.50575e-08 4.98584 29.1542 1.28353e-07 5533.71 29.1542 1.28353e-07 5533.71 
10.6 26.0837 1.33688e-07 5528.43 0 0 0 47.4263 0 0 2.73153e-07 4.15491e-18 2.04965e-06 -1.3452e-08 -0.148039 2.2756e-08 4.98584 29.1571 1.31534e-07 5533.67 29.1571 1.31534e-07 5533.67 
10.7 26.0854 1.37047e-07 5528.39 0 0 0 47.4263 0 0 2.53941e-07 5.04113e-18 2.44227e-06 -1.39194e-08 -0.151495 1.27141e-08 4.98582 29.158 1.35185e-07 5533.64 29.158 1.35185e-07 5533.64 
10.8 26.0857 1.39107e-07 5528.34 0 0 0 47.4263 0 0 2.64538e-07 4.74505e-18 2.22589e-06 -1.44552e-08 -0.138627 3.59387e-09 4.98581 29.157 1.37851e-07 5533.59 29.157 1.37851e-07 5533.59 
10.9 26.0839 1.4017e-07 5528.28 0 0 0 47.4263 0 0 2.69099e-07 4.62451e-18 2.13171e-06 -1.50648e-08 -0.10793 -4.91884e-09 4.98582 29.1541 1.39574e-07 5533.55 29.1541 1.39575e-07 5533.55 
11 26.0806 1.40317e-07 5528.33 0 0 0 47.4263 0 0 2.64286e-07 4.64563e-18 2.23052e-06 -1.55863e-08 -0.12047 -1.2798e-08 4.98581 29.1494 1.40418e-07 5533.6 29.1494 1.40417e-07 5533.6 
11.1 26.076 1.39414e-07 5528.4 0 0 0 47.4263 0 0 2.62131e-07 4.63277e-18 2.27457e-06 -1.6196e-08 -0.158071 -1.83226e-08 4.9858 29.1433 1.40221e-07 5533.68 29.1433 1.40221e-07 5533.68 
11.2 26.0643 1.36526e-07 5528.04 0 0 0 47.4263 0 0 2.6409e-07 4.45933e-18 2.23416e-06 -1.66414e-08 0.0856494 -2.69548e-08 4.9858 29.1298 1.38204e-07 5533.33 29.1298 1.38204e-07 5533.33 
11.3 26.0513 1.3267e-07 5527.84 0 0 0 47.4263 0 0 2.63533e-07 4.52427e-18 2.24601e-06 -1.68686e-08 0.251896 -3.50053e-08 4.9858 29.115 1.35154e-07 5533.14 29.115 1.35154e-07 5533.14 
11.4 26.0398 1.28373e-07 5528.35 0 0 0 47.4263 0 0 2.63533e-07 4.52427e-18 2.24601e-06 -1.68623e-08 -0.0902516 -4.24106e-08 4.9858 29.1014 1.31581e-07 5533.66 29.1014 1.31581e-07 5533.66 
11.5 26.0213 1.21461e-07 5528.18 0 0 0 47.4263 0 0 2.63896e-07 4.47496e-18 2.23757e-06 -1.65595e-08 0.055752 -5.38829e-08 4.98582 29.0808 1.252e-07 5533.49 29.0808 1.252e-07 5533.49 
11.6 25.9996 1.13827e-07 5527.95 0 0 0 47.4263 0 0 2.6409e-07 4.71748e-18 2.23322e-06 -1.57785e-08 0.229288 -6.27816e-08 4.98581 29.0569 1.18303e-07 5533.26 29.0569 1.18303e-07 5533.26 
11.7 25.9754 1.05899e-07 5527.65 0 0 0 47.4263 0 0 2.6404e-07 4.2626e-18 2.23417e-06 -1.55339e-08 0.435236 -7.27379e-08 4.98582 29.0304 1.10669e-07 5532.98 29.0304 1.10669e-07 5532.98 
11.8 25.9496 9.71207e-08 5527.49 0 0 0 47.4263 0 0 2.64069e-07 4.46646e-18 2.23314e-06 -1.43405e-08 0.527502 -8.40149e-08 4.98582 29.0024 1.0246e-07 5532.82 29.0024 1.02461e-07 5532.82 
11.9 25.922 8.76039e-08 5527.32 0 0 0 47.4263 0 0 2.63895e-07 4.18185e-18 2.23624e-06 -1.33014e-08 0.632153 -9.45785e-08 4.98583 28.9726 9.32079e-08 5532.65 28.9726 9.32077e-08 5532.65 
12 25.8994 7.74896e-08 5528.39 0 0 0 47.4263 0 0 2.63895e-07 4.18185e-18 2.23624e-06 -1.15008e-08 -0.0306194 -1.06854e-07 4.98583 28.9478 8.31988e-08 5533.73 28.9478 8.31983e-08 5533.73 
12.1 25.8635 6.83483e-08 5527.01 0 0 0 47.4263 0 0 2.64018e-07 -4.3283e-18 2.23328e-06 -9.42873e-09 0.78881 -1.13361e-07 4.98584 28.9097 7.18885e-08 5532.35 28.9097 7.18885e-08 5532.35 
12.2 25.8406 5.81087e-08 5528.24 0 0 0 47.4263 0 0 2.64018e-07 -4.3283e-18 2.23328e-06 -7.80547e-09 0.0864266 -1.19927e-07 4.98584 28.8851 6.1485e-08 5533.57 28.8851 6.14848e-08 5533.57 
12.3 25.8076 8.46845e-08 5527.23 0 0 0 47.4263 0 0 2.63999e-07 -9.46825e-17 2.23321e-06 -1.40987e-08 0.65179 -8.13562e-08 4.98585 28.8505 6.47904e-08 5532.56 28.8505 6.47906e-08 5532.56 
12.4 25.7732 1.14091e-08 5526.12 0 0 0 47.4263 0 0 2.63978e-07 1.24202e-16 2.23316e-06 -2.07337e-08 1.18559 -1.14128e-07 4.98586 28.8137 5.17861e-08 5531.46 28.8137 5.17866e-08 5531.46 
12.5 25.7521 -1.59508e-08 5527.52 0 0 0 47.4263 0 0 2.63978e-07 1.24202e-16 2.23316e-06 -6.37854e-09 0.458429 -2.23569e-07 4.98586 28.7919 7.60357e-09 5532.85 28.7919 7.60354e-09 5532.85 
12.6 25.7226 -5.82457e-08 5526.69 0 0 0 47.4263 0 0 2.63967e-07 5.51182e-17 2.23307e-06 3.87646e-08 0.849433 -3.79505e-07 4.98586 28.7622 -6.38957e-08 5532.01 28.7622 -6.38957e-08 5532.01 
12.7 25.7113 -9.04253e-08 5528.12 0 0 0 47.4263 0 0 2.63967e-07 5.51182e-17 2.23307e-06 4.57082e-08 0.274358 -3.63962e-07 4.98586 28.7507 -7.37324e-08 5533.43 28.7507 -7.37329e-08 5533.43 
12.8 25.6848 -1.3039e-07 5527.54 0 0 0 47.4263 0 0 2.63955e-07 9.52727e-17 2.23313e-06 2.88176e-08 0.473195 -3.25944e-07 4.98586 28.7241 -9.34164e-08 5532.84 28.7241 -9.34166e-08 5532.84 
12.9 25.6686 -4.30392e-08 5527.15 0 0 0 47.4263 0 0 2.63947e-07 1.30722e-17 2.23305e-06 7.45745e-09 0.567521 -1.68337e-07 4.98588 28.7045 -3.03613e-08 5532.47 28.7045 -3.03615e-08 5532.47 
13 25.653 -2.37046e-08 5528.17 0 0 0 47.4263 0 0 2.63946e-07 1.17944e-17 2.23305e-06 5.31979e-09 0.192624 -1.32191e-07 4.98588 28.6928 -2.06628e-08 5533.45 28.6928 -2.06628e-08 5533.45 
13.1 25.636 -6.78755e-08 5528.03 0 0 0 47.4263 0 0 2.63942e-07 4.22241e-18 2.23297e-06 1.39472e-08 0.103708 -1.91116e-07 4.98589 28.6776 -6.55416e-08 5533.29 28.6776 -6.55415e-08 5533.29 
13.2 25.6327 -8.09474e-08 5528.02 0 0 0 47.4263 0 0 2.63937e-07 2.90618e-18 2.23303e-06 1.68703e-08 0.121844 -1.95061e-07 4.98588 28.6723 -7.95833e-08 5533.3 28.6723 -7.95831e-08 5533.3 
13.3 25.6345 -9.34699e-08 5528.17 0 0 0 47.4263 0 0 2.63933e-07 4.52208e-18 2.23305e-06 1.87804e-08 0.171016 -1.89059e-07 4.98587 28.6753 -9.23076e-08 5533.45 28.6753 -9.23075e-08 5533.45 
13.4 25.6331 -1.05099e-07 5527.84 0 0 0 47.4263 0 0 2.63933e-07 4.65778e-18 2.23304e-06 2.08037e-08 0.263003 -1.81968e-07 4.98587 28.6749 -1.04664e-07 5533.11 28.6749 -1.04664e-07 5533.11 
13.5 25.6406 -1.15061e-07 5528.09 0 0 0 47.4263 0 0 2.63933e-07 4.31551e-18 2.23306e-06 2.30684e-08 0.240043 -1.76956e-07 4.98586 28.6845 -1.15639e-07 5533.34 28.6845 -1.15639e-07 5533.34 
13.6 25.6446 -1.24891e-07 5527.67 0 0 0 47.4263 0 0 2.63939e-07 3.99728e-18 2.23305e-06 2.54094e-08 0.232116 -1.76589e-07 4.98587 28.6908 -1.26632e-07 5532.92 28.6908 -1.26632e-07 5532.92 
13.7 25.6601 -1.35363e-07 5527.89 0 0 0 47.4263 0 0 2.63945e-07 4.05283e-18 2.23303e-06 2.80375e-08 0.193337 -1.74881e-07 4.98587 28.7083 -1.3815e-07 5533.12 28.7083 -1.3815e-07 5533.12 
13.8 25.6765 -1.43194e-07 5527.78 0 0 0 47.4263 0 0 2.63955e-07 4.06944e-18 2.23302e-06 3.00782e-08 0.0984939 -1.68287e-07 4.98587 28.7271 -1.46983e-07 5533 28.7271 -1.46983e-07 5533 
13.9 25.7006 -1.4886e-07 5527.96 0 0 0 47.4263 0 0 2.63964e-07 3.95143e-18 2.23299e-06 3.15e-08 0.0709616 -1.57728e-07 4.98586 28.7535 -1.5348e-07 5533.17 28.7535 -1.5348e-07 5533.17 
14 25.7287 -1.53442e-07 5528.08 0 0 0 47.4263 0 0 2.63973e-07 4.18452e-18 2.23299e-06 3.2383e-08 0.0771308 -1.44173e-07 4.98585 28.784 -1.58815e-07 5533.28 28.784 -1.58815e-07 5533.28 
14.1 25.7597 -1.57365e-07 5528.19 0 0 0 47.4263 0 0 2.63985e-07 4.10802e-18 2.23297e-06 3.28992e-08 0.0969618 -1.28364e-07 4.98584 28.8178 -1.63321e-07 5533.38 28.8178 -1.63321e-07 5533.38 
14.2 25.8114 -1.58506e-07 5528.08 0 0 0 47.4263 0 0 2.64007e-07 4.26282e-18 2.23298e-06 3.26724e-08 -0.010934 -1.07396e-07 4.98583 28.8724 -1.64909e-07 5533.26 28.8724 -1.64908e-07 5533.26 
14.3 25.8343 -1.61347e-07 5528.15 0 0 0 47.4263 0 0 2.64013e-07 4.21931e-18 2.23297e-06 3.25746e-08 0.0680861 -9.00805e-08 4.98582 28.8984 -1.68011e-07 5533.33 28.8984 -1.68011e-07 5533.33 
14.4 25.868 -1.61104e-07 5528.22 0 0 0 47.4263 0 0 2.64009e-07 4.50012e-18 2.23339e-06 3.21563e-08 -0.0798464 -7.08351e-08 4.98581 28.9351 -1.6812e-07 5533.39 28.9351 -1.6812e-07 5533.39 
14.5 25.9096 -1.60047e-07 5528.22 0 0 0 47.4263 0 0 2.64044e-07 4.29698e-18 2.23298e-06 3.14787e-08 -0.0139387 -5.02519e-08 4.98581 28.98 -1.6737e-07 5533.39 28.98 -1.6737e-07 5533.39 
14.6 25.9773 -1.49275e-07 5528.25 0 0 0 47.4263 0 0 2.64074e-07 4.6172e-18 2.23299e-06 2.91333e-08 -0.172005 -2.28471e-08 4.9858 29.0508 -1.5667e-07 5533.42 29.0508 -1.5667e-07 5533.42 
14.7 26.0142 -1.44744e-07 5528.28 0 0 0 47.4263 0 0 2.64087e-07 4.47237e-18 2.23302e-06 2.73775e-08 -0.156145 1.16495e-09 4.9858 29.0908 -1.52203e-07 5533.44 29.0908 -1.52203e-07 5533.44 
14.8 26.0509 -1.40617e-07 5528.21 0 0 0 47.4263 0 0 2.64101e-07 4.62269e-18 2.23299e-06 2.5989e-08 -0.105803 2.06629e-08 4.98579 29.1305 -1.4809e-07 5533.37 29.1305 -1.48089e-07 5533.37 
14.9 26.0885 -1.34273e-07 5528.27 0 0 0 47.4263 0 0 2.64115e-07 4.71818e-18 2.23302e-06 2.44109e-08 -0.0574395 4.17398e-08 4.98579 29.1709 -1.41812e-07 5533.43 29.1709 -1.41812e-07 5533.43 
15 26.1442 -1.18823e-07 5528.36 0 0 0 47.4263 0 0 2.64139e-07 4.60312e-18 2.2331e-06 2.15453e-08 -0.217321 6.49988e-08 4.98579 29.2297 -1.2636e-07 5533.52 29.2297 -1.2636e-07 5533.52 
15.1 26.1778 -1.13122e-07 5529.35 0 0 0 47.4263 0 0 2.64174e-07 5.07996e-18 2.23293e-06 2.01868e-08 -0.886853 8.38916e-08 4.98579 29.2658 -1.20568e-07 5534.51 29.2658 -1.20568e-07 5534.51 
15.2 26.21 -1.03737e-07 5528.47 0 0 0 47.4263 0 0 2.64174e-07 5.07996e-18 2.23293e-06 1.7749e-08 -0.203863 1.02887e-07 4.98579 29.3005 -1.11047e-07 5533.64 29.3005 -1.11047e-07 5533.64 
15.3 26.2532 -9.32485e-08 5528.91 0 0 0 47.4263 0 0 2.64191e-07 5.03649e-18 2.23303e-06 1.61365e-08 -0.479332 1.17885e-07 4.98578 29.3462 -1.00593e-07 5534.07 29.3462 -1.00592e-07 5534.07 
15.4 26.2952 -7.70373e-08 5529.64 0 0 0 47.4263 0 0 2.64218e-07 5.35654e-18 2.233e-06 1.29176e-08 -0.906161 1.4059e-07 4.98578 29.3906 -8.42454e-08 5534.81 29.3906 -8.42454e-08 5534.81 
15.5 26.3255 -5.88161e-08 5528.36 0 0 0 47.4263 0 0 2.64218e-07 5.35654e-18 2.233e-06 8.44918e-09 -0.12798 1.65394e-07 4.98578 29.4228 -6.56723e-08 5533.53 29.4228 -6.56719e-08 5533.53 
15.6 26.3637 -4.60458e-08 5529.11 0 0 0 47.4263 0 0 2.64238e-07 6.11938e-18 2.23307e-06 6.33672e-09 -0.55899 1.76667e-07 4.98578 29.463 -5.21653e-08 5534.29 29.463 -5.21653e-08 5534.29 
15.7 26.4013 -2.95413e-08 5529.94 0 0 0 47.4263 0 0 2.64165e-07 3.92646e-18 2.23509e-06 2.66697e-09 -0.921078 1.9128e-07 4.98579 29.5023 -3.56193e-08 5535.12 29.5023 -3.56197e-08 5535.12 
15.8 26.4225 -1.40916e-08 5528.47 0 0 0 47.4263 0 0 2.64165e-07 3.92646e-18 2.23509e-06 -8.15162e-10 -0.205647 2.03369e-07 4.98579 29.525 -1.96852e-08 5533.65 29.525 -1.96847e-08 5533.65 
15.9 26.4532 2.23314e-09 5529.28 0 0 0 47.4263 0 0 2.64359e-07 6.05252e-18 2.23118e-06 -3.15526e-09 -0.552098 2.13739e-07 4.98578 29.5569 -2.25296e-09 5534.47 29.5569 -2.25253e-09 5534.47 
16 26.4823 1.99501e-08 5530.14 0 0 0 47.4263 0 0 2.64278e-07 4.91022e-18 2.2335e-06 -6.52318e-09 -0.819039 2.23585e-07 4.98579 29.5871 1.58157e-08 5535.33 29.5871 1.58156e-08 5535.33 
16.1 26.4909 3.77809e-08 5528.55 0 0 0 47.4263 0 0 2.64278e-07 4.91022e-18 2.2335e-06 -1.04184e-08 -0.227225 2.32165e-07 4.98579 29.5965 3.43115e-08 5533.75 29.5965 3.43117e-08 5533.75 
16.2 26.5126 5.45863e-08 5529.38 0 0 0 47.4263 0 0 2.64299e-07 5.5567e-18 2.23315e-06 -1.31467e-08 -0.46731 2.35938e-07 4.9858 29.6185 5.19941e-08 5534.6 29.6185 5.19943e-08 5534.6 
16.3 26.5307 7.18319e-08 5530.22 0 0 0 47.4263 0 0 2.64312e-07 5.54073e-18 2.2331e-06 -1.60853e-08 -0.64058 2.38176e-07 4.98581 29.637 6.98296e-08 5535.44 29.637 6.98294e-08 5535.44 
16.4 26.5256 8.9241e-08 5528.62 0 0 0 47.4263 0 0 2.64312e-07 5.54073e-18 2.2331e-06 -1.9543e-08 -0.219405 2.38856e-07 4.98581 29.6317 8.78886e-08 5533.85 29.6317 8.78885e-08 5533.85 
16.5 26.5362 1.05014e-07 5529.42 0 0 0 47.4263 0 0 2.64319e-07 5.84415e-18 2.23305e-06 -2.21121e-08 -0.351552 2.36752e-07 4.98582 29.6418 1.04619e-07 5534.66 29.6418 1.04619e-07 5534.66 
16.6 26.5426 1.20508e-07 5530.17 0 0 0 47.4263 0 0 2.64319e-07 4.22383e-18 2.23309e-06 -2.47778e-08 -0.414875 2.31741e-07 4.98583 29.6475 1.20656e-07 5535.42 29.6475 1.20657e-07 5535.42 
16.7 26.5243 1.35522e-07 5528.66 0 0 0 47.4263 0 0 2.64319e-07 4.22383e-18 2.23309e-06 -2.74095e-08 -0.186948 2.2384e-07 4.98583 29.628 1.36318e-07 5533.92 29.628 1.36319e-07 5533.92 
16.8 26.5195 1.47047e-07 5529.13 0 0 0 47.4263 0 0 2.64318e-07 5.63845e-18 2.23309e-06 -2.87648e-08 -0.211439 2.11429e-07 4.98584 29.6223 1.48721e-07 5534.4 29.6223 1.48721e-07 5534.4 
16.9 26.5041 1.59634e-07 5528.76 0 0 0 47.4263 0 0 2.64315e-07 5.78425e-18 2.23309e-06 -3.07953e-08 -0.122995 2.00727e-07 4.98585 29.6063 1.61899e-07 5534.03 29.6063 1.61899e-07 5534.03 
17 26.4833 1.70624e-07 5528.5 0 0 0 47.4263 0 0 2.64311e-07 5.51793e-18 2.23309e-06 -3.25226e-08 -0.13018 1.87642e-07 4.98585 29.5838 1.73691e-07 5533.78 29.5838 1.7369e-07 5533.78 
17.1 26.4667 1.78595e-07 5528.72 0 0 0 47.4263 0 0 2.64304e-07 5.32579e-18 2.23309e-06 -3.37338e-08 -0.0944505 1.71945e-07 4.98587 29.5639 1.82445e-07 5534.03 29.5639 1.82445e-07 5534.03 
17.2 26.4286 1.86747e-07 5528.54 0 0 0 47.4263 0 0 2.64297e-07 5.51195e-18 2.23309e-06 -3.55252e-08 -0.333478 1.6012e-07 4.98587 29.5237 1.91657e-07 5533.86 29.5237 1.91657e-07 5533.86 
17.3 26.3941 1.88491e-07 5528.71 0 0 0 47.4263 0 0 2.64277e-07 5.06651e-18 2.23317e-06 -3.50232e-08 -0.0668086 1.32992e-07 4.98588 29.4889 1.93823e-07 5534.02 29.4889 1.93823e-07 5534.02 
17.4 26.3638 1.90001e-07 5528.66 0 0 0 47.4263 0 0 2.64267e-07 5.27153e-18 2.23318e-06 -3.48623e-08 -0.0542798 1.11422e-07 4.98588 29.4567 1.95829e-07 5533.97 29.4567 1.95828e-07 5533.97 
17.5 26.3393 1.9075e-07 5528.6 0 0 0 47.4263 0 0 2.64262e-07 5.0553e-18 2.23308e-06 -3.44738e-08 0.0368907 8.9108e-08 4.98589 29.4297 1.96951e-07 5533.92 29.4297 1.96952e-07 5533.92 
17.6 26.2945 1.90677e-07 5528.56 0 0 0 47.4263 0 0 2.64259e-07 5.02851e-18 2.23297e-06 -3.42592e-08 -0.184679 6.87554e-08 4.98589 29.3827 1.97471e-07 5533.89 29.3827 1.97471e-07 5533.89 
17.7 26.2704 1.85007e-07 5528.7 0 0 0 47.4263 0 0 2.64232e-07 4.99909e-18 2.23311e-06 -3.19832e-08 0.341788 3.59689e-08 4.98591 29.3596 1.91588e-07 5533.99 29.3596 1.91588e-07 5533.99 
17.8 26.2231 1.85079e-07 5528.49 0 0 0 47.4263 0 0 2.6427e-07 4.88694e-18 2.23196e-06 -3.05473e-08 0.0142065 8.93846e-09 4.98595 29.302 1.91746e-07 5533.84 29.302 1.91746e-07 5533.84 
17.9 26.171 1.80699e-07 5528.64 0 0 0 47.4263 0 0 2.64215e-07 4.73981e-18 2.23299e-06 -2.80207e-08 -0.359428 -2.29384e-08 4.98593 29.2433 1.86999e-07 5534.03 29.2433 1.86999e-07 5534.03 
18 26.1335 1.6829e-07 5528.56 0 0 0 47.4263 0 0 2.642e-07 4.74744e-18 2.23298e-06 -2.64835e-08 -0.185359 -4.33945e-08 4.98596 29.2103 1.75135e-07 5533.9 29.2103 1.75136e-07 5533.9 
18.1 26.0949 1.55513e-07 5528.46 0 0 0 47.4263 0 0 2.6418e-07 4.84703e-18 2.23306e-06 -2.57519e-08 -0.149552 -5.54951e-08 4.98594 29.1683 1.63434e-07 5533.81 29.1683 1.63434e-07 5533.81 
18.2 26.0531 1.39618e-07 5528.37 0 0 0 47.4263 0 0 2.64154e-07 4.73628e-18 2.23309e-06 -2.45428e-08 0.115328 -6.91651e-08 4.98593 29.1225 1.48475e-07 5533.73 29.1225 1.48475e-07 5533.73 
18.3 26.0057 1.23402e-07 5528.2 0 0 0 47.4263 0 0 2.64123e-07 4.61241e-18 2.23322e-06 -2.29159e-08 0.391707 -8.48615e-08 4.98592 29.0736 1.32927e-07 5533.56 29.0736 1.32927e-07 5533.56 
18.4 25.9627 1.05934e-07 5528.26 0 0 0 47.4263 0 0 2.64107e-07 4.50228e-18 2.23323e-06 -2.01064e-08 0.225767 -1.0442e-07 4.98594 29.0254 1.15647e-07 5533.65 29.0254 1.15648e-07 5533.65 
18.5 25.9163 8.66002e-08 5528.05 0 0 0 47.4263 0 0 2.64092e-07 4.57696e-18 2.23291e-06 -1.78275e-08 0.457048 -1.19315e-07 4.98597 28.9722 9.68036e-08 5533.47 28.9722 9.68035e-08 5533.47 
18.6 25.8344 7.35247e-08 5528.43 0 0 0 47.4263 0 0 2.64071e-07 4.37684e-18 2.23316e-06 -1.66054e-08 -0.457517 -1.24903e-07 4.98595 28.8966 8.41931e-08 5533.8 28.8966 8.41931e-08 5533.8 
18.7 25.8264 3.92807e-08 5528.32 0 0 0 47.4263 0 0 2.64034e-07 4.2796e-18 2.23333e-06 -1.30313e-08 0.543765 -1.36298e-07 4.98598 28.8868 5.08762e-08 5533.68 28.8868 5.08762e-08 5533.68 
18.8 25.7695 1.48822e-08 5528.2 0 0 0 47.4263 0 0 2.64009e-07 4.24767e-18 2.23346e-06 -4.8386e-09 0.640728 -1.81127e-07 4.98596 28.8274 2.38195e-08 5533.56 28.8274 2.38197e-08 5533.56 
18.9 25.7321 5.3494e-10 5528.23 0 0 0 47.4263 0 0 2.63996e-07 4.11612e-18 2.23344e-06 1.87925e-09 0.685623 -2.19058e-07 4.98597 28.7888 6.9193e-09 5533.56 28.7888 6.91947e-09 5533.56 
19 25.7001 -1.04734e-08 5528.31 0 0 0 47.4263 0 0 2.63991e-07 3.90196e-18 2.23333e-06 7.41162e-09 0.527882 -2.48501e-07 4.98599 28.755 -6.22197e-09 5533.62 28.755 -6.22202e-09 5533.62 
19.1 25.6725 -2.35392e-08 5528.38 0 0 0 47.4263 0 0 2.63988e-07 3.74406e-18 2.23327e-06 1.17573e-08 0.330358 -2.65653e-07 4.98598 28.7253 -2.06843e-08 5533.68 28.7253 -2.06833e-08 5533.68 
19.2 25.6446 -4.07403e-08 5528.37 0 0 0 47.4263 0 0 2.63984e-07 3.71883e-18 2.23318e-06 1.50529e-08 0.164434 -2.70897e-07 4.98597 28.6954 -3.86036e-08 5533.66 28.6954 -3.86036e-08 5533.66 
19.3 25.6262 -5.95674e-08 5528.28 0 0 0 47.4263 0 0 2.63978e-07 3.95229e-18 2.23316e-06 1.72893e-08 0.0799722 -2.65269e-07 4.98594 28.6752 -5.7617e-08 5533.56 28.6752 -5.76166e-08 5533.56 
19.4 25.6081 -8.2054e-08 5528.12 0 0 0 47.4263 0 0 2.63967e-07 4.04018e-18 2.23316e-06 1.92843e-08 0.0436941 -2.53902e-07 4.98591 28.6557 -7.99717e-08 5533.4 28.6557 -7.99714e-08 5533.4 
19.5 25.5997 -9.60669e-08 5528.24 0 0 0 47.4263 0 0 2.6396e-07 3.83614e-18 2.23302e-06 2.01847e-08 -0.0169963 -2.4178e-07 4.9859 28.6465 -9.37661e-08 5533.52 28.6465 -9.37661e-08 5533.52 
19.6 25.5885 -1.13268e-07 5527.76 0 0 0 47.4263 0 0 2.63951e-07 3.98504e-18 2.23312e-06 2.12237e-08 0.126704 -2.27052e-07 4.98589 28.635 -1.1077e-07 5533.05 28.635 -1.10771e-07 5533.05 
19.7 25.5792 -1.30802e-07 5527.38 0 0 0 47.4263 0 0 2.63945e-07 4.11156e-18 2.23305e-06 2.24847e-08 0.263027 -2.12348e-07 4.98589 28.6257 -1.28273e-07 5532.67 28.6257 -1.28273e-07 5532.67 
19.8 25.5736 -1.4714e-07 5527.03 0 0 0 47.4263 0 0 2.63932e-07 4.16676e-18 2.23307e-06 2.40486e-08 0.396113 -1.98304e-07 4.98589 28.6203 -1.44813e-07 5532.32 28.6203 -1.44814e-07 5532.32 
19.9 25.5831 -1.62418e-07 5528.16 0 0 0 47.4263 0 0 2.63932e-07 4.16676e-18 2.23307e-06 2.61127e-08 0.17626 -1.85357e-07 4.98589 28.6301 -1.60534e-07 5533.44 28.6301 -1.60534e-07 5533.44 
20 25.5847 -1.75174e-07 5527.86 0 0 0 47.4263 0 0 2.63923e-07 4.2307e-18 2.23339e-06 2.78551e-08 0.297011 -1.72607e-07 4.98591 28.6322 -1.74054e-07 5533.13 28.6322 -1.74053e-07 5533.13 
20.1 25.589 -1.85555e-07 5527.59 0 0 0 47.4263 0 0 2.6392e-07 4.28619e-18 2.23335e-06 2.9728e-08 0.337243 -1.6053e-07 4.98591 28.6369 -1.85368e-07 5532.85 28.6369 -1.85367e-07 5532.85 
20.2 25.5963 -1.93227e-07 5527.35 0 0 0 47.4263 0 0 2.63935e-07 4.21832e-18 2.23311e-06 3.1518e-08 0.288197 -1.4817e-07 4.98589 28.6448 -1.94188e-07 5532.6 28.6448 -1.94188e-07 5532.6 
20.3 25.6067 -1.98623e-07 5527.14 0 0 0 47.4263 0 0 2.63926e-07 4.43727e-18 2.23347e-06 3.30912e-08 0.152342 -1.34797e-07 4.98588 28.6559 -2.00734e-07 5532.38 28.6559 -2.00734e-07 5532.38 
20.4 25.635 -2.03133e-07 5528.1 0 0 0 47.4263 0 0 2.63926e-07 4.43727e-18 2.23347e-06 3.43921e-08 0.215186 -1.19817e-07 4.98588 28.6847 -2.06315e-07 5533.33 28.6847 -2.06316e-07 5533.33 
20.5 25.6669 -2.0301e-07 5528.12 0 0 0 47.4263 0 0 2.63943e-07 4.23752e-18 2.23328e-06 3.47269e-08 0.161764 -9.81425e-08 4.98586 28.7176 -2.07224e-07 5533.33 28.7176 -2.07224e-07 5533.33 
20.6 25.6881 -2.01967e-07 5528.26 0 0 0 47.4263 0 0 2.6395e-07 4.39956e-18 2.23331e-06 3.48415e-08 0.135318 -7.96969e-08 4.98585 28.7397 -2.06994e-07 5533.46 28.7397 -2.06994e-07 5533.46 
20.7 25.7204 -1.97602e-07 5528.24 0 0 0 47.4263 0 0 2.63966e-07 4.47883e-18 2.2332e-06 3.40263e-08 0.0621001 -5.50513e-08 4.98583 28.7731 -2.03258e-07 5533.44 28.7731 -2.03258e-07 5533.44 
20.8 25.7534 -1.92762e-07 5528.23 0 0 0 47.4263 0 0 2.63974e-07 4.42373e-18 2.23326e-06 3.28815e-08 0.0300314 -2.97625e-08 4.98582 28.8078 -1.98885e-07 5533.43 28.8078 -1.98885e-07 5533.43 
20.9 25.7901 -1.85201e-07 5528.26 0 0 0 47.4263 0 0 2.63965e-07 4.67515e-18 2.23367e-06 3.11272e-08 0.0156967 -3.17612e-09 4.98581 28.8461 -1.91627e-07 5533.45 28.8461 -1.91627e-07 5533.45 
21 25.8251 -1.7747e-07 5528.17 0 0 0 47.4263 0 0 2.64e-07 4.6066e-18 2.23318e-06 2.92854e-08 0.00878164 2.27414e-08 4.9858 28.8829 -1.84141e-07 5533.36 28.8829 -1.8414e-07 5533.36 
21.1 25.8756 -1.62403e-07 5528.19 0 0 0 47.4263 0 0 2.64036e-07 4.79086e-18 2.23304e-06 2.64647e-08 -0.0924038 5.0882e-08 4.9858 28.9354 -1.69231e-07 5533.38 28.9354 -1.6923e-07 5533.38 
21.2 25.9335 -1.40696e-07 5528.28 0 0 0 47.4263 0 0 2.64049e-07 4.82817e-18 2.2331e-06 2.28897e-08 -0.246488 7.86117e-08 4.9858 28.9952 -1.47635e-07 5533.46 28.9952 -1.47635e-07 5533.46 
21.3 25.9519 -1.40539e-07 5528.28 0 0 0 47.4263 0 0 2.64049e-07 4.82817e-18 2.2331e-06 2.17851e-08 -0.0150015 9.83164e-08 4.9858 29.0151 -1.4757e-07 5533.47 29.0151 -1.4757e-07 5533.47 
21.4 25.992 -1.26077e-07 5528.26 0 0 0 47.4263 0 0 2.64063e-07 5.14561e-18 2.2331e-06 1.92803e-08 -0.0268886 1.19111e-07 4.9858 29.057 -1.33236e-07 5533.44 29.057 -1.33236e-07 5533.44 
21.5 26.0538 -9.55297e-08 5528.32 0 0 0 47.4263 0 0 2.64092e-07 5.20416e-18 2.23309e-06 1.48405e-08 -0.272187 1.41803e-07 4.98579 29.1205 -1.02726e-07 5533.5 29.1205 -1.02726e-07 5533.5 
21.6 26.0886 -8.22001e-08 5528.38 0 0 0 47.4263 0 0 2.64105e-07 5.11416e-18 2.23308e-06 1.24074e-08 -0.214215 1.58504e-07 4.98579 29.157 -8.94011e-08 5533.57 29.157 -8.94014e-08 5533.57 
21.7 26.1215 -6.80972e-08 5528.32 0 0 0 47.4263 0 0 2.64115e-07 5.29494e-18 2.2331e-06 9.95091e-09 -0.151211 1.73293e-07 4.98579 29.1913 -7.53084e-08 5533.51 29.1913 -7.53086e-08 5533.51 
21.8 26.1698 -4.11626e-08 5528.47 0 0 0 47.4263 0 0 2.64139e-07 5.33683e-18 2.23305e-06 5.95354e-09 -0.260503 1.87913e-07 4.98579 29.2411 -4.81664e-08 5533.65 29.2411 -4.81663e-08 5533.65 
21.9 26.2127 -1.44144e-08 5528.51 0 0 0 47.4263 0 0 2.6416e-07 4.96121e-18 2.23303e-06 1.9566e-09 -0.426209 1.98554e-07 4.98578 29.2855 -2.11739e-08 5533.7 29.2855 -2.1174e-08 5533.7 
22 26.2267 -1.13835e-08 5528.26 0 0 0 47.4263 0 0 2.6416e-07 4.96121e-18 2.23303e-06 7.56237e-10 -0.183816 2.06498e-07 4.98578 29.3005 -1.81439e-08 5533.45 29.3005 -1.81439e-08 5533.45 
22.1 26.2617 8.73396e-09 5528.39 0 0 0 47.4263 0 0 2.64171e-07 5.62844e-18 2.23302e-06 -2.20201e-09 -0.165013 2.14226e-07 4.98579 29.3368 2.30951e-09 5533.58 29.3368 2.30974e-09 5533.58 
22.2 26.2923 2.89715e-08 5528.36 0 0 0 47.4263 0 0 2.64201e-07 5.22074e-18 2.23293e-06 -5.10223e-09 -0.204901 2.16459e-07 4.98579 29.3684 2.2691e-08 5533.56 29.3684 2.26909e-08 5533.56 
22.3 26.3214 5.03536e-08 5528.39 0 0 0 47.4263 0 0 2.64213e-07 6.41005e-18 2.23296e-06 -8.7884e-09 -0.232482 2.26032e-07 4.98579 29.3985 4.53663e-08 5533.59 29.3985 4.53663e-08 5533.59 
22.4 26.347 6.82899e-08 5528.41 0 0 0 47.4263 0 0 2.64225e-07 3.30179e-18 2.23282e-06 -1.14269e-08 -0.234962 2.2143e-07 4.98579 29.4249 6.26949e-08 5533.62 29.4249 6.26953e-08 5533.62 
22.5 26.3696 8.55636e-08 5528.44 0 0 0 47.4263 0 0 2.64223e-07 6.91617e-18 2.23304e-06 -1.34866e-08 -0.238689 2.18237e-07 4.98579 29.4483 8.07835e-08 5533.66 29.4483 8.07835e-08 5533.66 
22.6 26.3887 1.07246e-07 5528.46 0 0 0 47.4263 0 0 2.64234e-07 6.05837e-18 2.23301e-06 -1.66401e-08 -0.23289 2.227e-07 4.9858 29.4679 1.0288e-07 5533.69 29.4679 1.0288e-07 5533.69 
22.7 26.4025 1.1709e-07 5528.41 0 0 0 47.4263 0 0 2.64243e-07 5.25973e-18 2.23296e-06 -1.86586e-08 -0.159817 2.10512e-07 4.98581 29.4822 1.1357e-07 5533.64 29.4822 1.1357e-07 5533.64 
22.8 26.4198 1.38454e-07 5528.64 0 0 0 47.4263 0 0 2.64262e-07 5.11603e-18 2.2328e-06 -2.14903e-08 -0.25344 2.00409e-07 4.98582 29.4997 1.35472e-07 5533.88 29.4997 1.35472e-07 5533.88 
22.9 26.4301 1.55405e-07 5528.86 0 0 0 47.4263 0 0 2.64262e-07 5.25995e-18 2.23294e-06 -2.3492e-08 -0.246752 1.86245e-07 4.98583 29.5102 1.53026e-07 5534.1 29.5102 1.53026e-07 5534.1 
23 26.4291 1.58364e-07 5528.48 0 0 0 47.4263 0 0 2.64262e-07 5.25995e-18 2.23294e-06 -2.42856e-08 -0.162079 1.77284e-07 4.98583 29.5092 1.56406e-07 5533.72 29.5092 1.56406e-07 5533.72 
23.1 26.4312 1.69889e-07 5528.62 0 0 0 47.4263 0 0 2.64265e-07 5.24114e-18 2.23296e-06 -2.56856e-08 -0.170411 1.60753e-07 4.98584 29.511 1.68462e-07 5533.88 29.511 1.68462e-07 5533.88 
23.2 26.4281 1.79077e-07 5528.81 0 0 0 47.4263 0 0 2.64269e-07 5.35648e-18 2.23293e-06 -2.67131e-08 -0.260426 1.4246e-07 4.98584 29.5074 1.7841e-07 5534.07 29.5074 1.7841e-07 5534.07 
23.3 26.4229 1.81462e-07 5528.45 0 0 0 47.4263 0 0 2.64269e-07 5.35648e-18 2.23293e-06 -2.73896e-08 -0.235727 1.31233e-07 4.98584 29.5018 1.81634e-07 5533.71 29.5018 1.81634e-07 5533.71 
23.4 26.4155 1.87102e-07 5528.55 0 0 0 47.4263 0 0 2.64267e-07 5.00355e-18 2.23293e-06 -2.79229e-08 -0.123464 1.0999e-07 4.98586 29.4938 1.87838e-07 5533.82 29.4938 1.87838e-07 5533.82 
23.5 26.4064 1.87723e-07 5528.44 0 0 0 47.4263 0 0 2.64266e-07 5.13334e-18 2.23293e-06 -2.72965e-08 -0.117978 8.58549e-08 4.98586 29.4842 1.8894e-07 5533.72 29.4842 1.8894e-07 5533.72 
23.6 26.3905 1.90866e-07 5528.57 0 0 0 47.4263 0 0 2.64262e-07 5.16968e-18 2.23295e-06 -2.81105e-08 -0.117937 7.06408e-08 4.98587 29.4675 1.9281e-07 5533.85 29.4675 1.92809e-07 5533.85 
23.7 26.3758 1.899e-07 5528.44 0 0 0 47.4263 0 0 2.64258e-07 4.7338e-18 2.23295e-06 -2.77834e-08 -0.102705 5.03637e-08 4.98588 29.4519 1.9246e-07 5533.73 29.4519 1.9246e-07 5533.73 
23.8 26.3557 1.86136e-07 5528.53 0 0 0 47.4263 0 0 2.64251e-07 5.03718e-18 2.23294e-06 -2.70595e-08 -0.0159516 2.7667e-08 4.98589 29.4307 1.89226e-07 5533.83 29.4307 1.89226e-07 5533.83 
23.9 26.3331 1.80963e-07 5528.49 0 0 0 47.4263 0 0 2.64244e-07 4.90947e-18 2.23303e-06 -2.59977e-08 -0.111148 5.71633e-09 4.9859 29.4071 1.84559e-07 5533.78 29.4071 1.84559e-07 5533.78 
24 26.3147 1.75733e-07 5528.44 0 0 0 47.4263 0 0 2.64307e-07 4.78306e-18 2.23129e-06 -2.55331e-08 0.119222 -1.22033e-08 4.9859 29.3874 1.79963e-07 5533.74 29.3874 1.79963e-07 5533.74 
24.1 26.2907 1.67369e-07 5528.42 0 0 0 47.4263 0 0 2.64196e-07 4.34658e-18 2.23358e-06 -2.46093e-08 0.294849 -3.25416e-08 4.98591 29.3622 1.72111e-07 5533.73 29.3622 1.72111e-07 5533.73 
24.2 26.2648 1.58003e-07 5528.28 0 0 0 47.4263 0 0 2.64276e-07 5.01052e-18 2.23129e-06 -2.26989e-08 0.552723 -5.55147e-08 4.98592 29.3351 1.63174e-07 5533.59 29.3351 1.63173e-07 5533.59 
24.3 26.2336 1.47607e-07 5528.35 0 0 0 47.4263 0 0 2.64276e-07 5.01052e-18 2.23129e-06 -2.04103e-08 0.143745 -7.73363e-08 4.98592 29.3028 1.53083e-07 5533.66 29.3028 1.53083e-07 5533.66 
24.4 26.2042 1.34886e-07 5528.23 0 0 0 47.4263 0 0 2.64192e-07 4.49021e-18 2.233e-06 -1.85792e-08 0.388303 -9.7915e-08 4.98592 29.2722 1.40503e-07 5533.55 29.2722 1.40503e-07 5533.55 
24.5 26.1736 1.20861e-07 5528.05 0 0 0 47.4263 0 0 2.64325e-07 4.25131e-18 2.22881e-06 -1.66553e-08 0.671069 -1.16439e-07 4.98593 29.2403 1.26645e-07 5533.36 29.2403 1.26645e-07 5533.36 
24.6 26.1398 1.06211e-07 5528.3 0 0 0 47.4263 0 0 2.64325e-07 4.25131e-18 2.22881e-06 -1.39567e-08 0.179794 -1.33625e-07 4.98593 29.2053 1.12231e-07 5533.62 29.2053 1.12231e-07 5533.62 
24.7 26.1081 7.87509e-08 5527.49 0 0 0 47.4263 0 0 2.64141e-07 2.11871e-17 2.23294e-06 -7.47486e-09 1.20324 -1.70725e-07 4.98593 29.1722 9.07342e-08 5532.81 29.1722 9.07342e-08 5532.81 
24.8 26.075 4.4383e-08 5527.86 0 0 0 47.4263 0 0 2.64141e-07 2.11871e-17 2.23294e-06 1.36459e-09 0.695392 -2.27852e-07 4.98593 29.138 6.0764e-08 5533.18 29.138 6.07638e-08 5533.18 
24.9 26.0423 -3.68322e-10 5528.25 0 0 0 47.4263 0 0 2.64141e-07 2.11871e-17 2.23294e-06 1.31672e-08 0.187085 -3.05183e-07 4.98593 29.1043 2.28129e-08 5533.58 29.1043 2.28124e-08 5533.58 
25 26.0095 -6.4893e-08 5527.34 0 0 0 47.4263 0 0 2.64106e-07 4.43376e-17 2.23299e-06 5.05464e-08 1.07881 -3.91911e-07 4.98592 29.0703 -4.5651e-08 5532.66 29.0703 -4.56514e-08 5532.66 
25.1 25.9782 -5.61859e-08 5527.83 0 0 0 47.4263 0 0 2.64106e-07 4.43376e-17 2.23299e-06 5.5226e-08 0.566584 -4.05203e-07 4.98592 29.0382 -7.46611e-08 5533.15 29.0382 -7.46615e-08 5533.15 
25.2 25.9473 -2.27403e-08 5528.34 0 0 0 47.4263 0 0 2.64106e-07 4.43376e-17 2.23299e-06 5.69869e-08 0.0521122 -3.93473e-07 4.98592 29.0064 -9.598e-08 5533.66 29.0064 -9.59797e-08 5533.66 
25.3 25.9178 3.16135e-07 5527.91 0 0 0 47.4263 0 0 2.6408e-07 -2.37918e-17 2.23309e-06 -1.43639e-07 0.430543 4.16374e-07 4.98592 28.9762 2.52128e-07 5533.22 28.9762 2.52129e-07 5533.22 
25.4 25.8868 2.53319e-07 5527.37 0 0 0 47.4263 0 0 2.6406e-07 -1.06518e-16 2.23312e-06 -4.27741e-07 0.782734 2.66497e-07 4.98593 28.9446 2.58098e-07 5532.68 28.9446 2.58097e-07 5532.68 
25.5 25.8612 2.18556e-07 5528.01 0 0 0 47.4263 0 0 2.6406e-07 -1.06518e-16 2.23312e-06 -3.97866e-07 0.308032 1.17244e-07 4.98593 28.9185 2.33426e-07 5533.32 28.9185 2.33426e-07 5533.32 
25.6 25.8347 -2.5574e-07 5527.5 0 0 0 47.4263 0 0 2.6403e-07 1.88e-16 2.23316e-06 3.27706e-07 0.609419 -6.15005e-07 4.98589 28.891 -1.94875e-07 5532.81 28.891 -1.94875e-07 5532.81 
25.7 25.815 -6.91895e-07 5528.18 0 0 0 47.4263 0 0 2.6403e-07 1.88e-16 2.23316e-06 4.51971e-07 0.194817 -1.52084e-06 4.98589 28.871 -6.62416e-07 5533.48 28.871 -6.62416e-07 5533.48 
25.8 25.7912 -1.0831e-07 5527.89 0 0 0 47.4263 0 0 2.64023e-07 6.90335e-17 2.23318e-06 2.42743e-08 0.326054 -2.59187e-07 4.9859 28.8473 -1.02624e-07 5533.19 28.8473 -1.02625e-07 5533.19 
25.9 25.775 -2.47578e-07 5528.09 0 0 0 47.4263 0 0 2.64017e-07 3.27473e-17 2.23319e-06 6.25083e-08 0.219765 -4.90423e-07 4.9859 28.8309 -2.36863e-07 5533.38 28.8309 -2.36862e-07 5533.38 
26 25.7602 1.57952e-09 5528.28 0 0 0 47.4263 0 0 2.6401e-07 1.3177e-17 2.2332e-06 -9.68794e-09 0.139226 1.17372e-07 4.9859 28.8155 6.85811e-09 5533.57 28.8155 6.85864e-09 5533.57 
26.1 25.7396 -6.2568e-08 5527.54 0 0 0 47.4263 0 0 2.63992e-07 1.23518e-18 2.2332e-06 9.52221e-10 0.367796 -4.97994e-08 4.98588 28.7962 -5.82348e-08 5532.82 28.7962 -5.82353e-08 5532.82 
26.2 25.7379 -9.23777e-08 5528.18 0 0 0 47.4263 0 0 2.63992e-07 1.23518e-18 2.2332e-06 1.52634e-08 0.21618 -1.17237e-07 4.98588 28.7949 -9.16573e-08 5533.45 28.7949 -9.16573e-08 5533.45 
26.3 25.7232 -1.16605e-07 5527.92 0 0 0 47.4263 0 0 2.63988e-07 1.46035e-18 2.23319e-06 1.97468e-08 0.213115 -1.46504e-07 4.98586 28.7809 -1.17194e-07 5533.19 28.7809 -1.17195e-07 5533.19 
26.4 25.7122 -1.23362e-07 5527.73 0 0 0 47.4263 0 0 2.63938e-07 1.26826e-17 2.23334e-06 1.82094e-08 0.149059 -1.27958e-07 4.98582 28.772 -1.21396e-07 5532.97 28.772 -1.21395e-07 5532.97 
26.5 25.7248 -1.53907e-07 5527.43 0 0 0 47.4263 0 0 2.63903e-07 -1.39143e-18 2.23212e-06 2.05556e-08 0.213864 -1.52617e-07 4.98597 28.7758 -1.49924e-07 5532.75 28.7758 -1.49924e-07 5532.75 
26.6 25.7321 -1.86196e-07 5527.93 0 0 0 47.4263 0 0 2.63903e-07 -1.39143e-18 2.23212e-06 2.76464e-08 0.118993 -1.66428e-07 4.98597 28.779 -1.84984e-07 5533.28 28.779 -1.84985e-07 5533.28 
26.7 25.7404 1.1931e-07 5527.99 0 0 0 47.4263 0 0 2.63972e-07 -2.00435e-18 2.23299e-06 -6.34844e-08 0.380863 4.34416e-07 4.98584 28.7979 1.12463e-07 5533.25 28.7979 1.12463e-07 5533.25 
26.8 25.7522 -2.04104e-07 5528.15 0 0 0 47.4263 0 0 2.64046e-07 -2.80169e-17 2.232e-06 3.37159e-08 0.701915 -2.35863e-07 4.98586 28.8197 -2.13492e-07 5533.32 28.8197 -2.13492e-07 5533.32 
26.9 25.7446 -1.90744e-07 5528.24 0 0 0 47.4263 0 0 2.64003e-07 -4.6034e-19 2.23294e-06 3.53528e-08 -0.144111 -1.73111e-07 4.98586 28.808 -1.94288e-07 5533.46 28.808 -1.94289e-07 5533.46 
27 25.7601 -1.49771e-07 5528.21 0 0 0 47.4263 0 0 2.64003e-07 3.5687e-18 2.23304e-06 2.51425e-08 -0.168417 -5.77427e-08 4.98583 28.8247 -1.53688e-07 5533.42 28.8247 -1.53688e-07 5533.42 
27.1 25.779 -1.24638e-07 5528.19 0 0 0 47.4263 0 0 2.64005e-07 5.14257e-18 2.23303e-06 1.90606e-08 -0.139909 6.71067e-09 4.98581 28.8445 -1.27818e-07 5533.4 28.8445 -1.27817e-07 5533.4 
27.2 25.7975 -1.09764e-07 5528.2 0 0 0 47.4263 0 0 2.64007e-07 5.17308e-18 2.23307e-06 1.48552e-08 -0.0867239 5.08936e-08 4.9858 28.8638 -1.12197e-07 5533.42 28.8638 -1.12197e-07 5533.42 
27.3 25.8189 -9.05023e-08 5528.18 0 0 0 47.4263 0 0 2.64009e-07 5.36631e-18 2.23317e-06 1.05805e-08 -0.0545696 8.56147e-08 4.98579 28.8869 -9.29709e-08 5533.41 28.8869 -9.29707e-08 5533.41 
27.4 25.8362 -7.83414e-08 5528.23 0 0 0 47.4263 0 0 2.64011e-07 5.72612e-18 2.23319e-06 8.29457e-09 -0.0105283 1.08131e-07 4.98578 28.9057 -8.08326e-08 5533.45 28.9057 -8.08322e-08 5533.45 
27.5 25.856 -6.64733e-08 5528.3 0 0 0 47.4263 0 0 2.64016e-07 6.84514e-18 2.23327e-06 6.61942e-09 -0.136418 1.23396e-07 4.98579 28.9276 -6.8929e-08 5533.52 28.9276 -6.89287e-08 5533.52 
27.6 25.8767 -5.56535e-08 5528.34 0 0 0 47.4263 0 0 2.64024e-07 7.84678e-18 2.2332e-06 5.34656e-09 -0.0765541 1.30324e-07 4.98579 28.9498 -5.83644e-08 5533.56 28.9498 -5.83644e-08 5533.56 
27.7 25.8996 -4.35881e-08 5528.31 0 0 0 47.4263 0 0 2.64029e-07 7.89438e-18 2.23321e-06 4.38697e-09 0.0172418 1.33329e-07 4.9858 28.9742 -4.6785e-08 5533.52 28.9742 -4.67845e-08 5533.52 
27.8 25.9211 -3.08093e-08 5528.3 0 0 0 47.4263 0 0 2.64037e-07 8.17115e-18 2.23315e-06 3.51592e-09 0.0708223 1.33102e-07 4.98579 28.9971 -3.4579e-08 5533.51 28.9971 -3.45788e-08 5533.51 
27.9 25.9451 -1.19692e-08 5528.48 0 0 0 47.4263 0 0 2.64053e-07 7.14317e-18 2.23314e-06 1.90595e-09 -0.156065 1.37282e-07 4.98579 29.0225 -1.64893e-08 5533.69 29.0225 -1.64893e-08 5533.69 
28 25.9696 6.75593e-09 5528.79 0 0 0 47.4263 0 0 2.64073e-07 5.22247e-18 2.23305e-06 2.53377e-10 -0.460646 1.39334e-07 4.98578 29.0483 1.37513e-09 5534 29.0483 1.37498e-09 5534 
28.1 25.9927 2.42697e-08 5528.36 0 0 0 47.4263 0 0 2.64073e-07 5.22247e-18 2.23305e-06 -1.59056e-09 -0.036449 1.37519e-07 4.98578 29.0727 1.86175e-08 5533.56 29.0727 1.86176e-08 5533.56 
28.2 26.0178 4.53972e-08 5528.68 0 0 0 47.4263 0 0 2.64088e-07 4.77014e-18 2.23307e-06 -3.70918e-09 -0.354791 1.40101e-07 4.98577 29.0994 3.94032e-08 5533.88 29.0994 3.94033e-08 5533.88 
28.3 26.0446 6.45809e-08 5529.09 0 0 0 47.4263 0 0 2.64106e-07 4.68785e-18 2.233e-06 -5.6923e-09 -0.644897 1.3897e-07 4.98578 29.1273 5.85968e-08 5534.29 29.1273 5.85968e-08 5534.29 
28.4 26.0669 8.51236e-08 5528.46 0 0 0 47.4263 0 0 2.64106e-07 4.68785e-18 2.233e-06 -8.64661e-09 -0.17414 1.3952e-07 4.98578 29.151 7.91902e-08 5533.66 29.151 7.91904e-08 5533.66 
28.5 26.0974 1.08384e-07 5528.33 0 0 0 47.4263 0 0 2.6412e-07 4.76335e-18 2.23302e-06 -1.08791e-08 -0.161239 1.28895e-07 4.98578 29.1825 1.03775e-07 5533.53 29.1825 1.03774e-07 5533.53 
28.6 26.1158 1.23887e-07 5528.31 0 0 0 47.4263 0 0 2.64126e-07 5.61031e-18 2.233e-06 -1.3112e-08 -0.10877 1.3213e-07 4.98578 29.2022 1.186e-07 5533.51 29.2022 1.186e-07 5533.51 
28.7 26.1475 1.48956e-07 5528.41 0 0 0 47.4263 0 0 2.64143e-07 4.95043e-18 2.23299e-06 -1.63092e-08 -0.200818 1.2243e-07 4.98579 29.235 1.43791e-07 5533.61 29.235 1.4379e-07 5533.61 
28.8 26.1562 1.53784e-07 5528.33 0 0 0 47.4263 0 0 2.64143e-07 4.95043e-18 2.23299e-06 -1.74421e-08 -0.0812789 1.19334e-07 4.98579 29.2446 1.48962e-07 5533.54 29.2446 1.48962e-07 5533.54 
28.9 26.1763 1.67732e-07 5528.32 0 0 0 47.4263 0 0 2.64155e-07 5.04528e-18 2.23296e-06 -1.87329e-08 -0.133272 1.05143e-07 4.9858 29.2653 1.63263e-07 5533.53 29.2653 1.63263e-07 5533.53 
29 26.1945 1.7888e-07 5528.38 0 0 0 47.4263 0 0 2.64148e-07 4.77404e-18 2.23333e-06 -1.96136e-08 -0.150155 8.75669e-08 4.98581 29.2842 1.74679e-07 5533.6 29.2842 1.74679e-07 5533.6 
29.1 26.2116 1.85441e-07 5528.85 0 0 0 47.4263 0 0 2.64187e-07 5.49604e-18 2.23267e-06 -1.96465e-08 -0.252979 6.90385e-08 4.98582 29.3018 1.81336e-07 5534.07 29.3018 1.81336e-07 5534.07 
29.2 26.2266 1.89946e-07 5529.07 0 0 0 47.4263 0 0 2.64183e-07 5.27176e-18 2.23295e-06 -1.91474e-08 -0.300574 4.83045e-08 4.98583 29.3173 1.85297e-07 5534.3 29.3173 1.85298e-07 5534.3 
29.3 26.2389 2.00572e-07 5529.21 0 0 0 47.4263 0 0 2.64192e-07 8.44536e-19 2.23291e-06 -2.02006e-08 -0.336711 4.35415e-08 4.98583 29.3295 1.9623e-07 5534.44 29.3295 1.9623e-07 5534.44 
29.4 26.2496 2.03298e-07 5529.3 0 0 0 47.4263 0 0 2.64181e-07 6.81104e-18 2.23324e-06 -2.2322e-08 -0.342478 2.37882e-08 4.98583 29.3401 2.01294e-07 5534.53 29.3401 2.01295e-07 5534.53 
29.5 26.2668 2.04019e-07 5530.34 0 0 0 47.4263 0 0 2.64206e-07 4.67596e-18 2.23297e-06 -2.15801e-08 -0.571734 1.22692e-09 4.98585 29.3578 2.01538e-07 5535.57 29.3578 2.01538e-07 5535.57 
29.6 26.2658 2.01828e-07 5529.44 0 0 0 47.4263 0 0 2.64206e-07 4.67596e-18 2.23297e-06 -2.07028e-08 -0.324433 -1.98355e-08 4.98585 29.3564 2.00171e-07 5534.68 29.3564 2.0017e-07 5534.68 
29.7 26.2642 1.99093e-07 5528.53 0 0 0 47.4263 0 0 2.64206e-07 4.67596e-18 2.23297e-06 -1.98839e-08 -0.0833089 -4.00652e-08 4.98585 29.3541 1.98907e-07 5533.77 29.3541 1.98907e-07 5533.77 
29.8 26.2751 1.72823e-07 5529.52 0 0 0 47.4263 0 0 2.64213e-07 2.25417e-17 2.23293e-06 -1.15599e-08 -0.276193 -1.19083e-07 4.98587 29.3636 1.72984e-07 5534.77 29.3636 1.72983e-07 5534.77 
29.9 26.2663 1.46426e-07 5528.67 0 0 0 47.4263 0 0 2.64213e-07 2.25417e-17 2.23293e-06 2.00397e-10 -0.142511 -2.23415e-07 4.98587 29.3549 1.36983e-07 5533.93 29.3549 1.36983e-07 5533.93 
30 26.2775 5.26225e-08 5529.6 0 0 0 47.4263 0 0 2.64228e-07 1.01712e-16 2.23258e-06 -2.48604e-09 -0.188733 -4.58595e-07 4.98591 29.3627 4.08185e-08 5534.88 29.3627 4.08182e-08 5534.88 
30.1 26.2705 -3.31001e-08 5528.8 0 0 0 47.4263 0 0 2.64228e-07 1.01712e-16 2.23258e-06 3.65714e-08 -0.0308927 -7.91376e-07 4.98591 29.3544 -8.5203e-08 5534.08 29.3544 -8.52028e-08 5534.08 
30.2 26.2565 -5.31087e-08 5528.74 0 0 0 47.4263 0 0 2.64217e-07 8.81211e-17 2.23293e-06 6.99166e-08 -0.184196 -8.11469e-07 4.98589 29.3405 -4.55553e-08 5534.02 29.3405 -4.55547e-08 5534.02 
30.3 26.248 -2.4616e-07 5528.63 0 0 0 47.4263 0 0 2.64215e-07 7.94345e-17 2.23293e-06 1.00102e-07 -0.130536 -1.07343e-06 4.9859 29.3323 -2.30655e-07 5533.9 29.3323 -2.30655e-07 5533.9 
30.4 26.2395 -2.92113e-08 5528.53 0 0 0 47.4263 0 0 2.64212e-07 5.9651e-17 2.23296e-06 3.11427e-08 -0.0532828 -4.32437e-07 4.9859 29.3237 -1.38646e-08 5533.8 29.3237 -1.38647e-08 5533.8 
30.5 26.218 1.68376e-07 5528.63 0 0 0 47.4263 0 0 2.64207e-07 3.51617e-17 2.23298e-06 -2.91955e-08 -0.162465 8.36385e-08 4.98591 29.305 1.79193e-07 5533.87 29.305 1.79193e-07 5533.87 
30.6 26.1925 1.57104e-07 5528.54 0 0 0 47.4263 0 0 2.64203e-07 1.92462e-18 2.23297e-06 -2.91083e-08 -0.468803 3.64675e-08 4.98591 29.2752 1.62616e-07 5533.82 29.2752 1.62616e-07 5533.82 
30.7 26.2006 3.42294e-08 5528.43 0 0 0 47.4263 0 0 2.64192e-07 -5.5301e-18 2.23307e-06 -8.14827e-10 0.250806 -2.03718e-07 4.98592 29.2846 3.85405e-08 5533.68 29.2846 3.85401e-08 5533.68 
30.8 26.1856 -9.87881e-09 5528.44 0 0 0 47.4263 0 0 2.64196e-07 -3.72731e-18 2.23293e-06 9.25996e-09 0.114415 -2.68649e-07 4.98593 29.2625 -7.37975e-09 5533.74 29.2625 -7.37938e-09 5533.74 
30.9 26.1667 -2.59468e-08 5528.51 0 0 0 47.4263 0 0 2.64184e-07 4.98338e-18 2.23307e-06 9.52747e-09 0.128352 -2.41454e-07 4.98593 29.2447 -2.16312e-08 5533.79 29.2447 -2.16317e-08 5533.79 
31 26.1545 -3.51869e-08 5528.43 0 0 0 47.4263 0 0 2.64182e-07 4.59423e-18 2.23308e-06 9.89149e-09 0.126248 -2.22984e-07 4.98593 29.2295 -3.10548e-08 5533.71 29.2295 -3.10555e-08 5533.71 
31.1 26.1374 -4.99644e-08 5528.38 0 0 0 47.4263 0 0 2.64177e-07 5.12617e-18 2.23309e-06 1.05541e-08 0.0974698 -2.03278e-07 4.98593 29.2108 -4.6072e-08 5533.67 29.2108 -4.60724e-08 5533.67 
31.2 26.1085 -6.11857e-08 5528.67 0 0 0 47.4263 0 0 2.64172e-07 4.82828e-18 2.23308e-06 5.50973e-09 -0.102214 -1.57895e-07 4.98594 29.1798 -5.65096e-08 5533.96 29.1798 -5.65099e-08 5533.96 
31.3 26.098 -7.57431e-08 5528.5 0 0 0 47.4263 0 0 2.6416e-07 3.69929e-18 2.23323e-06 6.40766e-09 -0.00399219 -1.2358e-07 4.98594 29.1676 -6.88842e-08 5533.78 29.1676 -6.88841e-08 5533.78 
31.4 26.0812 -1.45115e-07 5528.4 0 0 0 47.4263 0 0 2.64155e-07 1.91896e-18 2.23317e-06 2.44544e-08 0.0200598 -2.40276e-07 4.98594 29.1489 -1.43876e-07 5533.69 29.1489 -1.43876e-07 5533.69 
31.5 26.0635 -1.35657e-07 5528.33 0 0 0 47.4263 0 0 2.64155e-07 4.45531e-18 2.23302e-06 1.06018e-08 0.0630161 -1.18901e-07 4.98593 29.1297 -1.2611e-07 5533.63 29.1297 -1.2611e-07 5533.63 
31.6 26.0454 -1.94797e-07 5528.41 0 0 0 47.4263 0 0 2.64157e-07 4.07594e-19 2.23287e-06 2.48434e-08 -0.0172623 -1.95238e-07 4.98593 29.11 -1.85449e-07 5533.7 29.11 -1.85449e-07 5533.7 
31.7 26.0279 -2.04904e-07 5528.19 0 0 0 47.4263 0 0 2.64116e-07 5.10524e-18 2.23351e-06 2.79316e-08 0.149736 -1.60029e-07 4.98592 29.0908 -2.01318e-07 5533.49 29.0908 -2.01318e-07 5533.49 
31.8 26.0106 -2.1208e-07 5528.31 0 0 0 47.4263 0 0 2.64216e-07 8.67455e-18 2.23115e-06 2.31018e-08 0.0669261 -9.33323e-08 4.98593 29.0723 -2.04757e-07 5533.61 29.0723 -2.04757e-07 5533.61 
31.9 25.9889 -2.42362e-07 5528.38 0 0 0 47.4263 0 0 2.64112e-07 4.38458e-18 2.23321e-06 2.61976e-08 0.124929 -8.88359e-08 4.98592 29.0493 -2.36845e-07 5533.68 29.0493 -2.36845e-07 5533.68 
32 25.9749 -2.54622e-07 5528.38 0 0 0 47.4263 0 0 2.64106e-07 4.37641e-18 2.23321e-06 2.73703e-08 0.111298 -6.9523e-08 4.98592 29.0341 -2.49426e-07 5533.68 29.0341 -2.49426e-07 5533.68 
32.1 25.9601 -2.64324e-07 5528.38 0 0 0 47.4263 0 0 2.641e-07 4.46963e-18 2.2332e-06 2.77212e-08 0.0957857 -4.47898e-08 4.98593 29.018 -2.59373e-07 5533.68 29.018 -2.59373e-07 5533.68 
32.2 25.9463 -2.71151e-07 5528.4 0 0 0 47.4263 0 0 2.64093e-07 4.584e-18 2.2332e-06 2.78124e-08 0.0941736 -1.91483e-08 4.98593 29.0032 -2.66569e-07 5533.69 29.0032 -2.66569e-07 5533.69 
32.3 25.9338 -2.75122e-07 5528.36 0 0 0 47.4263 0 0 2.64083e-07 4.38268e-18 2.23333e-06 2.76871e-08 0.0918779 6.88567e-09 4.98592 28.9896 -2.71e-07 5533.65 28.9896 -2.71e-07 5533.65 
32.4 25.9117 -2.73677e-07 5527.1 0 0 0 47.4263 0 0 2.64073e-07 5.0943e-18 2.23319e-06 2.71979e-08 0.538916 3.54527e-08 4.9859 28.9665 -2.69962e-07 5532.38 28.9665 -2.69962e-07 5532.38 
32.5 25.907 -2.70336e-07 5527.87 0 0 0 47.4263 0 0 2.64073e-07 5.0943e-18 2.23319e-06 2.58235e-08 0.251174 6.37173e-08 4.9859 28.9609 -2.67162e-07 5533.16 28.9609 -2.67162e-07 5533.16 
32.6 25.8938 -2.61578e-07 5527.4 0 0 0 47.4263 0 0 2.6408e-07 4.82222e-18 2.23282e-06 2.40544e-08 0.35964 9.42914e-08 4.98589 28.9471 -2.58988e-07 5532.68 28.9471 -2.58988e-07 5532.68 
32.7 25.8928 -2.52784e-07 5528.2 0 0 0 47.4263 0 0 2.6408e-07 4.82222e-18 2.23282e-06 2.15224e-08 0.11326 1.2602e-07 4.98589 28.9455 -2.49959e-07 5533.47 28.9455 -2.49958e-07 5533.47 
32.8 25.884 -2.40836e-07 5527.9 0 0 0 47.4263 0 0 2.6406e-07 5.3108e-18 2.23314e-06 2.06871e-08 0.164111 1.44138e-07 4.98588 28.9363 -2.38461e-07 5533.17 28.9363 -2.3846e-07 5533.17 
32.9 25.8769 -2.22278e-07 5527.56 0 0 0 47.4263 0 0 2.64052e-07 8.68412e-18 2.23329e-06 1.92717e-08 0.205984 1.69518e-07 4.98586 28.9289 -2.203e-07 5532.83 28.9289 -2.203e-07 5532.83 
33 25.8713 -1.98217e-07 5527.25 0 0 0 47.4263 0 0 2.64117e-07 1.62212e-18 2.23171e-06 1.35468e-08 0.240349 1.99134e-07 4.98586 28.9231 -1.98363e-07 5532.52 28.9231 -1.98362e-07 5532.52 
33.1 25.8785 -1.7506e-07 5528.1 0 0 0 47.4263 0 0 2.64117e-07 1.62212e-18 2.23171e-06 9.32495e-09 0.077959 2.25113e-07 4.98586 28.9303 -1.75398e-07 5533.37 28.9303 -1.75398e-07 5533.37 
33.2 25.8773 -1.51429e-07 5527.82 0 0 0 47.4263 0 0 2.64052e-07 5.21135e-18 2.23311e-06 7.68013e-09 0.121761 2.41265e-07 4.98586 28.9294 -1.51184e-07 5533.08 28.9294 -1.51184e-07 5533.08 
33.3 25.8661 -1.24945e-07 5526.48 0 0 0 47.4263 0 0 2.64088e-07 1.42341e-17 2.23237e-06 5.5623e-09 0.213097 2.52647e-07 4.98583 28.9189 -1.23091e-07 5531.74 28.9189 -1.23092e-07 5531.74 
33.4 25.8791 -9.86192e-08 5527.28 0 0 0 47.4263 0 0 2.64088e-07 1.42341e-17 2.23237e-06 3.42467e-09 0.133795 2.50029e-07 4.98583 28.9322 -9.79876e-08 5532.54 28.9322 -9.79875e-08 5532.54 
33.5 25.8932 -7.46113e-08 5528.08 0 0 0 47.4263 0 0 2.64088e-07 1.42341e-17 2.23237e-06 2.80414e-09 0.0684492 2.33377e-07 4.98583 28.9466 -7.56188e-08 5533.33 28.9466 -7.56189e-08 5533.33 
33.6 25.8851 -7.484e-09 5526.81 0 0 0 47.4263 0 0 2.64172e-07 5.6568e-17 2.23087e-06 -5.51024e-08 0.020796 4.66381e-07 4.98576 28.9394 3.58576e-08 5532.06 28.9394 3.58576e-08 5532.06 
33.7 25.9003 1.08544e-07 5527.56 0 0 0 47.4263 0 0 2.64172e-07 5.6568e-17 2.23087e-06 -1.10445e-07 -0.0241548 8.99652e-07 4.98576 28.9551 2.21972e-07 5532.8 28.9551 2.21972e-07 5532.8 
33.8 25.9015 3.01433e-07 5526.81 0 0 0 47.4263 0 0 2.64012e-07 -6.90185e-17 2.23407e-06 -1.71753e-07 -0.0480451 1.49066e-06 4.98581 28.9567 4.73267e-07 5532.05 28.9567 4.73267e-07 5532.05 
33.9 25.9198 2.8224e-07 5527.47 0 0 0 47.4263 0 0 2.64012e-07 -6.90185e-17 2.23407e-06 -1.48996e-07 -0.0215453 1.1575e-06 4.98581 28.9758 3.99394e-07 5532.71 28.9758 3.99394e-07 5532.71 
34 25.9391 1.86952e-07 5528.11 0 0 0 47.4263 0 0 2.64012e-07 -6.90185e-17 2.23407e-06 -8.18161e-08 0.0211751 4.13671e-07 4.98581 28.9961 1.82172e-07 5533.35 28.9961 1.82172e-07 5533.35 
34.1 25.9485 -6.80685e-07 5527.99 0 0 0 47.4263 0 0 2.64067e-07 1.60635e-17 2.23299e-06 2.24355e-07 -0.0232984 -1.33e-06 4.9858 29.0066 -7.00208e-07 5533.22 29.0066 -7.00208e-07 5533.22 
34.2 25.9608 -9.55466e-07 5527.88 0 0 0 47.4263 0 0 2.6415e-07 2.56054e-16 2.23136e-06 3.00784e-07 -0.0558399 -1.77929e-06 4.98581 29.0201 -9.05728e-07 5533.11 29.0201 -9.05728e-07 5533.11 
34.3 25.9766 1.29342e-07 5528.26 0 0 0 47.4263 0 0 2.64064e-07 9.38509e-17 2.23317e-06 -2.62177e-07 -0.055677 1.62737e-06 4.9858 29.037 1.40882e-07 5533.49 29.037 1.40882e-07 5533.49 
34.4 25.9944 1.06109e-06 5528.27 0 0 0 47.4263 0 0 2.64072e-07 4.50776e-17 2.23309e-06 -2.82752e-07 -0.00403243 2.49921e-06 4.98579 29.056 1.1148e-06 5533.5 29.056 1.1148e-06 5533.5 
34.5 26.0085 5.85094e-07 5528.27 0 0 0 47.4263 0 0 2.64076e-07 -1.73147e-17 2.23312e-06 -1.25342e-07 -0.0118323 8.19184e-07 4.98579 29.0715 5.71013e-07 5533.5 29.0715 5.71014e-07 5533.5 
34.6 26.0283 1.86312e-07 5528.24 0 0 0 47.4263 0 0 2.64096e-07 2.69916e-17 2.23279e-06 -8.31826e-09 -0.148847 9.5698e-08 4.9858 29.0926 1.87619e-07 5533.47 29.0926 1.87619e-07 5533.47 
34.7 26.0368 1.55189e-07 5528.11 0 0 0 47.4263 0 0 2.6408e-07 2.9451e-17 2.23341e-06 -1.04291e-08 -0.3433 -1.34134e-08 4.98579 29.1024 1.56276e-07 5533.34 29.1024 1.56276e-07 5533.34 
34.8 26.053 4.18381e-08 5528.19 0 0 0 47.4263 0 0 2.6408e-07 2.9451e-17 2.23341e-06 3.6373e-08 -0.175827 -3.36295e-07 4.98579 29.1198 4.25988e-08 5533.42 29.1198 4.25989e-08 5533.42 
