0 2.92128 -6.50403e-13 5218.95 0 0 0 29.0603 0 0 2.14491e-07 -7.49281e-21 2.44335e-06 -1.1717e-13 -46.6288 1.36035e-12 4.8121 3.75437 9.74741e-14 5222.19 3.75437 -2.4716e-13 5222.19 
0.1 2.3395 2.9514e-06 5444.29 0 0 0 29.0603 0 0 2.21433e-07 -6.68532e-15 2.3717e-06 -5.09488e-07 -16.2205 6.35484e-06 4.83706 3.69603 2.67113e-06 5447.13 3.69603 2.67113e-06 5447.13 
0.2 8.76225 1.57493e-06 5498.92 0 0 0 29.0603 0 0 2.32416e-07 -3.40687e-16 2.27837e-06 -5.50479e-07 8.27354 3.75386e-06 4.90284 10.6638 1.55976e-06 5502.76 10.6638 1.55976e-06 5502.76 
0.3 14.7239 9.11794e-07 5536.64 0 0 0 29.0603 0 0 2.21173e-07 -3.47808e-17 2.21414e-06 -2.67286e-07 35.3907 2.22239e-06 4.94063 17.2008 9.21034e-07 5541.3 17.2008 9.21034e-07 5541.3 
0.4 18.4497 1.62339e-07 5579.19 0 0 0 29.0603 0 0 2.36742e-07 1.77809e-18 2.17384e-06 -1.07587e-07 43.5459 5.54141e-07 4.95886 20.9076 2.04356e-07 5583.19 20.9076 2.04356e-07 5583.19 
0.5 22.2088 4.51665e-08 5608.43 0 0 0 29.0603 0 0 2.41716e-07 -1.70233e-17 2.16038e-06 -2.53138e-08 41.986 9.55999e-08 4.97133 24.2632 5.39159e-08 5610.93 24.2632 5.39157e-08 5610.93 
0.6 24.2321 1.56531e-07 5604.77 0 0 0 29.0603 0 0 2.42348e-07 -1.61259e-17 2.16014e-06 -5.19213e-08 29.1311 3.33038e-07 4.96664 25.6912 1.63006e-07 5605.9 25.6912 1.63006e-07 5605.9 
0.7 24.7105 -1.91508e-07 5588.72 0 0 0 29.0603 0 0 2.43549e-07 -3.76998e-17 2.12183e-06 3.58039e-08 0.141322 -4.75565e-07 4.94609 25.5193 -1.88348e-07 5589.25 25.5193 -1.88348e-07 5589.25 
0.8 24.8918 -2.5274e-07 5559.76 0 0 0 29.0603 0 0 2.45306e-07 -3.57112e-17 2.19212e-06 7.15172e-08 -32.3655 -6.62322e-07 4.92284 25.2312 -2.58292e-07 5560.72 25.2312 -2.58292e-07 5560.72 
0.9 24.4847 -2.94122e-08 5528.35 0 0 0 29.0603 0 0 2.45778e-07 -1.18539e-17 2.21106e-06 2.22951e-08 -55.7902 -1.39164e-07 4.9054 24.6492 -3.21335e-08 5530.63 24.6492 -3.21333e-08 5530.63 
1 23.8963 -5.62068e-09 5507.81 0 0 0 29.0603 0 0 2.4632e-07 -4.20412e-18 2.22262e-06 1.15189e-08 -68.1591 -6.71681e-08 4.89463 24.1415 -8.61711e-09 5511.8 24.1415 -8.6168e-09 5511.8 
1.1 23.7567 0.000764315 5490.9 0 0 0 29.0603 0 0 2.48487e-07 -1.0232e-17 2.22802e-06 -0.000280625 -82.7428 0.00338598 4.89321 24.8679 0.00064147 5496.81 24.8679 0.00064147 5496.81 
1.2 23.8474 0.000720714 5490.14 0 0 0 29.0603 0 0 2.48347e-07 -3.36282e-13 2.21287e-06 -0.000361335 -61.7121 0.00188895 4.90434 25.3252 0.000721461 5497.14 25.3252 0.000721461 5497.14 
1.3 22.8624 0.00128331 5497.38 0 0 0 29.0603 0 0 2.48808e-07 -1.409e-13 2.18883e-06 -0.000499085 -44.8126 0.00336502 4.91382 24.6927 0.00125885 5505.95 24.6927 0.00125885 5505.95 
1.4 21.6761 0.00187617 5511.69 0 0 0 29.0603 0 0 2.49705e-07 -7.07777e-14 2.20194e-06 -0.00077707 -20.0973 0.00515775 4.92799 23.771 0.00199655 5521.38 23.771 0.00199655 5521.38 
1.5 20.2485 0.00185041 5527.75 0 0 0 29.0603 0 0 2.49276e-07 -1.3777e-13 2.24063e-06 -0.000836347 6.41026 0.0052595 4.9412 22.3889 0.0019968 5537.61 22.3889 0.0019968 5537.61 
1.6 18.9645 0.00184557 5542.99 0 0 0 29.0603 0 0 2.46496e-07 -9.95291e-14 2.20521e-06 -0.000837473 32.6986 0.0052249 4.95395 21.0157 0.00198232 5552.32 21.0157 0.00198232 5552.32 
1.7 16.982 0.00181185 5551.29 0 0 0 29.0603 0 0 2.45887e-07 -4.09884e-14 2.20227e-06 -0.000815157 48.5131 0.00521042 4.96117 18.8228 0.00195359 5559.55 18.8228 0.00195359 5559.55 
1.8 15.2309 0.00179225 5551.16 0 0 0 29.0603 0 0 2.44408e-07 -3.86766e-14 2.21533e-06 -0.00082531 55.6779 0.00530063 4.95831 16.7877 0.00193027 5557.92 16.7877 0.00193027 5557.92 
1.9 13.8019 0.00167217 5544.5 0 0 0 29.0603 0 0 2.41678e-07 -1.00176e-13 2.26273e-06 -0.00081799 57.4692 0.00507885 4.93872 15.1318 0.00180686 5549.67 15.1318 0.00180686 5549.67 
2 11.4548 0.021243 5534.93 0 0 0 29.0603 0 0 2.4355e-07 1.55895e-13 2.26301e-06 -0.00660092 39.7742 0.0587936 4.9218 12.8422 0.020187 5538.71 12.8422 0.020187 5538.71 
2.1 9.40818 0.000981026 5533.21 0 0 0 29.0603 0 0 2.46093e-07 1.5074e-13 2.22738e-06 -0.000565357 14.4065 0.00328468 4.92522 10.7577 0.00100153 5535.96 10.7577 0.00100153 5535.96 
2.2 7.78051 0.00100007 5530.43 0 0 0 29.0603 0 0 2.47268e-07 1.74461e-13 2.21553e-06 -0.000546434 -9.55923 0.00340227 4.93541 9.11343 0.00099057 5533.16 9.11343 0.00099057 5533.16 
2.3 7.05312 0.00116242 5525.62 0 0 0 29.0603 0 0 2.46926e-07 2.06246e-13 2.21323e-06 -0.00066274 -22.7083 0.00397649 4.9341 8.41012 0.00127224 5528.85 8.41012 0.00127224 5528.85 
2.4 6.65706 0.00139324 5520.67 0 0 0 29.0603 0 0 2.46018e-07 2.20364e-13 2.22322e-06 -0.000781182 -26.1879 0.00467982 4.92821 8.08684 0.00153995 5524.56 8.08684 0.00153995 5524.56 
2.5 6.53053 0.00283898 5516.97 0 0 0 29.0603 0 0 2.44779e-07 2.66607e-13 2.24193e-06 -0.00129811 -20.2845 0.00832852 4.92308 8.06691 0.00305004 5521.46 8.06691 0.00305004 5521.46 
2.6 6.76761 0.00407231 5517.14 0 0 0 29.0603 0 0 2.40405e-07 1.09644e-13 2.42052e-06 -0.00182644 -7.46888 0.0111056 4.9188 8.41955 0.00422389 5521.95 8.41955 0.00422389 5521.95 
2.7 6.60548 0.00413409 5522.77 0 0 0 29.0603 0 0 2.45758e-07 -4.2695e-14 2.13248e-06 -0.00181358 1.16907 0.0108047 4.9263 8.35386 0.00413554 5527.55 8.35386 0.00413554 5527.55 
2.8 5.87922 0.00370146 5531.55 0 0 0 29.0603 0 0 2.43946e-07 -4.02015e-14 2.2206e-06 -0.00166236 2.69666 0.0100708 4.94013 7.65337 0.00387734 5536.29 7.65337 0.00387734 5536.29 
2.9 5.35408 0.0019641 5536.46 0 0 0 29.0603 0 0 2.43228e-07 2.88009e-13 2.2176e-06 -0.000814035 5.88569 0.00542994 4.93871 7.07802 0.00209279 5541.22 7.07802 0.00209279 5541.22 
3 4.98415 0.0358681 5537.88 0 0 0 29.0603 0 0 2.41018e-07 -1.73496e-13 2.26767e-06 -0.0118512 12.9356 0.093204 4.93314 6.57824 0.0335776 5542.46 6.57824 0.0335776 5542.46 
3.1 4.50433 0.00106169 5537.31 0 0 0 29.0603 0 0 2.41308e-07 4.4427e-14 2.24667e-06 -0.000501686 12.8425 0.00316501 4.93523 6.0131 0.00110013 5541.45 6.0131 0.00110013 5541.45 
3.2 3.6696 0.00256147 5536.09 0 0 0 29.0603 0 0 2.42056e-07 -7.99671e-14 2.22409e-06 -0.0012305 8.07175 0.00708961 4.93701 5.09952 0.00275641 5540.05 5.09952 0.00275641 5540.05 
3.3 3.45738 0.00377477 5530.61 0 0 0 29.0603 0 0 2.41291e-07 -1.42087e-13 2.22919e-06 -0.00174676 10.5412 0.0100759 4.92989 4.85438 0.00401449 5534.31 4.85438 0.00401449 5534.31 
3.4 3.73581 0.00404436 5524.44 0 0 0 29.0603 0 0 2.38076e-07 6.4187e-14 2.32273e-06 -0.00183081 16.6321 0.0102027 4.92033 5.15681 0.00416999 5527.69 5.15681 0.00416999 5527.69 
3.5 3.86265 0.00327429 5523.62 0 0 0 29.0603 0 0 2.41168e-07 -6.35616e-14 2.2015e-06 -0.00123964 15.7396 0.00757749 4.91923 5.34633 0.00322855 5526.27 5.34633 0.00322855 5526.27 
3.6 3.97989 0.00379796 5524.8 0 0 0 29.0603 0 0 2.34414e-07 -1.21448e-13 2.45044e-06 -0.00140606 6.92807 0.00912959 4.92159 5.5252 0.00388685 5527.06 5.5252 0.00388685 5527.06 
3.7 4.39018 0.00456667 5527.68 0 0 0 29.0603 0 0 2.39651e-07 -1.22929e-13 2.26534e-06 -0.00189808 0.910386 0.0116193 4.92278 5.98067 0.00488658 5529.79 5.98067 0.00488658 5529.79 
3.8 4.91227 0.0049374 5530.29 0 0 0 29.0603 0 0 2.4034e-07 -6.6803e-14 2.23775e-06 -0.00199357 -6.48602 0.0121303 4.92503 6.53201 0.00514035 5532.4 6.53201 0.00514035 5532.4 
3.9 5.52816 0.00455905 5532.04 0 0 0 29.0603 0 0 2.40735e-07 -1.74497e-13 2.23943e-06 -0.00173682 -11.9827 0.0107106 4.92625 7.14792 0.00461538 5534.38 7.14792 0.00461538 5534.38 
4 6.08615 0.0286795 5532.85 0 0 0 29.0603 0 0 2.4048e-07 5.70473e-13 2.23331e-06 -0.00963331 -11.6879 0.0761505 4.92753 7.65745 0.0283476 5535.55 7.65745 0.0283476 5535.55 
4.1 6.88081 0.00452759 5531.98 0 0 0 29.0603 0 0 2.4078e-07 5.78681e-13 2.22825e-06 -0.00169278 -10.5539 0.0105999 4.9284 8.42214 0.00463522 5535 8.42214 0.00463522 5535 
4.2 7.62791 0.00434259 5529.57 0 0 0 29.0603 0 0 2.40076e-07 6.56014e-13 2.24196e-06 -0.00163849 -4.73001 0.010182 4.92432 9.16747 0.00448087 5532.8 9.16747 0.00448087 5532.8 
4.3 8.41803 0.00420856 5527.77 0 0 0 29.0603 0 0 2.39027e-07 7.73609e-13 2.27367e-06 -0.00162903 3.74531 0.00980778 4.92116 9.97741 0.00432717 5530.93 9.97741 0.00432717 5530.93 
4.4 9.01144 0.00378312 5527.54 0 0 0 29.0603 0 0 2.39176e-07 7.40054e-13 2.26851e-06 -0.0014216 7.67254 0.00856954 4.92145 10.6014 0.00382763 5530.47 10.6014 0.00382763 5530.47 
4.5 9.54526 0.00387728 5528.75 0 0 0 29.0603 0 0 2.39478e-07 6.60954e-13 2.27012e-06 -0.001485 6.98386 0.00895803 4.92257 11.1588 0.00395557 5531.43 11.1588 0.00395557 5531.43 
4.6 10.1679 0.00350264 5529.69 0 0 0 29.0603 0 0 2.3972e-07 6.85451e-13 2.26198e-06 -0.00136445 7.38801 0.00810164 4.92265 11.798 0.00357321 5532.13 11.798 0.00357321 5532.13 
4.7 10.8223 0.00299037 5531.71 0 0 0 29.0603 0 0 2.40275e-07 6.64101e-13 2.25646e-06 -0.00113615 1.92265 0.00671497 4.92331 12.4606 0.00297339 5533.96 12.4606 0.00297339 5533.96 
4.8 11.5122 0.00264178 5531.65 0 0 0 29.0603 0 0 2.40402e-07 6.33315e-13 2.26944e-06 -0.00100797 0.918248 0.00590054 4.9235 13.1482 0.00260514 5533.84 13.1482 0.00260514 5533.84 
4.9 12.2456 0.00243314 5531.71 0 0 0 29.0603 0 0 2.41023e-07 6.24132e-13 2.25294e-06 -0.000957843 -2.58928 0.00551806 4.92313 13.8755 0.00240373 5533.93 13.8755 0.00240373 5533.93 
5 12.9742 0.00236767 5531.43 0 0 0 29.0603 0 0 2.41513e-07 6.15249e-13 2.24624e-06 -0.000958289 -6.23337 0.00545889 4.9226 14.5999 0.00233406 5533.77 14.5999 0.00233406 5533.77 
5.1 13.5127 0.0280647 5529.93 0 0 0 29.0603 0 0 2.41599e-07 8.33698e-13 2.2447e-06 -0.00948916 -6.8501 0.0755353 4.92221 15.1542 0.027518 5532.42 15.1542 0.027518 5532.42 
5.2 14.2884 0.00241831 5529.55 0 0 0 29.0603 0 0 2.41917e-07 8.24091e-13 2.24402e-06 -0.000999146 -8.35527 0.00589471 4.92176 15.9109 0.00242379 5532.29 15.9109 0.00242379 5532.29 
5.3 14.7998 0.00255514 5529.25 0 0 0 29.0603 0 0 2.42226e-07 8.12733e-13 2.24133e-06 -0.00107164 -9.2664 0.00637314 4.9218 16.4342 0.00258229 5532.23 16.4342 0.00258229 5532.23 
5.4 15.2166 0.00242836 5529.01 0 0 0 29.0603 0 0 2.42474e-07 7.94886e-13 2.23858e-06 -0.00103059 -8.75032 0.00617008 4.92249 16.8633 0.00246691 5532.24 16.8633 0.00246691 5532.24 
5.5 15.5165 0.00221719 5529.3 0 0 0 29.0603 0 0 2.4273e-07 7.7998e-13 2.23561e-06 -0.000937833 -7.6777 0.00568825 4.92351 17.1729 0.00223743 5532.77 17.1729 0.00223743 5532.77 
5.6 15.6935 0.00213697 5530.3 0 0 0 29.0603 0 0 2.42946e-07 7.68292e-13 2.2333e-06 -0.000921218 -6.0806 0.00558898 4.9246 17.355 0.00216202 5533.97 17.355 0.00216202 5533.97 
5.7 15.7543 0.00210821 5530.29 0 0 0 29.0603 0 0 2.43101e-07 7.55059e-13 2.23112e-06 -0.000935913 -4.46527 0.00563836 4.9255 17.4154 0.00215032 5534.13 17.4154 0.00215032 5534.13 
5.8 15.6956 0.00206031 5531.34 0 0 0 29.0603 0 0 2.43256e-07 7.40573e-13 2.22942e-06 -0.000931649 -2.47699 0.00560882 4.92646 17.3503 0.00211019 5535.31 17.3503 0.00211019 5535.31 
5.9 15.5223 0.00201379 5530.91 0 0 0 29.0603 0 0 2.43347e-07 7.36309e-13 2.22834e-06 -0.000919397 -1.79801 0.00556613 4.92703 17.166 0.00206606 5534.96 17.166 0.00206606 5534.96 
6 15.2624 0.00197405 5531.52 0 0 0 29.0603 0 0 2.43485e-07 7.31763e-13 2.22566e-06 -0.000910677 -0.059609 0.00553649 4.92758 16.8924 0.00202821 5535.64 16.8924 0.00202821 5535.64 
6.1 14.6923 0.0237479 5529.99 0 0 0 29.0603 0 0 2.43784e-07 5.55805e-13 2.22542e-06 -0.00783425 -2.10116 0.065537 4.92773 16.3467 0.0234406 5534.27 16.3467 0.0234406 5534.27 
6.2 14.4878 0.00190235 5530.39 0 0 0 29.0603 0 0 2.43875e-07 5.50304e-13 2.22371e-06 -0.000896732 -1.47604 0.00551989 4.92796 16.1181 0.00197266 5534.59 16.1181 0.00197266 5534.59 
6.3 14.0297 0.00193796 5530.18 0 0 0 29.0603 0 0 2.4385e-07 5.48763e-13 2.22312e-06 -0.000915996 -1.12704 0.00566738 4.9283 15.6501 0.00200977 5534.43 15.6501 0.00200977 5534.43 
6.4 13.5428 0.0019467 5530.15 0 0 0 29.0603 0 0 2.43876e-07 5.50758e-13 2.2223e-06 -0.000922377 0.324585 0.0057247 4.92874 15.157 0.00202291 5534.45 15.157 0.00202291 5534.45 
6.5 13.0061 0.00198441 5529.97 0 0 0 29.0603 0 0 2.43845e-07 5.57591e-13 2.22192e-06 -0.000940265 0.474764 0.0058749 4.92914 14.6155 0.00206686 5534.31 14.6155 0.00206686 5534.31 
6.6 12.4513 0.00204719 5529.89 0 0 0 29.0603 0 0 2.43782e-07 5.63115e-13 2.22184e-06 -0.000970181 0.725946 0.00607862 4.92967 14.0559 0.00213803 5534.27 14.0559 0.00213803 5534.27 
6.7 11.8715 0.00207606 5529.95 0 0 0 29.0603 0 0 2.4368e-07 5.69138e-13 2.22192e-06 -0.000982357 2.09053 0.00617174 4.93016 13.4702 0.00216951 5534.35 13.4702 0.00216951 5534.35 
6.8 11.2682 0.00208496 5530.01 0 0 0 29.0603 0 0 2.43642e-07 5.77447e-13 2.21763e-06 -0.000983044 1.53144 0.00619703 4.93048 12.8599 0.00217706 5534.42 12.8599 0.00217706 5534.42 
6.9 10.6573 0.00210483 5530.16 0 0 0 29.0603 0 0 2.43509e-07 5.8852e-13 2.21577e-06 -0.000988562 0.99761 0.00624585 4.93073 12.2411 0.00219825 5534.57 12.2411 0.00219825 5534.57 
7 10.0561 0.00213886 5529.76 0 0 0 29.0603 0 0 2.43188e-07 6.05991e-13 2.22564e-06 -0.00100121 4.0753 0.00632287 4.9309 11.6314 0.00223573 5534.14 11.6314 0.00223573 5534.14 
7.1 9.22961 0.0264818 5529.57 0 0 0 29.0603 0 0 2.43344e-07 7.17547e-13 2.22662e-06 -0.00914251 0.632081 0.0739112 4.93073 10.8215 0.0264199 5534.03 10.8215 0.0264199 5534.03 
7.2 8.85506 0.00219961 5530.11 0 0 0 29.0603 0 0 2.43058e-07 7.30093e-13 2.22809e-06 -0.00101904 1.85038 0.00642769 4.93061 10.4365 0.00230158 5534.35 10.4365 0.00230158 5534.35 
7.3 8.29813 0.00226597 5529.61 0 0 0 29.0603 0 0 2.42861e-07 7.44625e-13 2.23046e-06 -0.00103658 3.20872 0.00652943 4.93054 9.87288 0.00236279 5533.79 9.87288 0.00236279 5533.79 
7.4 7.79661 0.00230065 5530.11 0 0 0 29.0603 0 0 2.42674e-07 7.5701e-13 2.23202e-06 -0.00104091 2.39115 0.00653909 4.93048 9.368 0.00239833 5534.22 9.368 0.00239833 5534.22 
7.5 7.32839 0.0023252 5529.76 0 0 0 29.0603 0 0 2.42392e-07 7.74778e-13 2.23403e-06 -0.00104423 3.4136 0.00655135 4.93026 8.89641 0.002423 5533.8 8.89641 0.002423 5533.8 
7.6 6.91539 0.00235225 5528.96 0 0 0 29.0603 0 0 2.42112e-07 7.93978e-13 2.237e-06 -0.00104761 4.79085 0.00654731 4.93012 8.4804 0.00244925 5532.91 8.4804 0.00244925 5532.91 
7.7 6.54962 0.00237847 5530.1 0 0 0 29.0603 0 0 2.4192e-07 8.04991e-13 2.23893e-06 -0.00105034 3.55603 0.00654461 4.92998 8.1117 0.00247469 5533.95 8.1117 0.00247469 5533.95 
7.8 6.24052 0.00238646 5529.78 0 0 0 29.0603 0 0 2.41665e-07 8.2135e-13 2.24056e-06 -0.00104836 3.87689 0.00650756 4.92967 7.79934 0.00248164 5533.52 7.79934 0.00248164 5533.52 
7.9 5.99834 0.00239075 5529.36 0 0 0 29.0603 0 0 2.41486e-07 8.3884e-13 2.2423e-06 -0.00104554 3.943 0.00646276 4.92927 7.55445 0.00248506 5532.99 7.55445 0.00248506 5532.99 
8 5.82428 0.00238765 5528.87 0 0 0 29.0603 0 0 2.41237e-07 8.54444e-13 2.24551e-06 -0.00104079 3.77029 0.00640545 4.92879 7.37882 0.00248029 5532.41 7.37882 0.00248029 5532.41 
8.1 5.55867 0.0323291 5529.97 0 0 0 29.0603 0 0 2.41075e-07 1.07923e-12 2.24691e-06 -0.0119461 3.4377 0.0902928 4.92848 7.11066 0.032662 5533.46 7.11066 0.032662 5533.46 
8.2 5.67837 0.00241122 5529.8 0 0 0 29.0603 0 0 2.40906e-07 1.09219e-12 2.24935e-06 -0.00105663 2.95412 0.00641225 4.92783 7.22283 0.0025131 5533.08 7.22283 0.0025131 5533.08 
8.3 5.7162 0.00238313 5529.61 0 0 0 29.0603 0 0 2.40756e-07 1.09932e-12 2.25072e-06 -0.00103189 2.38931 0.00625208 4.92735 7.26301 0.00246873 5532.79 7.26301 0.00246873 5532.79 
8.4 5.83216 0.00237833 5529.26 0 0 0 29.0603 0 0 2.40617e-07 1.10531e-12 2.25224e-06 -0.00103014 1.78522 0.00622007 4.92689 7.38385 0.0024639 5532.37 7.38385 0.0024639 5532.37 
8.5 6.022 0.00237115 5529 0 0 0 29.0603 0 0 2.40522e-07 1.1128e-12 2.25388e-06 -0.00102441 1.22615 0.00615546 4.92642 7.58017 0.00245478 5532.03 7.58017 0.00245478 5532.03 
8.6 6.28392 0.00235515 5529.81 0 0 0 29.0603 0 0 2.40477e-07 1.11502e-12 2.25541e-06 -0.00101329 1.93756 0.00606804 4.92612 7.84966 0.00243481 5532.77 7.84966 0.00243481 5532.77 
8.7 6.59545 0.00234724 5529.16 0 0 0 29.0603 0 0 2.40416e-07 1.11878e-12 2.25591e-06 -0.0010072 0.699624 0.00600161 4.92571 8.17003 0.0024256 5532.05 8.17003 0.0024256 5532.05 
8.8 6.97337 0.00235135 5529.74 0 0 0 29.0603 0 0 2.40388e-07 1.12095e-12 2.25787e-06 -0.00100422 1.51992 0.00595836 4.92546 8.55684 0.00242867 5532.56 8.55684 0.00242867 5532.56 
8.9 7.39389 0.00235741 5529.49 0 0 0 29.0603 0 0 2.40475e-07 1.12192e-12 2.25673e-06 -0.00100131 0.179156 0.00591193 4.92509 8.98657 0.00243293 5532.25 8.98657 0.00243293 5532.25 
9 7.85856 0.00236478 5529.44 0 0 0 29.0603 0 0 2.40506e-07 1.11907e-12 2.25743e-06 -0.000997078 -1.6522 0.00586066 4.92474 9.46054 0.00243869 5532.15 9.46054 0.00243869 5532.15 
9.1 8.37257 0.00236978 5529.87 0 0 0 29.0603 0 0 2.40565e-07 1.11697e-12 2.25774e-06 -0.000991529 1.13976 0.00579762 4.92459 9.98348 0.00244227 5532.54 9.98348 0.00244227 5532.54 
9.2 8.90269 0.00238796 5529.92 0 0 0 29.0603 0 0 2.40703e-07 1.11061e-12 2.25692e-06 -0.000989496 -0.667373 0.00576101 4.92429 10.5228 0.00245958 5532.55 10.5228 0.00245958 5532.55 
9.3 9.45413 0.00241363 5530.31 0 0 0 29.0603 0 0 2.40916e-07 1.10225e-12 2.25796e-06 -0.000990066 -3.85873 0.00573768 4.924 11.0837 0.00248418 5532.92 11.0837 0.00248418 5532.92 
9.4 10.0305 0.00243597 5529.9 0 0 0 29.0603 0 0 2.41009e-07 1.09714e-12 2.2567e-06 -0.000990049 -0.938739 0.0057015 4.9239 11.6693 0.00250549 5532.51 11.6693 0.00250549 5532.51 
9.5 10.5982 0.00246488 5530.33 0 0 0 29.0603 0 0 2.4144e-07 1.08551e-12 2.23925e-06 -0.000991248 -3.10757 0.00567949 4.92376 12.2464 0.00253363 5532.95 12.2464 0.00253363 5532.95 
9.6 11.1584 0.00249329 5531.01 0 0 0 29.0603 0 0 2.41737e-07 1.07196e-12 2.23332e-06 -0.000991715 -5.11883 0.00565447 4.92371 12.8158 0.00256135 5533.66 12.8158 0.00256135 5533.66 
9.7 11.7058 0.00251933 5529.86 0 0 0 29.0603 0 0 2.41521e-07 1.06512e-12 2.26542e-06 -0.00099333 -2.28883 0.00562556 4.92372 13.3716 0.0025875 5532.57 13.3716 0.0025875 5532.57 
9.8 12.2164 0.00255 5530.59 0 0 0 29.0603 0 0 2.4236e-07 1.05068e-12 2.21154e-06 -0.000995328 -4.06512 0.00560842 4.92381 13.8901 0.00261761 5533.36 13.8901 0.00261761 5533.36 
9.9 12.6878 0.00257833 5531.52 0 0 0 29.0603 0 0 2.42337e-07 1.03576e-12 2.24147e-06 -0.000996714 -5.43985 0.00558854 4.92397 14.3683 0.0026457 5534.37 14.3683 0.0026457 5534.37 
10 13.1098 0.00260652 5532.28 0 0 0 29.0603 0 0 2.42492e-07 1.02161e-12 2.24434e-06 -0.000998545 -5.99828 0.00557118 4.9242 14.7958 0.00267379 5535.23 14.7958 0.00267379 5535.23 
10.1 13.4691 0.00262972 5530.14 0 0 0 29.0603 0 0 2.42634e-07 1.01474e-12 2.24258e-06 -0.00100066 -3.66894 0.00554631 4.92433 15.159 0.00269762 5533.19 15.159 0.00269762 5533.19 
10.2 13.7659 0.00265802 5532.05 0 0 0 29.0603 0 0 2.42854e-07 9.98711e-13 2.24436e-06 -0.00100276 -4.94356 0.00553739 4.9247 15.4581 0.00272608 5535.21 15.4581 0.00272608 5535.21 
10.3 13.986 0.00268304 5531.62 0 0 0 29.0603 0 0 2.43032e-07 9.88142e-13 2.24158e-06 -0.00100524 -4.31818 0.00552469 4.92497 15.6789 0.00275138 5534.89 15.6789 0.00275138 5534.89 
10.4 14.1291 0.00271032 5531.16 0 0 0 29.0603 0 0 2.43211e-07 9.78532e-13 2.23966e-06 -0.00100971 -3.85129 0.00552434 4.92527 15.8208 0.00277996 5534.55 15.8208 0.00277996 5534.55 
10.5 14.1936 0.00273122 5530.7 0 0 0 29.0603 0 0 2.43279e-07 9.68642e-13 2.24178e-06 -0.00101105 -3.53948 0.00550678 4.92558 15.8824 0.00280049 5534.2 15.8824 0.00280049 5534.2 
10.6 14.1823 0.00275725 5532.27 0 0 0 29.0603 0 0 2.43489e-07 9.56173e-13 2.23682e-06 -0.00101349 -2.88007 0.00550634 4.92606 15.8666 0.00282635 5535.88 15.8666 0.00282635 5535.88 
10.7 14.0907 0.00278138 5531.8 0 0 0 29.0603 0 0 2.43579e-07 9.48931e-13 2.2356e-06 -0.00101701 -2.45687 0.00550523 4.92639 15.769 0.0028512 5535.51 15.769 0.0028512 5535.51 
10.8 13.9256 0.00280524 5531.33 0 0 0 29.0603 0 0 2.43546e-07 9.43029e-13 2.23859e-06 -0.00102057 -2.20765 0.00550542 4.92672 15.5966 0.00287584 5535.15 15.5966 0.00287584 5535.15 
10.9 13.6917 0.00282943 5530.93 0 0 0 29.0603 0 0 2.43679e-07 9.37779e-13 2.23074e-06 -0.00102427 -2.11861 0.00550733 4.92704 15.3543 0.0029006 5534.84 15.3543 0.0029006 5534.84 
11 13.4063 0.0028554 5532.19 0 0 0 29.0603 0 0 2.43643e-07 9.32009e-13 2.23397e-06 -0.00102827 1.65139 0.0055171 4.9276 15.0593 0.00292751 5536.18 15.0593 0.00292751 5536.18 
11.1 13.0475 0.00287767 5531.33 0 0 0 29.0603 0 0 2.43642e-07 9.30572e-13 2.23094e-06 -0.00103195 0.863602 0.00551892 4.92783 14.6907 0.00295005 5535.39 14.6907 0.00295005 5535.39 
11.2 12.6388 0.00289849 5530.74 0 0 0 29.0603 0 0 2.43544e-07 9.30061e-13 2.23411e-06 -0.00103557 -0.325788 0.00552206 4.92805 14.2718 0.00297133 5534.86 14.2718 0.00297133 5534.86 
11.3 12.2055 0.00291676 5530.72 0 0 0 29.0603 0 0 2.43378e-07 9.31336e-13 2.2354e-06 -0.00103822 3.42339 0.00552208 4.92845 13.8277 0.00298799 5534.88 13.8277 0.00298799 5534.88 
11.4 11.7256 0.00293086 5530.44 0 0 0 29.0603 0 0 2.43453e-07 9.32824e-13 2.22897e-06 -0.00104124 1.95436 0.00552517 4.92862 13.3376 0.00300243 5534.64 13.3376 0.00300243 5534.64 
11.5 11.2259 0.00293699 5530.45 0 0 0 29.0603 0 0 2.43295e-07 9.35223e-13 2.23355e-06 -0.00104312 0.342126 0.00552397 4.92876 12.8279 0.00301065 5534.65 12.8279 0.00301065 5534.65 
11.6 10.7252 0.00293391 5530.11 0 0 0 29.0603 0 0 2.43131e-07 9.40638e-13 2.23291e-06 -0.0010431 2.4437 0.00551252 4.92897 12.3176 0.00300746 5534.31 12.3176 0.00300746 5534.31 
11.7 10.2218 0.00292226 5529.73 0 0 0 29.0603 0 0 2.42912e-07 9.47307e-13 2.23651e-06 -0.00104185 3.53865 0.00549765 4.9291 11.8054 0.00299597 5533.92 11.8054 0.00299597 5533.92 
11.8 9.72896 0.00289886 5529.29 0 0 0 29.0603 0 0 2.42818e-07 9.55186e-13 2.23319e-06 -0.00103931 4.5178 0.00547569 4.92916 11.3048 0.00297297 5533.44 11.3048 0.00297297 5533.44 
11.9 9.25565 0.00286436 5528.8 0 0 0 29.0603 0 0 2.42514e-07 9.63853e-13 2.23786e-06 -0.00103501 5.3046 0.00544813 4.92917 10.8248 0.00293808 5532.9 10.8248 0.00293808 5532.9 
12 8.81244 0.00281451 5527.49 0 0 0 29.0603 0 0 2.42354e-07 9.75922e-13 2.2367e-06 -0.00102927 7.2188 0.00541008 4.92912 10.3762 0.00288847 5531.52 10.3762 0.00288847 5531.52 
12.1 8.40738 0.00275412 5527.99 0 0 0 29.0603 0 0 2.42192e-07 9.8359e-13 2.2385e-06 -0.00102075 5.92521 0.00537282 4.92904 9.96749 0.00282791 5531.95 9.96749 0.00282791 5531.95 
12.2 8.04367 0.00268257 5528.54 0 0 0 29.0603 0 0 2.42126e-07 9.91673e-13 2.23617e-06 -0.00101062 4.78681 0.00533144 4.92894 9.60148 0.00275621 5532.42 9.60148 0.00275621 5532.42 
12.3 7.73094 0.00259893 5529.21 0 0 0 29.0603 0 0 2.42023e-07 9.99506e-13 2.23625e-06 -0.000998811 3.79606 0.00528524 4.92882 9.28796 0.00267242 5532.99 9.28796 0.00267242 5532.99 
12.4 7.47362 0.00250445 5529.9 0 0 0 29.0603 0 0 2.41776e-07 1.00753e-12 2.24409e-06 -0.000985305 3.04074 0.00523682 4.92867 9.0312 0.00257796 5533.6 9.0312 0.00257796 5533.6 
12.5 7.281 0.00239647 5528.24 0 0 0 29.0603 0 0 2.41582e-07 1.02198e-12 2.24309e-06 -0.000972272 3.89671 0.0051786 4.92836 8.84039 0.00247025 5531.84 8.84039 0.00247025 5531.84 
12.6 7.14591 0.00228728 5529.34 0 0 0 29.0603 0 0 2.41552e-07 1.02863e-12 2.24092e-06 -0.000956824 3.11303 0.0051338 4.92819 8.70848 0.00236102 5532.84 8.70848 0.00236102 5532.84 
12.7 7.08057 0.00217056 5528.28 0 0 0 29.0603 0 0 2.4246e-07 1.03994e-12 2.19253e-06 -0.000942508 2.91458 0.0050851 4.92785 8.64739 0.00224456 5531.69 8.64739 0.00224456 5531.69 
12.8 7.06689 0.0020546 5527.96 0 0 0 29.0603 0 0 2.41956e-07 1.04966e-12 2.20805e-06 -0.000928523 2.05207 0.00505026 4.92753 8.63885 0.0021289 5531.28 8.63885 0.0021289 5531.28 
12.9 7.11075 0.0019376 5527.74 0 0 0 29.0603 0 0 2.41112e-07 1.05895e-12 2.24953e-06 -0.000915008 0.775058 0.00502221 4.92719 8.68875 0.00201247 5530.98 8.68875 0.00201247 5530.98 
13 7.21195 0.00182243 5528.09 0 0 0 29.0603 0 0 2.41091e-07 1.0646e-12 2.24974e-06 -0.00090033 -0.257748 0.00500452 4.9269 8.79668 0.00189748 5531.25 8.79668 0.00189748 5531.25 
13.1 7.36597 0.00171189 5528.58 0 0 0 29.0603 0 0 2.41303e-07 1.0691e-12 2.24131e-06 -0.00088733 -1.02735 0.00500229 4.92664 8.95786 0.00178718 5531.67 8.95786 0.00178718 5531.67 
13.2 7.56904 0.00160651 5529.02 0 0 0 29.0603 0 0 2.40914e-07 1.07204e-12 2.25543e-06 -0.000875557 -1.75851 0.00501233 4.92638 9.16833 0.00168216 5532.05 9.16833 0.00168216 5532.05 
13.3 7.81968 0.00150738 5529.61 0 0 0 29.0603 0 0 2.41077e-07 1.07388e-12 2.25092e-06 -0.000864361 -0.643525 0.00503692 4.92623 9.42642 0.00158338 5532.59 9.42642 0.00158338 5532.59 
13.4 8.10759 0.00141692 5529.9 0 0 0 29.0603 0 0 2.41097e-07 1.07514e-12 2.24874e-06 -0.000855369 0.694608 0.0050767 4.92608 9.72175 0.00149337 5532.84 9.72175 0.00149337 5532.84 
13.5 8.42131 0.00133649 5530.04 0 0 0 29.0603 0 0 2.41295e-07 1.07607e-12 2.24458e-06 -0.000848604 -0.955475 0.00512422 4.92579 10.0429 0.00141309 5532.95 10.0429 0.00141309 5532.95 
13.6 8.75754 0.0012709 5530.36 0 0 0 29.0603 0 0 2.41028e-07 1.07499e-12 2.26408e-06 -0.000844062 -2.68509 0.00518755 4.92555 10.3862 0.00134754 5533.24 10.3862 0.00134754 5533.24 
13.7 9.11104 0.00121513 5530.67 0 0 0 29.0603 0 0 2.41412e-07 1.07269e-12 2.24427e-06 -0.000840826 -3.30734 0.00526146 4.92537 10.7464 0.0012918 5533.55 10.7464 0.0012918 5533.55 
13.8 9.47522 0.00117138 5530.82 0 0 0 29.0603 0 0 2.41401e-07 1.06975e-12 2.25128e-06 -0.000839356 -3.26518 0.00534526 4.92525 11.1166 0.00124816 5533.7 11.1166 0.00124816 5533.7 
13.9 9.8418 0.00114203 5530.95 0 0 0 29.0603 0 0 2.41563e-07 1.06595e-12 2.24658e-06 -0.000839984 -3.25396 0.00543879 4.92515 11.4887 0.0012189 5533.84 11.4887 0.0012189 5533.84 
14 10.2052 0.00112556 5530.73 0 0 0 29.0603 0 0 2.41592e-07 1.06208e-12 2.25106e-06 -0.000842537 -2.48835 0.00553799 4.92509 11.8569 0.00120251 5533.64 11.8569 0.00120251 5533.64 
14.1 10.558 0.00112452 5530.48 0 0 0 29.0603 0 0 2.42127e-07 1.0568e-12 2.21817e-06 -0.000847351 -1.88611 0.005645 4.92505 12.2138 0.00120156 5533.42 12.2138 0.00120156 5533.42 
14.2 10.8903 0.0011415 5531.49 0 0 0 29.0603 0 0 2.41679e-07 1.04965e-12 2.26035e-06 -0.000853581 -3.73401 0.00575823 4.92503 12.5496 0.00121832 5534.47 12.5496 0.00121832 5534.47 
14.3 11.204 0.00116852 5530.66 0 0 0 29.0603 0 0 2.41965e-07 1.04483e-12 2.2485e-06 -0.000862014 -2.28562 0.0058698 4.92505 12.8657 0.00124522 5533.69 12.8657 0.00124522 5533.69 
14.4 11.4865 0.00121476 5531.75 0 0 0 29.0603 0 0 2.42046e-07 1.03527e-12 2.24862e-06 -0.000871559 -3.71288 0.00598922 4.92512 13.15 0.00129109 5534.83 13.15 0.00129109 5534.83 
14.5 11.7387 0.00126983 5530.83 0 0 0 29.0603 0 0 2.42215e-07 1.03036e-12 2.24557e-06 -0.000883615 -2.49069 0.00610352 4.92517 13.4029 0.00134622 5533.96 13.4029 0.00134622 5533.96 
14.6 11.9559 0.00134066 5531.69 0 0 0 29.0603 0 0 2.42399e-07 1.02104e-12 2.24399e-06 -0.000895977 -3.18498 0.00622285 4.92531 13.6202 0.00141665 5534.88 13.6202 0.00141665 5534.88 
14.7 12.1286 0.00142118 5530.55 0 0 0 29.0603 0 0 2.425e-07 1.01659e-12 2.24104e-06 -0.000911064 -2.21388 0.0063336 4.92539 13.792 0.00149689 5533.8 13.792 0.00149689 5533.8 
14.8 12.2687 0.00151674 5532.5 0 0 0 29.0603 0 0 2.42493e-07 1.00444e-12 2.2502e-06 -0.00092486 -3.02745 0.00645417 4.92566 13.9304 0.00159194 5535.82 13.9304 0.00159194 5535.82 
14.9 12.3617 0.00161817 5532 0 0 0 29.0603 0 0 2.43301e-07 9.98288e-13 2.21556e-06 -0.000941693 -2.43707 0.0065632 4.92582 14.0211 0.00169336 5535.39 14.0211 0.00169336 5535.39 
15 12.4116 0.00172845 5531.52 0 0 0 29.0603 0 0 2.42282e-07 9.93155e-13 2.25916e-06 -0.000959536 -2.00661 0.00666707 4.92597 14.0678 0.00180339 5534.97 14.0678 0.00180339 5534.97 
15.1 12.42 0.00184587 5530.88 0 0 0 29.0603 0 0 2.42821e-07 9.88684e-13 2.24207e-06 -0.000978109 -1.77747 0.0067646 4.92613 14.0724 0.00192052 5534.39 14.0724 0.00192052 5534.39 
15.2 12.3915 0.00197327 5531.79 0 0 0 29.0603 0 0 2.42953e-07 9.80447e-13 2.23817e-06 -0.000994875 -0.783761 0.00686151 4.92644 14.0396 0.00204738 5535.36 14.0396 0.00204738 5535.36 
15.3 12.3159 0.00210469 5531.22 0 0 0 29.0603 0 0 2.42882e-07 9.76962e-13 2.24115e-06 -0.00101453 -0.714191 0.00694447 4.9266 13.9592 0.00217836 5534.85 13.9592 0.00217836 5534.85 
15.4 12.2026 0.0022416 5530.76 0 0 0 29.0603 0 0 2.42937e-07 9.73846e-13 2.24092e-06 -0.00103426 -0.866813 0.00701774 4.92676 13.8407 0.00231484 5534.44 13.8407 0.00231484 5534.44 
15.5 12.0561 0.00238365 5530.41 0 0 0 29.0603 0 0 2.42975e-07 9.71234e-13 2.23664e-06 -0.00105413 -1.19824 0.00708029 4.92692 13.6888 0.00245621 5534.14 13.6888 0.00245621 5534.14 
15.6 11.8822 0.00253153 5530.71 0 0 0 29.0603 0 0 2.42926e-07 9.67382e-13 2.2396e-06 -0.00107146 0.733511 0.00713268 4.92722 13.5091 0.00260353 5534.47 13.5091 0.00260353 5534.47 
15.7 11.6749 0.00268208 5530.46 0 0 0 29.0603 0 0 2.42942e-07 9.66182e-13 2.23748e-06 -0.00109104 0.266308 0.00716818 4.92737 13.2961 0.00275346 5534.26 13.2961 0.00275346 5534.26 
15.8 11.4439 0.00283773 5530.34 0 0 0 29.0603 0 0 2.42905e-07 9.65422e-13 2.23789e-06 -0.00110999 -0.351061 0.00718536 4.9275 13.0594 0.00290578 5534.17 13.0594 0.00290578 5534.17 
15.9 11.2006 0.00299255 5530.07 0 0 0 29.0603 0 0 2.42857e-07 9.65369e-13 2.23731e-06 -0.00112615 2.0079 0.00718699 4.92774 12.8105 0.00306151 5533.92 12.8105 0.00306151 5533.92 
16 10.9366 0.00314927 5530.06 0 0 0 29.0603 0 0 2.42823e-07 9.66194e-13 2.23664e-06 -0.00114372 1.25632 0.00716868 4.92784 12.541 0.00321839 5533.92 12.541 0.00321839 5533.92 
16.1 10.6632 0.00330744 5530.2 0 0 0 29.0603 0 0 2.42766e-07 9.67342e-13 2.23702e-06 -0.0011604 0.4316 0.00713142 4.92793 12.2625 0.00337582 5534.06 12.2625 0.00337582 5534.06 
16.2 10.3926 0.003462 5529.45 0 0 0 29.0603 0 0 2.42657e-07 9.70649e-13 2.23668e-06 -0.00117328 2.85202 0.0070657 4.92807 11.9871 0.00352939 5533.31 11.9871 0.00352939 5533.31 
16.3 10.1162 0.00361547 5529.71 0 0 0 29.0603 0 0 2.42651e-07 9.73158e-13 2.2368e-06 -0.00118709 1.96594 0.00698359 4.92812 11.7065 0.0036821 5533.55 11.7065 0.0036821 5533.55 
16.4 9.85296 0.00375739 5527.59 0 0 0 29.0603 0 0 2.42427e-07 9.81025e-13 2.23803e-06 -0.00119619 6.0816 0.00686912 4.92819 11.4392 0.00382367 5531.42 11.4392 0.00382367 5531.42 
16.5 9.59311 0.00389864 5529.5 0 0 0 29.0603 0 0 2.42427e-07 9.81025e-13 2.23803e-06 -0.00120722 2.32598 0.00674557 4.92819 11.1765 0.00396393 5533.3 11.1765 0.00396393 5533.3 
16.6 9.34646 0.00402881 5529.9 0 0 0 29.0603 0 0 2.42354e-07 9.84596e-13 2.23842e-06 -0.00121489 1.52845 0.00659811 4.92819 10.9274 0.00409343 5533.67 10.9274 0.00409343 5533.67 
16.7 9.12303 0.00414069 5529.43 0 0 0 29.0603 0 0 2.42241e-07 9.90614e-13 2.2391e-06 -0.00121889 2.23497 0.00642389 4.92816 10.7019 0.00420483 5533.17 10.7019 0.00420483 5533.17 
16.8 8.92164 0.00423317 5528.73 0 0 0 29.0603 0 0 2.42122e-07 9.97526e-13 2.23984e-06 -0.00121976 2.96067 0.0062264 4.92809 10.4992 0.00429694 5532.43 10.4992 0.00429694 5532.43 
16.9 8.74588 0.00430619 5529.05 0 0 0 29.0603 0 0 2.42065e-07 1.00227e-12 2.23939e-06 -0.0012175 2.48881 0.00601405 4.92803 10.3229 0.00436959 5532.7 10.3229 0.00436959 5532.7 
17 8.60411 0.00434029 5527.38 0 0 0 29.0603 0 0 2.41897e-07 1.01209e-12 2.24158e-06 -0.00121184 3.49883 0.00578033 4.92785 10.1811 0.00440341 5530.99 10.1811 0.00440341 5530.99 
17.1 8.48738 0.00437843 5529.75 0 0 0 29.0603 0 0 2.41897e-07 1.01209e-12 2.24158e-06 -0.0012041 1.84047 0.00555763 4.92785 10.065 0.0044393 5533.3 10.065 0.0044393 5533.3 
17.2 8.40305 0.00435297 5528.54 0 0 0 29.0603 0 0 2.41756e-07 1.0207e-12 2.2445e-06 -0.00118907 2.1979 0.00529094 4.92766 9.98195 0.00441433 5532.04 9.98195 0.00441433 5532.04 
17.3 8.3492 0.00430123 5527.82 0 0 0 29.0603 0 0 2.41712e-07 1.0278e-12 2.24285e-06 -0.00117236 1.85553 0.00502622 4.92746 9.92998 0.00436454 5531.27 9.92998 0.00436454 5531.27 
17.4 8.32335 0.00425297 5529.96 0 0 0 29.0603 0 0 2.41712e-07 1.0278e-12 2.24285e-06 -0.00115086 1.50668 0.00477254 4.92746 9.9065 0.00431624 5533.36 9.9065 0.00431624 5533.36 
17.5 8.33956 0.00412236 5529.14 0 0 0 29.0603 0 0 2.41592e-07 1.03398e-12 2.2473e-06 -0.00112612 1.23285 0.00449611 4.92725 9.9256 0.00418722 5532.5 9.9256 0.00418722 5532.5 
17.6 8.37894 0.00399228 5529.04 0 0 0 29.0603 0 0 2.41584e-07 1.0393e-12 2.24487e-06 -0.00110013 0.638592 0.00425725 4.92705 9.96828 0.00405599 5532.34 9.96828 0.00405599 5532.34 
17.7 8.45744 0.00381243 5529.44 0 0 0 29.0603 0 0 2.41546e-07 1.0422e-12 2.24634e-06 -0.00106736 0.625089 0.00400876 4.92692 10.0505 0.00387872 5532.7 10.0505 0.00387872 5532.7 
17.8 8.56419 0.0035984 5529.76 0 0 0 29.0603 0 0 2.41565e-07 1.04467e-12 2.24508e-06 -0.00103098 0.714011 0.00376858 4.92678 10.1611 0.00366597 5532.99 10.1611 0.00366597 5532.99 
17.9 8.69145 0.0033535 5529.33 0 0 0 29.0603 0 0 2.41512e-07 1.04874e-12 2.24813e-06 -0.000998098 -1.05436 0.003558 4.92652 10.2927 0.00342276 5532.51 10.2927 0.00342276 5532.51 
18 8.85057 0.00308665 5529.65 0 0 0 29.0603 0 0 2.41473e-07 1.0499e-12 2.25113e-06 -0.00095835 -0.90491 0.00337287 4.9264 10.4562 0.0031571 5532.8 10.4562 0.0031571 5532.8 
18.1 9.03096 0.00279624 5529.87 0 0 0 29.0603 0 0 2.41582e-07 1.05082e-12 2.24623e-06 -0.000917579 -0.625598 0.00321867 4.92628 10.641 0.00286857 5533 10.641 0.00286857 5533 
18.2 9.22904 0.00248877 5530 0 0 0 29.0603 0 0 2.41604e-07 1.05105e-12 2.24651e-06 -0.000876855 -0.260185 0.00309805 4.92618 10.8435 0.00256269 5533.12 10.8435 0.00256269 5533.12 
18.3 9.43469 0.00216301 5530.26 0 0 0 29.0603 0 0 2.41657e-07 1.0505e-12 2.24753e-06 -0.000841643 -2.57097 0.00301579 4.92599 11.0537 0.00223889 5533.36 11.0537 0.00223889 5533.36 
18.4 9.65827 0.00183089 5530.28 0 0 0 29.0603 0 0 2.41698e-07 1.04968e-12 2.24729e-06 -0.000800568 -1.64394 0.00297179 4.92592 11.2815 0.0019087 5533.37 11.2815 0.0019087 5533.37 
18.5 9.88793 0.00149447 5530.17 0 0 0 29.0603 0 0 2.41736e-07 1.04858e-12 2.24726e-06 -0.000761382 -0.707695 0.00297022 4.92586 11.5152 0.00157424 5533.26 11.5152 0.00157424 5533.26 
18.6 10.1145 0.0011614 5530.57 0 0 0 29.0603 0 0 2.41833e-07 1.04553e-12 2.24659e-06 -0.000729079 -2.09581 0.00301556 4.92576 11.7457 0.00124311 5533.66 11.7457 0.00124311 5533.66 
18.7 10.3438 0.000834999 5530.3 0 0 0 29.0603 0 0 2.41878e-07 1.04364e-12 2.24667e-06 -0.000695526 -1.10381 0.00310479 4.92573 11.9784 0.000918641 5533.4 11.9784 0.000918641 5533.4 
18.8 10.5609 0.000528373 5531.14 0 0 0 29.0603 0 0 2.41998e-07 1.03844e-12 2.2459e-06 -0.000671391 -3.03043 0.0032457 4.92569 12.1988 0.000613768 5534.26 12.1988 0.000613768 5534.26 
18.9 10.7713 0.000239629 5531.11 0 0 0 29.0603 0 0 2.4208e-07 1.03503e-12 2.24504e-06 -0.000647961 -2.72749 0.00343049 4.92568 12.4119 0.000326959 5534.25 12.4119 0.000326959 5534.25 
19 10.9677 -2.33344e-05 5531.01 0 0 0 29.0603 0 0 2.42175e-07 1.03154e-12 2.24348e-06 -0.000629433 -2.39905 0.00366033 4.9257 12.6104 6.60711e-05 5534.18 12.6104 6.60711e-05 5534.18 
19.1 11.15 -0.000266107 5530.31 0 0 0 29.0603 0 0 2.42184e-07 1.02875e-12 2.24519e-06 -0.000613206 -1.2672 0.00391999 4.92572 12.7943 -0.000175769 5533.51 12.7943 -0.000175769 5533.51 
19.2 11.3075 -0.000460259 5530.79 0 0 0 29.0603 0 0 2.42284e-07 1.02305e-12 2.24452e-06 -0.000607004 -1.89463 0.0042313 4.92578 12.9528 -0.000369135 5534.03 12.9528 -0.000369135 5534.03 
19.3 11.4439 -0.000610811 5531.86 0 0 0 29.0603 0 0 2.42404e-07 1.01578e-12 2.24363e-06 -0.000606716 -2.7272 0.00458157 4.92588 13.0897 -0.000518764 5535.14 13.0897 -0.000518764 5535.14 
19.4 11.5534 -0.000717353 5531.67 0 0 0 29.0603 0 0 2.42467e-07 1.01199e-12 2.24305e-06 -0.000611563 -2.32011 0.00496566 4.92596 13.1991 -0.000625126 5534.99 13.1991 -0.000625126 5534.99 
19.5 11.6366 -0.000780684 5531.45 0 0 0 29.0603 0 0 2.42535e-07 1.00728e-12 2.24219e-06 -0.000626261 -1.95053 0.00537042 4.92606 13.2816 -0.000688136 5534.81 13.2816 -0.000688136 5534.81 
19.6 11.6905 -0.00078074 5532.62 0 0 0 29.0603 0 0 2.42668e-07 1.00022e-12 2.23692e-06 -0.000640009 -1.7479 0.00578948 4.92626 13.3343 -0.00068784 5536.02 13.3343 -0.00068784 5536.02 
19.7 11.7111 -0.000758242 5530.98 0 0 0 29.0603 0 0 2.42668e-07 1.00022e-12 2.23692e-06 -0.000666083 -1.47811 0.00620572 4.92626 13.3532 -0.000666162 5534.42 13.3532 -0.000666162 5534.42 
19.8 11.7093 -0.000618714 5531.6 0 0 0 29.0603 0 0 2.42648e-07 9.94511e-13 2.2416e-06 -0.000710053 -0.936 0.00671295 4.92645 13.3492 -0.000528719 5535.09 13.3492 -0.000528719 5535.09 
19.9 11.6823 -0.000503215 5531.8 0 0 0 29.0603 0 0 2.42759e-07 9.90136e-13 2.23711e-06 -0.000732252 -0.0286642 0.00709913 4.92663 13.3194 -0.000411036 5535.34 13.3194 -0.000411036 5535.34 
20 11.6248 -0.000373683 5530.57 0 0 0 29.0603 0 0 2.42759e-07 9.90136e-13 2.23711e-06 -0.000767279 -0.88603 0.00745914 4.92663 13.259 -0.000282767 5534.14 13.259 -0.000282767 5534.14 
20.1 11.5398 -0.000130187 5530.37 0 0 0 29.0603 0 0 2.42699e-07 9.87824e-13 2.24085e-06 -0.000812744 -0.932111 0.00788157 4.92674 13.1707 -4.3959e-05 5533.98 13.1707 -4.3959e-05 5533.98 
20.2 11.4326 0.000207731 5530.76 0 0 0 29.0603 0 0 2.42586e-07 9.84254e-13 2.24531e-06 -0.000879681 0.70277 0.00835014 4.92697 13.0598 0.000292732 5534.41 13.0598 0.000292732 5534.41 
20.3 11.2989 0.000503297 5530.53 0 0 0 29.0603 0 0 2.42936e-07 9.83876e-13 2.22807e-06 -0.000917538 0.676499 0.00864002 4.92708 12.9224 0.000586969 5534.2 12.9224 0.000586969 5534.2 
20.4 11.1454 0.000860369 5530.36 0 0 0 29.0603 0 0 2.42486e-07 9.81161e-13 2.24894e-06 -0.000971711 0.563247 0.00894209 4.92718 12.7651 0.000941425 5534.06 12.7651 0.000941425 5534.06 
20.5 10.9753 0.00125536 5530.26 0 0 0 29.0603 0 0 2.42767e-07 9.81455e-13 2.23335e-06 -0.00103354 0.36604 0.00920817 4.92728 12.5912 0.00133325 5533.97 12.5912 0.00133325 5533.97 
20.6 10.7917 0.00167559 5530.22 0 0 0 29.0603 0 0 2.42503e-07 9.82275e-13 2.24497e-06 -0.00108737 0.117637 0.00942263 4.92736 12.4039 0.00175097 5533.95 12.4039 0.00175097 5533.95 
20.7 10.6035 0.00212252 5529.83 0 0 0 29.0603 0 0 2.42563e-07 9.8234e-13 2.23879e-06 -0.00113954 2.13347 0.00957378 4.92751 12.2121 0.00219452 5533.57 12.2121 0.00219452 5533.57 
20.8 10.4033 0.00257372 5529.86 0 0 0 29.0603 0 0 2.42477e-07 9.83414e-13 2.24102e-06 -0.00119498 1.59305 0.00965427 4.92757 12.0086 0.00264269 5533.6 12.0086 0.00264269 5533.6 
20.9 10.2009 0.00303259 5529.97 0 0 0 29.0603 0 0 2.42495e-07 9.84383e-13 2.23807e-06 -0.00124866 1.00062 0.00967513 4.92761 11.8034 0.00309778 5533.7 11.8034 0.00309778 5533.7 
21 10.0075 0.00347479 5529.38 0 0 0 29.0603 0 0 2.42385e-07 9.87489e-13 2.23925e-06 -0.00128962 2.6721 0.00960316 4.92768 11.6073 0.00353621 5533.1 11.6073 0.00353621 5533.1 
21.1 9.81698 0.00390203 5528.82 0 0 0 29.0603 0 0 2.42301e-07 9.91063e-13 2.23927e-06 -0.00132863 3.71868 0.00947106 4.92771 11.4146 0.00396152 5532.53 11.4146 0.00396152 5532.53 
21.2 9.62364 0.0043349 5529.99 0 0 0 29.0603 0 0 2.42301e-07 9.91063e-13 2.23927e-06 -0.00137689 0.99617 0.00930605 4.92771 11.2198 0.00439092 5533.68 11.2198 0.00439092 5533.68 
21.3 9.45679 0.00470045 5529.39 0 0 0 29.0603 0 0 2.42231e-07 9.95128e-13 2.23839e-06 -0.00140002 2.17076 0.00902872 4.92771 11.0518 0.00475531 5533.06 11.0518 0.00475531 5533.06 
21.4 9.30158 0.00504324 5528.86 0 0 0 29.0603 0 0 2.42128e-07 1.00033e-12 2.24011e-06 -0.00142267 2.87334 0.0087078 4.92767 10.896 0.00509345 5532.5 10.896 0.00509345 5532.5 
21.5 9.16234 0.00533762 5528.37 0 0 0 29.0603 0 0 2.4208e-07 1.00482e-12 2.23819e-06 -0.0014366 3.24086 0.00831272 4.92762 10.7567 0.00538612 5531.97 10.7567 0.00538612 5531.97 
21.6 9.0351 0.0056238 5529.71 0 0 0 29.0603 0 0 2.4208e-07 1.00482e-12 2.23819e-06 -0.00144986 1.52799 0.00789674 4.92762 10.6299 0.00567023 5533.28 10.6299 0.00567023 5533.28 
21.7 8.93984 0.00581305 5529.24 0 0 0 29.0603 0 0 2.41957e-07 1.0113e-12 2.24171e-06 -0.0014481 1.89883 0.0074275 4.92752 10.5356 0.00586046 5532.78 10.5356 0.00586046 5532.78 
21.8 8.86591 0.00595238 5528.87 0 0 0 29.0603 0 0 2.41907e-07 1.01527e-12 2.24113e-06 -0.00144243 1.91215 0.00692389 4.92742 10.463 0.00599717 5532.37 10.463 0.00599717 5532.37 
21.9 8.81337 0.00603625 5528.83 0 0 0 29.0603 0 0 2.41792e-07 1.02028e-12 2.24439e-06 -0.00142628 1.49914 0.00638776 4.92731 10.4122 0.00608032 5532.29 10.4122 0.00608032 5532.29 
22 8.78163 0.0060974 5529.88 0 0 0 29.0603 0 0 2.41792e-07 1.02028e-12 2.24439e-06 -0.00140394 1.2059 0.00584995 4.92731 10.3826 0.00614219 5533.3 10.3826 0.00614219 5533.3 
22.1 8.78037 0.00605543 5529.68 0 0 0 29.0603 0 0 2.41881e-07 1.02571e-12 2.23633e-06 -0.00137456 1.01594 0.00529328 4.92719 10.3838 0.00609986 5533.06 10.3838 0.00609986 5533.06 
22.2 8.8002 0.0059488 5529.7 0 0 0 29.0603 0 0 2.41791e-07 1.02842e-12 2.24187e-06 -0.00133602 0.594835 0.00471277 4.92706 10.4064 0.00599577 5533.04 10.4064 0.00599577 5533.04 
22.3 8.8476 0.00577652 5529.74 0 0 0 29.0603 0 0 2.41721e-07 1.03144e-12 2.24449e-06 -0.00129401 0.0915982 0.00417017 4.92692 10.4566 0.0058255 5533.05 10.4566 0.0058255 5533.05 
22.4 8.9163 0.00554717 5529.86 0 0 0 29.0603 0 0 2.41716e-07 1.03411e-12 2.24482e-06 -0.00124617 -0.598242 0.0036509 4.92679 10.5284 0.00559838 5533.14 10.5284 0.00559838 5533.14 
22.5 9.00453 0.00527191 5530.08 0 0 0 29.0603 0 0 2.41711e-07 1.03695e-12 2.24374e-06 -0.00119653 -1.38228 0.0031683 4.92666 10.6198 0.00532559 5533.33 10.6198 0.00532559 5533.33 
22.6 9.11351 0.00496644 5530.08 0 0 0 29.0603 0 0 2.41711e-07 1.03695e-12 2.24374e-06 -0.00113111 0.363247 0.00270997 4.92666 10.7317 0.005023 5533.31 10.7317 0.005023 5533.31 
22.7 9.23809 0.00458499 5530.19 0 0 0 29.0603 0 0 2.41759e-07 1.0365e-12 2.23836e-06 -0.00107197 -0.230303 0.00230745 4.92654 10.8593 0.00464564 5533.4 10.8593 0.00464564 5533.4 
22.8 9.37593 0.004178 5530.3 0 0 0 29.0603 0 0 2.4175e-07 1.03862e-12 2.2463e-06 -0.00101209 -0.535248 0.00197047 4.92644 11 0.00424218 5533.5 11 0.00424218 5533.5 
22.9 9.52505 0.00373548 5530.45 0 0 0 29.0603 0 0 2.41773e-07 1.0385e-12 2.24402e-06 -0.000951338 -0.96539 0.00169397 4.92634 11.1519 0.00380379 5533.64 11.1519 0.00380379 5533.64 
23 9.68213 0.00327408 5530.61 0 0 0 29.0603 0 0 2.41812e-07 1.03816e-12 2.24697e-06 -0.00089125 -1.33108 0.00148375 4.92627 11.3114 0.00334634 5533.79 11.3114 0.00334634 5533.79 
23.1 9.84392 0.00280076 5530.78 0 0 0 29.0603 0 0 2.41862e-07 1.03735e-12 2.24597e-06 -0.000834922 -1.67671 0.00135258 4.9262 11.4754 0.00287688 5533.96 11.4754 0.00287688 5533.96 
23.2 10.0097 0.00231712 5530.58 0 0 0 29.0603 0 0 2.41929e-07 1.0364e-12 2.24465e-06 -0.000774642 -1.1033 0.00127767 4.92616 11.643 0.00239766 5533.76 11.643 0.00239766 5533.76 
23.3 10.1743 0.00184005 5530.35 0 0 0 29.0603 0 0 2.41895e-07 1.03529e-12 2.24802e-06 -0.000721671 -0.623586 0.00129669 4.92613 11.809 0.0019241 5533.55 11.809 0.0019241 5533.55 
23.4 10.3333 0.00137083 5530.85 0 0 0 29.0603 0 0 2.42052e-07 1.03257e-12 2.24378e-06 -0.000677237 -1.61572 0.00138514 4.92609 11.9694 0.00145918 5534.05 11.9694 0.00145918 5534.05 
23.5 10.4832 0.000931723 5531.38 0 0 0 29.0603 0 0 2.42096e-07 1.02935e-12 2.24489e-06 -0.000639855 -2.46388 0.00155877 4.92607 12.1206 0.00102414 5534.59 12.1206 0.00102414 5534.59 
23.6 10.6241 0.000520075 5531.95 0 0 0 29.0603 0 0 2.422e-07 1.0261e-12 2.24286e-06 -0.00060736 -3.16107 0.00179406 4.92608 12.2623 0.000616581 5535.18 12.2623 0.000616581 5535.18 
23.7 10.7585 0.000117265 5530.6 0 0 0 29.0603 0 0 2.422e-07 1.0261e-12 2.24286e-06 -0.000568709 -1.20194 0.00206687 4.92608 12.3971 0.000214239 5533.86 12.3971 0.000214239 5533.86 
23.8 10.8776 -0.000228925 5530.46 0 0 0 29.0603 0 0 2.42225e-07 1.02263e-12 2.24407e-06 -0.000548654 -1.02826 0.00243515 4.92611 12.5152 -0.000129072 5533.75 12.5152 -0.000129072 5533.75 
23.9 10.9791 -0.000525487 5530.39 0 0 0 29.0603 0 0 2.42291e-07 1.0194e-12 2.24292e-06 -0.000537625 -0.984274 0.00286078 4.92615 12.6163 -0.000422119 5533.7 12.6163 -0.000422119 5533.7 
24 11.064 -0.000754093 5531.4 0 0 0 29.0603 0 0 2.42363e-07 1.01326e-12 2.24325e-06 -0.00053639 -1.76911 0.00332701 4.92624 12.6997 -0.000652618 5534.74 12.6997 -0.000652618 5534.74 
24.1 11.1273 -0.000955966 5531.25 0 0 0 29.0603 0 0 2.42423e-07 1.01082e-12 2.24155e-06 -0.000533013 -1.48311 0.00382276 4.92629 12.7638 -0.000845673 5534.61 12.7638 -0.000845673 5534.61 
24.2 11.1769 -0.00108649 5531.07 0 0 0 29.0603 0 0 2.42418e-07 1.00808e-12 2.244e-06 -0.000542231 -1.23986 0.00434483 4.92635 12.8075 -0.000984154 5534.5 12.8075 -0.000984154 5534.5 
24.3 11.2001 -0.00113727 5530.93 0 0 0 29.0603 0 0 2.42489e-07 1.0033e-12 2.24064e-06 -0.000580503 -0.97032 0.00497576 4.92645 12.8343 -0.00103095 5534.34 12.8343 -0.00103095 5534.34 
24.4 11.2127 -0.00117849 5530.77 0 0 0 29.0603 0 0 2.42497e-07 1.00262e-12 2.24142e-06 -0.000588936 -0.699288 0.00547096 4.9265 12.841 -0.00107546 5534.24 12.841 -0.00107546 5534.24 
24.5 11.1946 -0.00112939 5530.66 0 0 0 29.0603 0 0 2.42516e-07 1.00091e-12 2.24121e-06 -0.000629316 -0.533238 0.00607674 4.92658 12.8285 -0.00102119 5534.1 12.8285 -0.00102119 5534.1 
24.6 11.1905 -0.00115833 5530.44 0 0 0 29.0603 0 0 2.42531e-07 1.00393e-12 2.2405e-06 -0.000605913 -0.0992513 0.00633584 4.92664 12.8128 -0.0010518 5533.98 12.8128 -0.0010518 5533.98 
24.7 11.1106 -0.00084949 5530.41 0 0 0 29.0603 0 0 2.4254e-07 1.00071e-12 2.24106e-06 -0.000722631 -1.00791 0.00727332 4.92672 12.7361 -0.000749839 5533.93 12.7361 -0.000749839 5533.93 
24.8 11.0627 -0.000751361 5530.41 0 0 0 29.0603 0 0 2.42558e-07 9.94302e-13 2.24052e-06 -0.00073211 -0.198126 0.00754682 4.92687 12.6842 -0.000653438 5533.96 12.6842 -0.000653438 5533.96 
24.9 10.9753 -0.000507905 5530.36 0 0 0 29.0603 0 0 2.42552e-07 9.93028e-13 2.24056e-06 -0.000785168 -0.221199 0.00805159 4.92694 12.599 -0.000400075 5533.9 12.599 -0.000400075 5533.9 
25 10.8828 -0.00021324 5530.25 0 0 0 29.0603 0 0 2.42532e-07 9.91172e-13 2.24119e-06 -0.000839583 -0.139784 0.00849409 4.927 12.5018 -0.000115986 5533.83 12.5018 -0.000115986 5533.83 
25.1 10.7787 0.000105197 5530.14 0 0 0 29.0603 0 0 2.42524e-07 9.90216e-13 2.24007e-06 -0.000891633 0.0205012 0.00887338 4.92705 12.3935 0.000196518 5533.75 12.3935 0.000196518 5533.75 
25.2 10.6589 0.000441416 5530.15 0 0 0 29.0603 0 0 2.42501e-07 9.91475e-13 2.24025e-06 -0.000940627 -0.24417 0.00914267 4.9271 12.2707 0.00052827 5533.79 12.2707 0.00052827 5533.79 
25.3 10.5431 0.000780873 5530.02 0 0 0 29.0603 0 0 2.42468e-07 9.92672e-13 2.24028e-06 -0.000984597 0.330947 0.00935509 4.92717 12.1532 0.000862582 5533.66 12.1532 0.000862582 5533.66 
25.4 10.4115 0.00114684 5530.08 0 0 0 29.0603 0 0 2.42442e-07 9.92995e-13 2.24024e-06 -0.00103224 0.240186 0.00952054 4.92724 12.0207 0.00122408 5533.72 12.0207 0.00122408 5533.72 
25.5 10.2804 0.00153584 5529.89 0 0 0 29.0603 0 0 2.42396e-07 9.93931e-13 2.24027e-06 -0.00107951 1.03197 0.0096465 4.92733 11.8876 0.001608 5533.53 11.8876 0.001608 5533.53 
25.6 10.1477 0.00192399 5529.96 0 0 0 29.0603 0 0 2.42363e-07 9.94799e-13 2.24031e-06 -0.00112471 0.861867 0.00969522 4.92737 11.7537 0.00199101 5533.59 11.7537 0.00199101 5533.59 
25.7 10.0171 0.0023215 5530.11 0 0 0 29.0603 0 0 2.42333e-07 9.95546e-13 2.24038e-06 -0.00117532 0.524473 0.00972698 4.9274 11.6223 0.00238746 5533.72 11.6223 0.00238746 5533.72 
25.8 9.89315 0.0026831 5530.08 0 0 0 29.0603 0 0 2.4229e-07 9.97505e-13 2.24054e-06 -0.00120529 0.638058 0.00961969 4.92741 11.4971 0.00274522 5533.68 11.4971 0.00274522 5533.68 
25.9 9.76221 0.00314236 5529.96 0 0 0 29.0603 0 0 2.42236e-07 9.99788e-13 2.24077e-06 -0.00125132 0.872611 0.00946454 4.9274 11.3652 0.00320047 5533.55 11.3652 0.00320047 5533.55 
26 9.66974 0.00342148 5530.06 0 0 0 29.0603 0 0 2.42204e-07 1.00136e-12 2.24095e-06 -0.00127505 0.643266 0.00929554 4.92739 11.2723 0.00347651 5533.63 11.2723 0.00347651 5533.63 
26.1 9.57554 0.00373661 5530.04 0 0 0 29.0603 0 0 2.42162e-07 1.00363e-12 2.24107e-06 -0.00129835 0.710785 0.00905188 4.92737 11.1779 0.00378865 5533.59 11.1779 0.00378865 5533.59 
26.2 9.49485 0.0040042 5529.69 0 0 0 29.0603 0 0 2.421e-07 1.00673e-12 2.24177e-06 -0.00131345 1.11959 0.00877804 4.92732 11.0974 0.00405346 5533.22 11.0974 0.00405346 5533.22 
26.3 9.42314 0.00426984 5530.08 0 0 0 29.0603 0 0 2.42076e-07 1.00817e-12 2.24203e-06 -0.00132973 0.660333 0.00846249 4.9273 11.0261 0.00431697 5533.59 11.0261 0.00431697 5533.59 
26.4 9.36731 0.00448468 5529.56 0 0 0 29.0603 0 0 2.42053e-07 1.01226e-12 2.24048e-06 -0.00133502 1.07548 0.00809947 4.92723 10.9709 0.00452974 5533.05 10.9709 0.00452974 5533.05 
26.5 9.32409 0.00468159 5529.87 0 0 0 29.0603 0 0 2.41991e-07 1.01398e-12 2.24266e-06 -0.00133955 0.830368 0.0077169 4.9272 10.9286 0.00472539 5533.33 10.9286 0.00472539 5533.33 
26.6 9.29564 0.00483613 5529.69 0 0 0 29.0603 0 0 2.4201e-07 1.01722e-12 2.23988e-06 -0.00133757 0.793495 0.00730675 4.92714 10.9011 0.00487904 5533.13 10.9011 0.00487904 5533.13 
26.7 9.28409 0.0049551 5529.95 0 0 0 29.0603 0 0 2.41842e-07 1.01877e-12 2.24852e-06 -0.00133082 0.706428 0.00688373 4.9271 10.8906 0.00499753 5533.38 10.8906 0.00499753 5533.38 
26.8 9.28882 0.00502208 5529.82 0 0 0 29.0603 0 0 2.41909e-07 1.02157e-12 2.24342e-06 -0.00131811 0.545919 0.00645094 4.92701 10.8965 0.00506467 5533.21 10.8965 0.00506467 5533.21 
26.9 9.30678 0.00506025 5529.84 0 0 0 29.0603 0 0 2.41884e-07 1.02373e-12 2.24419e-06 -0.00130249 0.328885 0.00601755 4.92694 10.9157 0.00510323 5533.21 10.9157 0.00510323 5533.21 
27 9.33928 0.00506205 5529.86 0 0 0 29.0603 0 0 2.41878e-07 1.02569e-12 2.24416e-06 -0.00128339 0.0504128 0.00558965 4.92686 10.9494 0.00510587 5533.22 10.9494 0.00510587 5533.22 
27.1 9.38569 0.00502508 5529.91 0 0 0 29.0603 0 0 2.41872e-07 1.02715e-12 2.24446e-06 -0.00125947 -0.254445 0.00516882 4.92678 10.997 0.00507078 5533.25 10.997 0.00507078 5533.25 
27.2 9.44511 0.00495536 5529.97 0 0 0 29.0603 0 0 2.41874e-07 1.02821e-12 2.24472e-06 -0.00123391 -0.593292 0.00476744 4.9267 11.0576 0.00500238 5533.29 11.0576 0.00500238 5533.29 
27.3 9.51621 0.00485172 5530.05 0 0 0 29.0603 0 0 2.41878e-07 1.02923e-12 2.24497e-06 -0.00120558 -0.943978 0.0043894 4.92662 11.1302 0.00490126 5533.35 11.1302 0.00490126 5533.35 
27.4 9.59784 0.00471587 5530.14 0 0 0 29.0603 0 0 2.41906e-07 1.02956e-12 2.24445e-06 -0.00117343 -1.29694 0.00403174 4.92655 11.2129 0.00476811 5533.43 11.2129 0.00476811 5533.43 
27.5 9.69185 0.00456407 5530.2 0 0 0 29.0603 0 0 2.41906e-07 1.02956e-12 2.24445e-06 -0.00113515 0.0555719 0.00369841 4.92655 11.3081 0.00461863 5533.48 11.3081 0.00461863 5533.48 
27.6 9.78989 0.00437905 5530.22 0 0 0 29.0603 0 0 2.41906e-07 1.02978e-12 2.24557e-06 -0.00110399 -0.202911 0.00342428 4.92649 11.4071 0.0044364 5533.5 11.4071 0.0044364 5533.5 
27.7 9.89294 0.00416087 5530.25 0 0 0 29.0603 0 0 2.41949e-07 1.02947e-12 2.24461e-06 -0.00106578 -0.441327 0.00316132 4.92644 11.5118 0.00422225 5533.53 11.5118 0.00422225 5533.53 
27.8 9.9997 0.00393645 5530.3 0 0 0 29.0603 0 0 2.41997e-07 1.02886e-12 2.24382e-06 -0.00103316 -0.693383 0.00296419 4.9264 11.6187 0.00400012 5533.57 11.6187 0.00400012 5533.57 
27.9 10.1067 0.00369166 5530.35 0 0 0 29.0603 0 0 2.42002e-07 1.02806e-12 2.24543e-06 -0.000999873 -0.916507 0.00280053 4.92637 11.7274 0.00375969 5533.63 11.7274 0.00375969 5533.63 
28 10.2141 0.00342635 5530.41 0 0 0 29.0603 0 0 2.42057e-07 1.02681e-12 2.24402e-06 -0.00095991 -1.10736 0.00265824 4.92633 11.8351 0.00349869 5533.69 11.8351 0.00349869 5533.69 
28.1 10.3193 0.00318475 5530.46 0 0 0 29.0603 0 0 2.42106e-07 1.02498e-12 2.24359e-06 -0.000939614 -1.27993 0.00262651 4.92633 11.9401 0.00325614 5533.75 11.9401 0.00325614 5533.75 
28.2 10.4172 0.00289412 5530.52 0 0 0 29.0603 0 0 2.42133e-07 1.02354e-12 2.24416e-06 -0.000898904 -1.38919 0.00256146 4.92632 12.0407 0.00297731 5533.81 12.0407 0.00297731 5533.81 
28.3 10.5141 0.00263822 5530.39 0 0 0 29.0603 0 0 2.42158e-07 1.02182e-12 2.24395e-06 -0.000872815 -0.941486 0.00258571 4.92632 12.1364 0.00271729 5533.7 12.1364 0.00271729 5533.7 
28.4 10.6018 0.00236478 5530.27 0 0 0 29.0603 0 0 2.42186e-07 1.01999e-12 2.24369e-06 -0.000845165 -0.624264 0.00263813 4.92634 12.2246 0.00245075 5533.59 12.2246 0.00245075 5533.59 
28.5 10.6815 0.00215319 5530.36 0 0 0 29.0603 0 0 2.42238e-07 1.01469e-12 2.24333e-06 -0.000844091 -0.937211 0.00284551 4.92637 12.3009 0.0022329 5533.73 12.3009 0.0022329 5533.73 
28.6 10.7319 0.00181528 5530.33 0 0 0 29.0603 0 0 2.42267e-07 1.01358e-12 2.24256e-06 -0.000786279 -0.948362 0.00283392 4.92638 12.3575 0.00191703 5533.68 12.3575 0.00191703 5533.68 
28.7 10.7672 0.00167723 5530.46 0 0 0 29.0603 0 0 2.42311e-07 1.0037e-12 2.24263e-06 -0.000822292 -1.37937 0.00326933 4.92644 12.3983 0.00178164 5533.78 12.3983 0.00178164 5533.78 
28.8 10.7968 0.00156397 5530.36 0 0 0 29.0603 0 0 2.42299e-07 1.00494e-12 2.24324e-06 -0.000847312 -1.2171 0.00374028 4.9264 12.4266 0.00165485 5533.7 12.4266 0.00165485 5533.7 
28.9 10.843 0.00122583 5530.15 0 0 0 29.0603 0 0 2.42327e-07 9.95646e-13 2.24095e-06 -0.000779026 -0.0853682 0.00366612 4.92643 12.4671 0.00131292 5533.57 12.4671 0.00131292 5533.57 
29 10.8889 0.00107605 5529.81 0 0 0 29.0603 0 0 2.42307e-07 1.00032e-12 2.24302e-06 -0.000809118 1.06174 0.00410627 4.92644 12.5139 0.00118293 5533.24 12.5139 0.00118293 5533.24 
29.1 10.8711 0.000763415 5529.97 0 0 0 29.0603 0 0 2.42328e-07 1.00914e-12 2.24296e-06 -0.000736249 0.764447 0.00404049 4.92655 12.4937 0.000862044 5533.42 12.4937 0.000862044 5533.42 
29.2 10.8557 0.000551583 5530.14 0 0 0 29.0603 0 0 2.42365e-07 1.00869e-12 2.2423e-06 -0.000710237 0.537216 0.00422474 4.92667 12.4789 0.000648539 5533.57 12.4789 0.000648539 5533.57 
29.3 10.834 0.000387398 5530.33 0 0 0 29.0603 0 0 2.4241e-07 1.00697e-12 2.24162e-06 -0.000705246 0.086265 0.00449884 4.9268 12.4559 0.000485136 5533.76 12.4559 0.000485136 5533.76 
29.4 10.8084 0.00026908 5530.4 0 0 0 29.0603 0 0 2.42443e-07 1.00431e-12 2.24136e-06 -0.000704 -0.353231 0.0047685 4.92687 12.428 0.000367899 5533.84 12.428 0.000367899 5533.84 
29.5 10.7767 0.000182484 5530.4 0 0 0 29.0603 0 0 2.42467e-07 1.00184e-12 2.24109e-06 -0.000712221 -0.746939 0.00510949 4.92689 12.3935 0.000282778 5533.86 12.3935 0.000282778 5533.86 
29.6 10.7376 0.000131685 5530.31 0 0 0 29.0603 0 0 2.42482e-07 9.99674e-13 2.24078e-06 -0.000725727 -0.814436 0.00547064 4.92688 12.3518 0.000232768 5533.8 12.3518 0.000232768 5533.8 
29.7 10.6883 0.000105079 5530.15 0 0 0 29.0603 0 0 2.42473e-07 9.98861e-13 2.24086e-06 -0.000741236 -0.806115 0.00582136 4.92686 12.3006 0.00020554 5533.67 12.3006 0.00020554 5533.67 
29.8 10.6276 0.00010082 5530.01 0 0 0 29.0603 0 0 2.42459e-07 9.98704e-13 2.24077e-06 -0.000757471 -0.677447 0.00615194 4.92686 12.2391 0.000200028 5533.56 12.2391 0.000200028 5533.56 
29.9 10.5397 0.000122373 5530 0 0 0 29.0603 0 0 2.42429e-07 9.99016e-13 2.24091e-06 -0.000775962 -0.509967 0.00648441 4.9269 12.1513 0.000219361 5533.58 12.1513 0.000219361 5533.58 
30 10.4645 0.000176074 5529.95 0 0 0 29.0603 0 0 2.42405e-07 9.99428e-13 2.24102e-06 -0.000797079 -0.395847 0.00676644 4.92695 12.0766 0.000269249 5533.54 12.0766 0.000269249 5533.54 
30.1 10.3763 0.000238884 5529.97 0 0 0 29.0603 0 0 2.42375e-07 9.99912e-13 2.24106e-06 -0.000815449 -0.147649 0.00701869 4.92703 11.989 0.000330915 5533.57 11.989 0.000330915 5533.57 
30.2 10.2805 0.000328785 5529.92 0 0 0 29.0603 0 0 2.4233e-07 1.00077e-12 2.24116e-06 -0.000834333 0.788449 0.00725614 4.92715 11.8934 0.000418178 5533.52 11.8934 0.000418178 5533.52 
30.3 10.1804 0.000454657 5530 0 0 0 29.0603 0 0 2.42302e-07 1.0014e-12 2.24123e-06 -0.000861793 0.723495 0.00749895 4.92721 11.793 0.000540777 5533.59 11.793 0.000540777 5533.59 
30.4 10.0817 0.000601637 5529.91 0 0 0 29.0603 0 0 2.42254e-07 1.00271e-12 2.2413e-06 -0.000887148 1.59932 0.00771174 4.92726 11.6937 0.000684635 5533.49 11.6937 0.000684635 5533.49 
30.5 9.98256 0.000765097 5530.02 0 0 0 29.0603 0 0 2.42232e-07 1.00329e-12 2.24138e-06 -0.00091526 1.23601 0.00789295 4.92727 11.5937 0.000845138 5533.59 11.5937 0.000845138 5533.59 
30.6 9.88758 0.00094636 5530.17 0 0 0 29.0603 0 0 2.42212e-07 1.004e-12 2.24147e-06 -0.000944927 0.709937 0.00804776 4.92726 11.4977 0.00102336 5533.72 11.4977 0.00102336 5533.72 
30.7 9.80084 0.00114932 5530.2 0 0 0 29.0603 0 0 2.42182e-07 1.00518e-12 2.24163e-06 -0.000973802 0.634287 0.00817001 4.92723 11.41 0.00122328 5533.73 11.41 0.00122328 5533.73 
30.8 9.72608 0.00136771 5529.93 0 0 0 29.0603 0 0 2.42138e-07 1.00715e-12 2.24184e-06 -0.0010001 0.959242 0.00825445 4.92716 11.3346 0.00143846 5533.44 11.3346 0.00143846 5533.44 
30.9 9.65926 0.0015964 5529.9 0 0 0 29.0603 0 0 2.4211e-07 1.00847e-12 2.24213e-06 -0.00102821 0.78991 0.00830733 4.92711 11.2676 0.00166416 5533.39 11.2676 0.00166416 5533.39 
31 9.60285 0.00183444 5529.88 0 0 0 29.0603 0 0 2.42085e-07 1.01005e-12 2.24207e-06 -0.00105581 0.638335 0.00832859 4.92707 11.2115 0.00189901 5533.36 11.2115 0.00189901 5533.36 
31.1 9.55733 0.00207832 5529.95 0 0 0 29.0603 0 0 2.42059e-07 1.01141e-12 2.24231e-06 -0.00108325 0.491234 0.00831843 4.92704 11.1666 0.00214014 5533.42 11.1666 0.00214014 5533.42 
31.2 9.52545 0.00233381 5530.06 0 0 0 29.0603 0 0 2.4204e-07 1.01265e-12 2.24244e-06 -0.00111045 0.35994 0.00826533 4.92702 11.1357 0.00239309 5533.52 11.1357 0.00239309 5533.52 
31.3 9.50518 0.002598 5530.07 0 0 0 29.0603 0 0 2.42016e-07 1.01434e-12 2.24262e-06 -0.00113572 0.374009 0.00817327 4.927 11.1165 0.00265484 5533.51 11.1165 0.00265484 5533.51 
31.4 9.49609 0.00288678 5529.98 0 0 0 29.0603 0 0 2.41989e-07 1.01652e-12 2.24276e-06 -0.00116029 0.44629 0.00803328 4.92697 11.1082 0.0029413 5533.41 11.1082 0.0029413 5533.41 
31.5 9.49713 0.00309368 5530.06 0 0 0 29.0603 0 0 2.41972e-07 1.01784e-12 2.24298e-06 -0.00117671 0.451603 0.00789945 4.92694 11.1101 0.00314629 5533.48 11.1101 0.00314629 5533.48 
31.6 9.5055 0.00328444 5530.15 0 0 0 29.0603 0 0 2.41963e-07 1.01903e-12 2.24286e-06 -0.00119046 0.438865 0.00774881 4.92691 11.1192 0.00333545 5533.56 11.1192 0.00333545 5533.56 
31.7 9.52411 0.00349325 5529.99 0 0 0 29.0603 0 0 2.41933e-07 1.02204e-12 2.24366e-06 -0.00119915 -0.389959 0.00754611 4.9268 11.1385 0.00354276 5533.38 11.1385 0.00354276 5533.38 
31.8 9.55471 0.00369182 5530.13 0 0 0 29.0603 0 0 2.41933e-07 1.02204e-12 2.24366e-06 -0.00121302 0.129032 0.00732935 4.9268 11.1697 0.00374023 5533.5 11.1697 0.00374023 5533.5 
31.9 9.59101 0.00387733 5530.17 0 0 0 29.0603 0 0 2.41931e-07 1.02276e-12 2.24378e-06 -0.00122337 0.159758 0.00710071 4.92676 11.2066 0.00392504 5533.53 11.2066 0.00392504 5533.53 
32 9.63696 0.00403579 5530.2 0 0 0 29.0603 0 0 2.4193e-07 1.02343e-12 2.24402e-06 -0.00122836 0.225168 0.00683851 4.92671 11.2531 0.00408333 5533.55 11.2531 0.00408333 5533.55 
32.1 9.69186 0.00417327 5530.2 0 0 0 29.0603 0 0 2.41968e-07 1.0237e-12 2.24248e-06 -0.0012296 0.328495 0.00656528 4.92667 11.3086 0.00422087 5533.54 11.3086 0.00422087 5533.54 
32.2 9.75344 0.00427738 5530.26 0 0 0 29.0603 0 0 2.41974e-07 1.02386e-12 2.24322e-06 -0.00122698 -0.42664 0.00628509 4.9266 11.3709 0.00432542 5533.58 11.3709 0.00432542 5533.58 
32.3 9.82259 0.00436146 5530.25 0 0 0 29.0603 0 0 2.41962e-07 1.02389e-12 2.24426e-06 -0.00122233 -0.328872 0.00599692 4.92656 11.4407 0.00441035 5533.57 11.4407 0.00441035 5533.57 
32.4 9.89699 0.00441712 5530.24 0 0 0 29.0603 0 0 2.41998e-07 1.02376e-12 2.24321e-06 -0.00121397 -0.205372 0.00570485 4.92654 11.5159 0.00446717 5533.55 11.5159 0.00446717 5533.55 
32.5 9.97471 0.00443841 5530.27 0 0 0 29.0603 0 0 2.42e-07 1.02344e-12 2.24413e-06 -0.00120232 -0.403351 0.00541608 4.9265 11.5943 0.00448997 5533.58 11.5943 0.00448997 5533.58 
32.6 10.0544 0.00442994 5530.32 0 0 0 29.0603 0 0 2.4205e-07 1.02284e-12 2.24391e-06 -0.00118756 -0.631754 0.00512871 4.92648 11.6747 0.00448319 5533.63 11.6747 0.00448319 5533.63 
32.7 10.1352 0.00439498 5530.33 0 0 0 29.0603 0 0 2.42063e-07 1.02214e-12 2.24375e-06 -0.00116973 -0.645022 0.00485091 4.92647 11.7563 0.00444972 5533.64 11.7563 0.00444972 5533.64 
32.8 10.2154 0.00433628 5530.34 0 0 0 29.0603 0 0 2.42083e-07 1.02101e-12 2.24366e-06 -0.00115103 -0.688737 0.00460452 4.92646 11.8371 0.00439345 5533.66 11.8371 0.00439345 5533.66 
32.9 10.2923 0.00423537 5530.44 0 0 0 29.0603 0 0 2.42127e-07 1.02006e-12 2.24341e-06 -0.00113016 -0.921785 0.00435753 4.92646 11.9146 0.00429603 5533.77 11.9146 0.00429603 5533.77 
33 10.3657 0.00411761 5530.56 0 0 0 29.0603 0 0 2.42164e-07 1.01928e-12 2.24336e-06 -0.00110519 -1.13891 0.00414724 4.92647 11.9883 0.00418063 5533.9 11.9883 0.00418063 5533.9 
33.1 10.4345 0.00396165 5530.68 0 0 0 29.0603 0 0 2.42192e-07 1.0167e-12 2.24367e-06 -0.00108479 -1.26351 0.003918 4.92649 12.0574 0.00402766 5534.03 12.0574 0.00402766 5534.03 
33.2 10.5002 0.00379595 5530.22 0 0 0 29.0603 0 0 2.42192e-07 1.0167e-12 2.24367e-06 -0.00104985 -0.405487 0.00370741 4.92649 12.1233 0.00386451 5533.58 12.1233 0.00386451 5533.58 
33.3 10.5553 0.00360178 5530.32 0 0 0 29.0603 0 0 2.42253e-07 1.0156e-12 2.24176e-06 -0.00101771 -0.571816 0.00356072 4.92651 12.1785 0.00367206 5533.69 12.1785 0.00367206 5533.69 
33.4 10.6031 0.00338891 5530.42 0 0 0 29.0603 0 0 2.42242e-07 1.01319e-12 2.24424e-06 -0.000988436 -0.673943 0.00344782 4.92653 12.2264 0.00346443 5533.8 12.2264 0.00346443 5533.8 
33.5 10.6444 0.00318655 5530.31 0 0 0 29.0603 0 0 2.42286e-07 1.01257e-12 2.2427e-06 -0.000966091 -0.521563 0.00338914 4.92656 12.2676 0.00326431 5533.71 12.2676 0.00326431 5533.71 
33.6 10.6758 0.0029355 5530.22 0 0 0 29.0603 0 0 2.42297e-07 1.01133e-12 2.24306e-06 -0.000931914 -0.443279 0.00329629 4.92658 12.2988 0.0030162 5533.63 12.2988 0.0030162 5533.63 
33.7 10.6983 0.00269921 5530.83 0 0 0 29.0603 0 0 2.42358e-07 1.00816e-12 2.24209e-06 -0.000911879 -0.55363 0.00329347 4.92667 12.321 0.00278278 5534.25 12.321 0.00278278 5534.25 
33.8 10.7093 0.00245685 5530.39 0 0 0 29.0603 0 0 2.42358e-07 1.00816e-12 2.24209e-06 -0.000881625 -0.457026 0.00331338 4.92667 12.3317 0.00254268 5533.83 12.3317 0.00254268 5533.83 
33.9 10.7125 0.00221988 5530.63 0 0 0 29.0603 0 0 2.42296e-07 1.00587e-12 2.24639e-06 -0.000861788 -0.284341 0.00337377 4.92673 12.3345 0.00230844 5534.08 12.3345 0.00230844 5534.08 
34 10.7085 0.0019824 5530.23 0 0 0 29.0603 0 0 2.42296e-07 1.00587e-12 2.24639e-06 -0.000835507 -0.38844 0.0034535 4.92673 12.33 0.00207339 5533.69 12.33 0.00207339 5533.69 
34.1 10.6925 0.00175699 5530.43 0 0 0 29.0603 0 0 2.42424e-07 1.00505e-12 2.23596e-06 -0.000819063 -0.125488 0.00357405 4.9268 12.3136 0.00184996 5533.9 12.3136 0.00184996 5533.9 
34.2 10.6693 0.00154359 5530.5 0 0 0 29.0603 0 0 2.42475e-07 1.00357e-12 2.23876e-06 -0.000804276 0.228831 0.00372233 4.92686 12.2898 0.00163834 5533.98 12.2898 0.00163834 5533.98 
34.3 10.6381 0.00133079 5530.21 0 0 0 29.0603 0 0 2.42475e-07 1.00357e-12 2.23876e-06 -0.000785996 -0.23166 0.00389102 4.92686 12.258 0.00142794 5533.71 12.258 0.00142794 5533.71 
34.4 10.5985 0.00114881 5530.31 0 0 0 29.0603 0 0 2.41999e-07 1.00336e-12 2.26039e-06 -0.000779275 0.169028 0.00408323 4.92692 12.2176 0.00124637 5533.81 12.2176 0.00124637 5533.81 
34.5 10.5525 0.000980223 5530.29 0 0 0 29.0603 0 0 2.4238e-07 1.00286e-12 2.24168e-06 -0.000767216 0.49928 0.00429277 4.92696 12.1708 0.0010784 5533.81 12.1708 0.0010784 5533.81 
34.6 10.5011 0.000848882 5530.26 0 0 0 29.0603 0 0 2.42543e-07 1.00268e-12 2.23347e-06 -0.000762015 0.937804 0.00455269 4.927 12.1185 0.000946018 5533.78 12.1185 0.000946018 5533.78 
34.7 10.4417 0.00073424 5530.19 0 0 0 29.0603 0 0 2.42543e-07 1.00268e-12 2.23347e-06 -0.000764203 0.122303 0.00483846 4.927 12.0584 0.000832165 5533.71 12.0584 0.000832165 5533.71 
34.8 10.38 0.00062654 5530.16 0 0 0 29.0603 0 0 2.42374e-07 1.0032e-12 2.23987e-06 -0.00077569 0.485616 0.00506301 4.92704 11.996 0.000724805 5533.69 11.996 0.000724805 5533.69 
34.9 10.3154 0.000549033 5530.1 0 0 0 29.0603 0 0 2.42244e-07 1.00409e-12 2.24553e-06 -0.000763267 0.865058 0.00530647 4.92705 11.9307 0.000648059 5533.63 11.9307 0.000648059 5533.63 
35 10.25 0.000518424 5529.99 0 0 0 29.0603 0 0 2.42315e-07 1.00397e-12 2.24058e-06 -0.000778594 1.22218 0.0055886 4.92708 11.8638 0.000612904 5533.53 11.8638 0.000612904 5533.53 
35.1 10.18 0.000503691 5530.14 0 0 0 29.0603 0 0 2.42315e-07 1.00397e-12 2.24058e-06 -0.000794895 0.274413 0.0058902 4.92708 11.7925 0.000597007 5533.68 11.7925 0.000597007 5533.68 
35.2 10.1123 0.000505537 5530.07 0 0 0 29.0603 0 0 2.42288e-07 1.00529e-12 2.24035e-06 -0.000804575 0.626764 0.00611566 4.92709 11.7261 0.000600679 5533.59 11.7261 0.000600679 5533.59 
35.3 10.0484 0.000548484 5529.95 0 0 0 29.0603 0 0 2.42218e-07 1.00728e-12 2.24242e-06 -0.000812095 0.919826 0.00636074 4.92707 11.6599 0.000640861 5533.47 11.6599 0.000640861 5533.47 
35.4 9.98487 0.000639261 5529.87 0 0 0 29.0603 0 0 2.42199e-07 1.00837e-12 2.24199e-06 -0.000845205 1.0572 0.00666463 4.92707 11.5989 0.000732664 5533.36 11.5989 0.000732664 5533.36 
35.5 9.92292 0.000712079 5529.77 0 0 0 29.0603 0 0 2.4217e-07 1.01177e-12 2.24161e-06 -0.00085367 1.09349 0.00687419 4.92703 11.5363 0.000815794 5533.26 11.5363 0.000815794 5533.26 
35.6 9.8619 0.000795437 5530.19 0 0 0 29.0603 0 0 2.4217e-07 1.01177e-12 2.24161e-06 -0.00086871 0.347083 0.00703705 4.92703 11.4787 0.000894935 5533.64 11.4787 0.000894935 5533.64 
35.7 9.82448 0.00111118 5530.1 0 0 0 29.0603 0 0 2.42149e-07 1.00474e-12 2.24192e-06 -0.000983835 0.614896 0.00763555 4.92707 11.4387 0.00119644 5533.56 11.4387 0.00119644 5533.56 
35.8 9.79295 0.000987051 5530.09 0 0 0 29.0603 0 0 2.42119e-07 1.01467e-12 2.24194e-06 -0.000872239 0.61147 0.00712476 4.927 11.4026 0.00106946 5533.57 11.4026 0.00106946 5533.57 
35.9 9.74657 0.00126306 5530.06 0 0 0 29.0603 0 0 2.42092e-07 1.01286e-12 2.24257e-06 -0.000953335 0.422511 0.00751056 4.927 11.3564 0.00133764 5533.53 11.3564 0.00133764 5533.53 
36 9.7138 0.00143337 5530.16 0 0 0 29.0603 0 0 2.42076e-07 1.01389e-12 2.24265e-06 -0.000979637 0.234843 0.00759234 4.92698 11.3249 0.00150768 5533.6 11.3249 0.00150768 5533.6 
36.1 9.69581 0.00163346 5530.2 0 0 0 29.0603 0 0 2.42056e-07 1.01621e-12 2.24286e-06 -0.00100747 0.17226 0.00769228 4.92694 11.3043 0.00170485 5533.65 11.3043 0.00170485 5533.65 
36.2 9.69286 0.00183558 5530.13 0 0 0 29.0603 0 0 2.42037e-07 1.01615e-12 2.243e-06 -0.00103244 0.391265 0.00775467 4.9269 11.3028 0.00190489 5533.56 11.3028 0.00190489 5533.56 
36.3 9.68558 0.00203551 5530.01 0 0 0 29.0603 0 0 2.42016e-07 1.01726e-12 2.24318e-06 -0.00105388 0.304306 0.00777092 4.92685 11.295 0.00210139 5533.44 11.295 0.00210139 5533.44 
36.4 9.69128 0.00222735 5530.1 0 0 0 29.0603 0 0 2.42005e-07 1.01818e-12 2.24329e-06 -0.00107398 0.33468 0.00773723 4.92683 11.3011 0.00229033 5533.51 11.3011 0.00229033 5533.51 
36.5 9.70186 0.00241215 5530.13 0 0 0 29.0603 0 0 2.41995e-07 1.0191e-12 2.24341e-06 -0.0010894 0.304065 0.00766523 4.92679 11.312 0.00247228 5533.53 11.312 0.00247228 5533.53 
36.6 9.72377 0.0026145 5530.12 0 0 0 29.0603 0 0 2.41989e-07 1.01981e-12 2.24349e-06 -0.00110737 0.311299 0.00757379 4.92676 11.3347 0.00267279 5533.51 11.3347 0.00267279 5533.51 
36.7 9.75542 0.00281882 5530.08 0 0 0 29.0603 0 0 2.41986e-07 1.02034e-12 2.24357e-06 -0.00112251 0.227314 0.00743613 4.92673 11.367 0.00287518 5533.47 11.367 0.00287518 5533.47 
36.8 9.79127 0.0029714 5530.09 0 0 0 29.0603 0 0 2.41988e-07 1.02064e-12 2.24365e-06 -0.00113242 0.178066 0.00730174 4.9267 11.4036 0.00302631 5533.47 11.4036 0.00302631 5533.47 
36.9 9.83093 0.00310522 5530.12 0 0 0 29.0603 0 0 2.41995e-07 1.02076e-12 2.24364e-06 -0.00113988 0.157497 0.0071553 4.92667 11.4439 0.00315891 5533.48 11.4439 0.00315891 5533.48 
37 9.87551 0.00321618 5530.14 0 0 0 29.0603 0 0 2.42004e-07 1.02068e-12 2.24364e-06 -0.00114407 0.129158 0.0069945 4.92665 11.4893 0.00326898 5533.5 11.4893 0.00326898 5533.5 
37.1 9.93953 0.00337032 5530.08 0 0 0 29.0603 0 0 2.4202e-07 1.0205e-12 2.24365e-06 -0.00114864 -0.114014 0.00675228 4.92661 11.5542 0.00342259 5533.44 11.5542 0.00342259 5533.44 
37.2 9.98747 0.00343549 5530.09 0 0 0 29.0603 0 0 2.42032e-07 1.0202e-12 2.24362e-06 -0.00114728 -0.0656806 0.00658278 4.9266 11.603 0.00348753 5533.45 11.603 0.00348753 5533.45 
37.3 10.0354 0.00348978 5530.16 0 0 0 29.0603 0 0 2.42061e-07 1.01954e-12 2.24356e-06 -0.00114454 -0.635913 0.00640552 4.92658 11.6519 0.00354177 5533.52 11.6519 0.00354177 5533.52 
37.4 10.0892 0.00354505 5530.18 0 0 0 29.0603 0 0 2.42075e-07 1.01909e-12 2.24347e-06 -0.00114175 -0.551333 0.00621713 4.92657 11.7067 0.00359723 5533.54 11.7067 0.00359723 5533.54 
37.5 10.1455 0.00358641 5530.19 0 0 0 29.0603 0 0 2.42092e-07 1.01856e-12 2.24337e-06 -0.00113636 -0.444808 0.00601024 4.92656 11.764 0.00363937 5533.54 11.764 0.00363937 5533.54 
37.6 10.2011 0.00360617 5530.35 0 0 0 29.0603 0 0 2.42127e-07 1.01748e-12 2.24326e-06 -0.00112979 -0.918397 0.00581387 4.92656 11.8205 0.00365986 5533.7 11.8205 0.00365986 5533.7 
37.7 10.2579 0.00362326 5530.12 0 0 0 29.0603 0 0 2.42127e-07 1.01748e-12 2.24326e-06 -0.00112165 -0.16728 0.0056181 4.92656 11.8782 0.00367665 5533.47 11.8782 0.00367665 5533.47 
37.8 10.309 0.00359968 5530.31 0 0 0 29.0603 0 0 2.42149e-07 1.01621e-12 2.24375e-06 -0.00111027 -0.653356 0.00541606 4.92657 11.9302 0.00365525 5533.68 11.9302 0.00365525 5533.68 
37.9 10.3577 0.00356296 5530.59 0 0 0 29.0603 0 0 2.42209e-07 1.01468e-12 2.24249e-06 -0.00109444 -1.02353 0.00522915 4.92659 11.9798 0.0036206 5533.96 11.9798 0.0036206 5533.96 
38 10.4048 0.00352921 5530.21 0 0 0 29.0603 0 0 2.42209e-07 1.01468e-12 2.24249e-06 -0.0010798 -0.392911 0.00504775 4.92659 12.0276 0.00358872 5533.58 12.0276 0.00358872 5533.58 
38.1 10.4444 0.00346644 5530.49 0 0 0 29.0603 0 0 2.42293e-07 1.01295e-12 2.24015e-06 -0.0010707 -0.69935 0.00490462 4.92662 12.0679 0.00352878 5533.87 12.0679 0.00352878 5533.87 
38.2 10.4798 0.0033926 5530.82 0 0 0 29.0603 0 0 2.42223e-07 1.01136e-12 2.2447e-06 -0.0010555 -0.873286 0.00476396 4.92665 12.1037 0.00345629 5534.22 12.1037 0.00345629 5534.22 
38.3 10.51 0.00331578 5530.32 0 0 0 29.0603 0 0 2.42223e-07 1.01136e-12 2.2447e-06 -0.00103766 -0.452041 0.00462689 4.92665 12.1344 0.00338112 5533.72 12.1344 0.00338112 5533.72 
38.4 10.5326 0.00321912 5530.65 0 0 0 29.0603 0 0 2.42235e-07 1.00945e-12 2.24603e-06 -0.00102475 -0.573662 0.00453035 4.92669 12.1573 0.00328813 5534.06 12.1573 0.00328813 5534.06 
38.5 10.5498 0.00311934 5530.99 0 0 0 29.0603 0 0 2.42404e-07 1.00921e-12 2.23754e-06 -0.00101137 -0.538996 0.00444782 4.92673 12.1748 0.00318979 5534.41 12.1748 0.00318979 5534.41 
38.6 10.5591 0.00301478 5530.43 0 0 0 29.0603 0 0 2.42404e-07 1.00921e-12 2.23754e-06 -0.000993589 -0.380536 0.00437234 4.92673 12.1841 0.00308716 5533.86 12.1841 0.00308716 5533.86 
38.7 10.5621 0.00289847 5530.76 0 0 0 29.0603 0 0 2.42306e-07 1.00701e-12 2.24396e-06 -0.000980406 -0.294511 0.00432851 4.92678 12.187 0.00297471 5534.2 12.187 0.00297471 5534.2 
38.8 10.5588 0.00278655 5530.21 0 0 0 29.0603 0 0 2.42306e-07 1.00701e-12 2.24396e-06 -0.000964234 -0.298323 0.00429352 4.92678 12.1834 0.00286552 5533.66 12.1834 0.00286552 5533.66 
38.9 10.5469 0.00267032 5530.52 0 0 0 29.0603 0 0 2.42356e-07 1.00666e-12 2.24163e-06 -0.000952402 -0.172857 0.00429664 4.92683 12.1713 0.00274919 5533.97 12.1713 0.00274919 5533.97 
39 10.5301 0.0025453 5530.77 0 0 0 29.0603 0 0 2.42345e-07 1.00559e-12 2.24221e-06 -0.000940058 0.104361 0.00429822 4.92687 12.154 0.0026287 5534.24 12.154 0.0026287 5534.24 
39.1 10.5059 0.00242712 5530.29 0 0 0 29.0603 0 0 2.42345e-07 1.00559e-12 2.24221e-06 -0.000925797 -0.160925 0.0043185 4.92687 12.1295 0.00251235 5533.77 12.1295 0.00251235 5533.77 
39.2 10.4768 0.00232415 5530.53 0 0 0 29.0603 0 0 2.42354e-07 1.0052e-12 2.24156e-06 -0.000920207 0.133801 0.00438691 4.92692 12.0992 0.00240703 5534.01 12.0992 0.00240703 5534.01 
39.3 10.4429 0.00220911 5530.59 0 0 0 29.0603 0 0 2.42341e-07 1.00549e-12 2.24172e-06 -0.000908642 0.435597 0.00444224 4.92695 12.0646 0.00229576 5534.08 12.0646 0.00229576 5534.08 
39.4 10.4024 0.00209778 5530.25 0 0 0 29.0603 0 0 2.42341e-07 1.00549e-12 2.24172e-06 -0.000897716 -0.0491947 0.0045103 4.92695 12.0235 0.00218627 5533.75 12.0235 0.00218627 5533.75 
39.5 10.3592 0.00201216 5530.36 0 0 0 29.0603 0 0 2.42328e-07 1.0053e-12 2.24172e-06 -0.000898621 0.254313 0.00462685 4.92698 11.9794 0.00210066 5533.85 11.9794 0.00210066 5533.85 
39.6 10.3134 0.00192059 5530.37 0 0 0 29.0603 0 0 2.42305e-07 1.00615e-12 2.24198e-06 -0.000891804 0.608362 0.00473169 4.927 11.9335 0.00201316 5533.87 11.9335 0.00201316 5533.87 
39.7 10.2654 0.00183439 5530.28 0 0 0 29.0603 0 0 2.42297e-07 1.00654e-12 2.24178e-06 -0.000886364 0.418385 0.00483615 4.92701 11.8819 0.00192531 5533.79 11.8819 0.00192531 5533.79 
39.8 10.2136 0.00176646 5530.23 0 0 0 29.0603 0 0 2.42287e-07 1.00694e-12 2.24176e-06 -0.00088989 0.2159 0.00496996 4.92701 11.8285 0.00185388 5533.75 11.8285 0.00185388 5533.75 
39.9 10.1608 0.00168619 5530.18 0 0 0 29.0603 0 0 2.42259e-07 1.00716e-12 2.24185e-06 -0.000879301 0.447919 0.00506671 4.92701 11.7735 0.00177569 5533.71 11.7735 0.00177569 5533.71 
40 10.1043 0.00167411 5530.22 0 0 0 29.0603 0 0 2.4225e-07 1.00575e-12 2.24188e-06 -0.000902857 0.182742 0.00531706 4.92703 11.7206 0.00176793 5533.71 11.7206 0.00176793 5533.71 
40.1 10.0607 0.00163688 5530.13 0 0 0 29.0603 0 0 2.42225e-07 1.00788e-12 2.242e-06 -0.00090163 0.261227 0.00544012 4.92702 11.6675 0.00171654 5533.69 11.6675 0.00171654 5533.69 
40.2 10.0066 0.00160428 5530.12 0 0 0 29.0603 0 0 2.42201e-07 1.00546e-12 2.24208e-06 -0.000911709 0.361225 0.00560993 4.92702 11.615 0.00169424 5533.67 11.615 0.00169424 5533.67 
40.3 9.95269 0.00157288 5530.11 0 0 0 29.0603 0 0 2.42171e-07 1.00955e-12 2.24226e-06 -0.000910099 0.189085 0.00573739 4.92699 11.5583 0.00166611 5533.66 11.5583 0.00166611 5533.66 
40.4 9.92148 0.00155281 5530.07 0 0 0 29.0603 0 0 2.42152e-07 1.00593e-12 2.24249e-06 -0.000912869 0.494246 0.00582739 4.927 11.5279 0.00163178 5533.59 11.5279 0.00163178 5533.59 
40.5 9.8655 0.00155247 5530.06 0 0 0 29.0603 0 0 2.42123e-07 1.00959e-12 2.24251e-06 -0.000927472 0.557295 0.00600499 4.92698 11.4843 0.00164765 5533.48 11.4843 0.00164765 5533.48 
40.6 9.82663 0.00155993 5530.16 0 0 0 29.0603 0 0 2.42106e-07 1.00869e-12 2.24265e-06 -0.000931918 0.381793 0.00610594 4.92698 11.445 0.00164253 5533.57 11.445 0.00164253 5533.57 
40.7 9.81359 0.00152916 5530.1 0 0 0 29.0603 0 0 2.42081e-07 1.01382e-12 2.24292e-06 -0.000919247 0.649373 0.0061193 4.92694 11.4236 0.00161167 5533.56 11.4236 0.00161167 5533.56 
40.8 9.7989 0.0015419 5530.13 0 0 0 29.0603 0 0 2.42073e-07 1.0156e-12 2.24293e-06 -0.000921616 0.567799 0.00618261 4.92693 11.4085 0.00162261 5533.57 11.4085 0.00162261 5533.57 
40.9 9.79089 0.00157323 5530.15 0 0 0 29.0603 0 0 2.42067e-07 1.01644e-12 2.2429e-06 -0.000928154 0.448479 0.00625749 4.92692 11.4001 0.00165239 5533.58 11.4001 0.00165239 5533.58 
41 9.788 0.00160252 5530.01 0 0 0 29.0603 0 0 2.42062e-07 1.01658e-12 2.24294e-06 -0.000933498 0.237079 0.00632591 4.92688 11.3969 0.00168055 5533.42 11.3969 0.00168055 5533.42 
41.1 9.79352 0.00165189 5530.24 0 0 0 29.0603 0 0 2.4206e-07 1.01679e-12 2.24295e-06 -0.000944407 0.176169 0.00640796 4.92686 11.402 0.00172854 5533.64 11.402 0.00172854 5533.64 
41.2 9.80761 0.00171954 5530.18 0 0 0 29.0603 0 0 2.42055e-07 1.01708e-12 2.24301e-06 -0.00095585 0.049145 0.00647746 4.92682 11.4159 0.00179481 5533.58 11.4159 0.00179481 5533.58 
41.3 9.8231 0.00177718 5529.88 0 0 0 29.0603 0 0 2.42047e-07 1.01769e-12 2.2432e-06 -0.000964258 -0.142761 0.0065326 4.92676 11.4316 0.00185092 5533.28 11.4316 0.00185092 5533.28 
41.4 9.84411 0.00184029 5529.85 0 0 0 29.0603 0 0 2.42044e-07 1.01798e-12 2.24331e-06 -0.000973509 -0.167808 0.00657663 4.92672 11.4531 0.00191239 5533.25 11.4531 0.00191239 5533.25 
41.5 9.86986 0.00190818 5529.85 0 0 0 29.0603 0 0 2.42041e-07 1.01837e-12 2.24319e-06 -0.000982721 -0.15645 0.00660811 4.9267 11.4795 0.00197851 5533.25 11.4795 0.00197851 5533.25 
41.6 9.89951 0.00197831 5529.88 0 0 0 29.0603 0 0 2.42041e-07 1.01863e-12 2.24345e-06 -0.000991245 -0.122893 0.0066246 4.92669 11.5101 0.00204703 5533.28 11.5101 0.00204703 5533.28 
41.7 9.93232 0.00204969 5529.94 0 0 0 29.0603 0 0 2.42041e-07 1.01861e-12 2.24355e-06 -0.000998995 -0.0855542 0.00662714 4.92668 11.544 0.00211674 5533.33 11.544 0.00211674 5533.33 
41.8 9.968 0.00212295 5529.99 0 0 0 29.0603 0 0 2.4205e-07 1.01869e-12 2.24345e-06 -0.00100637 -0.0466298 0.00661651 4.92667 11.5808 0.00218854 5533.38 11.5808 0.00218854 5533.38 
41.9 10.0061 0.00219633 5530.04 0 0 0 29.0603 0 0 2.42062e-07 1.01856e-12 2.24325e-06 -0.00101321 -0.0130352 0.00659589 4.92667 11.62 0.0022606 5533.42 11.62 0.0022606 5533.42 
42 10.0461 0.00226954 5530.08 0 0 0 29.0603 0 0 2.42098e-07 1.01825e-12 2.24182e-06 -0.00101968 -0.000355784 0.00656499 4.92667 11.6609 0.00233266 5533.46 11.6609 0.00233266 5533.46 
42.1 10.0876 0.00234043 5530.11 0 0 0 29.0603 0 0 2.42039e-07 1.01799e-12 2.24567e-06 -0.00102504 -0.00483482 0.00652281 4.92666 11.7035 0.00240254 5533.48 11.7035 0.00240254 5533.48 
42.2 10.1303 0.00240997 5530.13 0 0 0 29.0603 0 0 2.42127e-07 1.0174e-12 2.24167e-06 -0.00102988 -0.020496 0.00647347 4.92665 11.7471 0.00247132 5533.5 11.7471 0.00247132 5533.5 
42.3 10.1739 0.0024777 5530.12 0 0 0 29.0603 0 0 2.42187e-07 1.01683e-12 2.23944e-06 -0.00103456 -0.0421473 0.00641743 4.92664 11.7915 0.0025384 5533.49 11.7915 0.0025384 5533.49 
42.4 10.2152 0.00254234 5530.25 0 0 0 29.0603 0 0 2.42149e-07 1.01566e-12 2.24306e-06 -0.00103836 -0.642593 0.00636119 4.92662 11.8339 0.00260205 5533.62 11.8339 0.00260205 5533.62 
42.5 10.256 0.00260332 5530.56 0 0 0 29.0603 0 0 2.42201e-07 1.01439e-12 2.24219e-06 -0.00104176 -1.26418 0.00629966 4.92662 11.8756 0.00266167 5533.93 11.8756 0.00266167 5533.93 
42.6 10.2966 0.0026566 5530.31 0 0 0 29.0603 0 0 2.42201e-07 1.01439e-12 2.24219e-06 -0.00104391 -0.716153 0.00622022 4.92662 11.9171 0.00271552 5533.69 11.9171 0.00271552 5533.69 
42.7 10.334 0.00270124 5530.6 0 0 0 29.0603 0 0 2.42218e-07 1.01299e-12 2.2427e-06 -0.00104375 -0.958234 0.00613736 4.92664 11.9555 0.00276118 5533.98 11.9555 0.00276118 5533.98 
42.8 10.3694 0.00274723 5530.25 0 0 0 29.0603 0 0 2.42218e-07 1.01299e-12 2.2427e-06 -0.00104496 -0.466975 0.00605408 4.92664 11.9918 0.00280788 5533.64 11.9918 0.00280788 5533.64 
42.9 10.3988 0.00279028 5530.58 0 0 0 29.0603 0 0 2.42268e-07 1.01189e-12 2.2414e-06 -0.00104271 -0.757825 0.0059837 4.92668 12.0221 0.00285068 5533.97 12.0221 0.00285068 5533.97 
43 10.4262 0.0028299 5530.14 0 0 0 29.0603 0 0 2.42268e-07 1.01189e-12 2.2414e-06 -0.00104231 -0.360584 0.0058937 4.92668 12.0501 0.00288957 5533.55 12.0501 0.00288957 5533.55 
43.1 10.446 0.00283528 5530.48 0 0 0 29.0603 0 0 2.42274e-07 1.01036e-12 2.24241e-06 -0.00104758 -0.511558 0.00578447 4.92671 12.0705 0.00289808 5533.89 12.0705 0.00289808 5533.89 
43.2 10.4615 0.00285587 5530.71 0 0 0 29.0603 0 0 2.42293e-07 1.0097e-12 2.242e-06 -0.00103713 -0.470761 0.0057137 4.92675 12.0864 0.00291884 5534.13 12.0864 0.00291884 5534.13 
43.3 10.4719 0.00287376 5530.19 0 0 0 29.0603 0 0 2.42293e-07 1.0097e-12 2.242e-06 -0.00103532 -0.281299 0.00562827 4.92675 12.097 0.00293565 5533.61 12.097 0.00293565 5533.61 
43.4 10.4742 0.00292478 5530.47 0 0 0 29.0603 0 0 2.42311e-07 1.00919e-12 2.24171e-06 -0.00103349 -0.268219 0.00563792 4.92679 12.0994 0.0029865 5533.91 12.0994 0.0029865 5533.91 
43.5 10.4723 0.00289294 5530.71 0 0 0 29.0603 0 0 2.42307e-07 1.00768e-12 2.24233e-06 -0.00105894 -0.162351 0.00550156 4.92681 12.0973 0.0029595 5534.16 12.0973 0.0029595 5534.16 
43.6 10.456 0.00287999 5530.33 0 0 0 29.0603 0 0 2.42314e-07 1.00763e-12 2.24204e-06 -0.00102677 -0.105065 0.00540725 4.92684 12.0808 0.00294953 5533.78 12.0808 0.00294953 5533.78 
43.7 10.4393 0.00280605 5530.3 0 0 0 29.0603 0 0 2.42314e-07 1.00743e-12 2.2421e-06 -0.00100052 -0.08981 0.00522639 4.92686 12.0635 0.00287484 5533.76 12.0635 0.00287484 5533.76 
43.8 10.4192 0.00290335 5530.31 0 0 0 29.0603 0 0 2.42316e-07 1.00798e-12 2.24204e-06 -0.00102545 -0.117415 0.0054653 4.92687 12.0428 0.00297351 5533.78 12.0428 0.00297351 5533.78 
43.9 10.3949 0.00283083 5530.29 0 0 0 29.0603 0 0 2.42318e-07 1.00772e-12 2.24182e-06 -0.00102123 -0.109245 0.00527765 4.92689 12.0179 0.00290188 5533.76 12.0179 0.00290188 5533.76 
44 10.3678 0.00277392 5530.28 0 0 0 29.0603 0 0 2.42302e-07 1.00737e-12 2.24224e-06 -0.00100527 -0.117199 0.00517762 4.9269 11.9899 0.00284632 5533.75 11.9899 0.00284632 5533.75 
44.1 10.338 0.00274924 5530.26 0 0 0 29.0603 0 0 2.42304e-07 1.00641e-12 2.24201e-06 -0.00100142 -0.124123 0.00517241 4.92691 11.9593 0.00282482 5533.74 11.9593 0.00282482 5533.74 
44.2 10.2979 0.00271658 5530.24 0 0 0 29.0603 0 0 2.42294e-07 1.00724e-12 2.24192e-06 -0.000999708 0.00122908 0.00517833 4.92693 11.9184 0.00279287 5533.72 11.9184 0.00279287 5533.72 
44.3 10.255 0.00265818 5530.23 0 0 0 29.0603 0 0 2.4228e-07 1.00751e-12 2.24195e-06 -0.000991736 0.0968186 0.0051547 4.92695 11.8745 0.0027357 5533.71 11.8745 0.0027357 5533.71 
44.4 10.2028 0.00258708 5530.19 0 0 0 29.0603 0 0 2.42258e-07 1.00808e-12 2.24201e-06 -0.000985395 0.333296 0.00517124 4.92696 11.8213 0.00266595 5533.67 11.8213 0.00266595 5533.67 
44.5 10.1849 0.00257827 5530.22 0 0 0 29.0603 0 0 2.42258e-07 1.00808e-12 2.24201e-06 -0.000982865 0.0822172 0.00514214 4.92696 11.8025 0.00265835 5533.7 11.8025 0.00265835 5533.7 
44.6 10.1332 0.00250607 5530.33 0 0 0 29.0603 0 0 2.42235e-07 1.0086e-12 2.24206e-06 -0.000980046 0.297958 0.00517918 4.92697 11.7498 0.00258633 5533.82 11.7498 0.00258633 5533.82 
44.7 10.0836 0.0024318 5530.21 0 0 0 29.0603 0 0 2.42177e-07 1.00993e-12 2.24025e-06 -0.000971006 0.530294 0.00522265 4.92697 11.6993 0.00251145 5533.69 11.6993 0.00251145 5533.69 
44.8 10.0677 0.00242473 5530.31 0 0 0 29.0603 0 0 2.42177e-07 1.00993e-12 2.24025e-06 -0.000968934 0.301277 0.00520404 4.92697 11.6826 0.00250583 5533.79 11.6826 0.00250583 5533.79 
44.9 10.0379 0.0023834 5530.03 0 0 0 29.0603 0 0 2.42185e-07 1.01049e-12 2.2422e-06 -0.000965885 0.502553 0.00520836 4.92695 11.652 0.00246555 5533.51 11.652 0.00246555 5533.51 
45 10.0119 0.00235299 5530.21 0 0 0 29.0603 0 0 2.42185e-07 1.01049e-12 2.2422e-06 -0.000961835 0.151004 0.00521709 4.92695 11.6253 0.00243414 5533.68 11.6253 0.00243414 5533.68 
