0 0.221264 0 0 -0 0 0 0 0 0 0 0 0 
0.1 0.221264 2.7646e-37 -0.00102963 3.02595e-40 7.87117e-05 7.50812e-38 0 0 -0.0201845 3.21828e-39 -0.00136486 2.1399e-43 
0.2 0.221264 2.7646e-37 -0.00384864 6.31254e-40 0.000227299 7.50755e-38 0 0 -0.0349289 3.18721e-39 -0.00129441 6.26385e-43 
0.3 0.221264 2.7646e-37 -0.00769713 9.17778e-40 0.000260876 7.50741e-38 0 0 -0.0403977 2.29347e-39 0.000731929 5.10753e-43 
0.4 0.221264 2.7646e-37 -0.0115999 1.07237e-39 4.4613e-07 7.5084e-38 0 0 -0.0363758 9.27283e-40 0.0038293 2.85868e-44 
0.5 0.221264 2.7646e-37 -0.014731 1.08623e-39 -0.000517147 7.51037e-38 0 0 -0.0252476 -4.72384e-40 0.00700197 4.38136e-43 
0.6 0.221264 2.7646e-37 -0.0165176 9.66361e-40 -0.0014089 7.51375e-38 0 0 -0.0102949 -1.62839e-39 0.00962148 2.70314e-42 
0.7 0.221264 2.7646e-37 -0.016829 7.61055e-40 -0.00251503 7.51788e-38 0 0 0.00350767 -1.96094e-39 0.0103748 5.5209e-42 
0.8 0.221264 2.7646e-37 -0.015965 6.19154e-40 -0.00334991 7.52099e-38 0 0 0.0123308 -1.33578e-39 0.00895967 5.68492e-42 
0.9 0.221264 2.7646e-37 -0.0145337 5.50565e-40 -0.00416728 7.52404e-38 0 0 0.0152996 -1.59098e-41 0.00597311 1.56858e-42 
1 0.221264 2.7646e-37 -0.0131042 6.54253e-40 -0.00450902 7.52539e-38 0 0 0.0125309 1.77275e-39 0.00192688 -6.29249e-42 
1.1 0.221264 2.7646e-37 -0.0121739 9.06702e-40 -0.00447209 7.5254e-38 0 0 0.00568995 3.63084e-39 -0.00227605 -1.45421e-41 
1.2 0.221264 2.7646e-37 -0.0120398 1.38175e-39 -0.00401547 7.52394e-38 0 0 -0.00290387 5.38758e-39 -0.00625007 -2.02392e-41 
1.3 0.221264 2.7646e-37 -0.0127124 2.01772e-39 -0.00319096 7.52109e-38 0 0 -0.0101881 6.66483e-39 -0.0091402 -2.04975e-41 
1.4 0.221264 2.7646e-37 -0.0139888 2.69095e-39 -0.00223146 7.51763e-38 0 0 -0.0148344 7.3469e-39 -0.0106841 -1.57453e-41 
1.5 0.221264 2.7646e-37 -0.0155577 3.4449e-39 -0.00112881 7.5135e-38 0 0 -0.015939 7.39748e-39 -0.0107986 -8.25466e-42 
1.6 0.221264 2.7646e-37 -0.0170385 4.15044e-39 -0.000120005 7.50958e-38 0 0 -0.013165 6.83264e-39 -0.00951858 -1.00596e-42 
1.7 0.221264 2.7646e-37 -0.0180849 4.77964e-39 0.000710809 7.50625e-38 0 0 -0.00778763 5.83484e-39 -0.00725645 3.67727e-42 
1.8 0.221264 2.7646e-37 -0.0185658 5.30333e-39 0.00129416 7.50384e-38 0 0 -0.00203334 4.5923e-39 -0.00443858 5.27681e-42 
1.9 0.221264 2.7646e-37 -0.0185364 5.68408e-39 0.00156622 7.50267e-38 0 0 0.00228501 3.19349e-39 -0.00126567 4.30398e-42 
2 0.221264 2.7646e-37 -0.0181945 5.92708e-39 0.00153648 7.50274e-38 0 0 0.00418862 1.897e-39 0.00167536 2.24537e-42 
2.1 0.221264 2.7646e-37 -0.0177543 6.07182e-39 0.00126186 7.50383e-38 0 0 0.00439442 1.17591e-39 0.00331101 9.22198e-43 
2.2 0.221264 2.7646e-37 -0.0173226 6.20161e-39 0.000917393 7.50521e-38 0 0 0.00423953 1.35694e-39 0.00290047 8.32174e-43 
2.3 0.221264 2.7646e-37 -0.0169117 6.37032e-39 0.000734742 7.50593e-38 0 0 0.00391509 2.20911e-39 0.000968051 1.26395e-42 
2.4 0.221264 2.7646e-37 -0.0165614 6.65765e-39 0.000779474 7.50572e-38 0 0 0.00304128 3.34526e-39 -0.00160826 2.22257e-42 
2.5 0.221264 2.7646e-37 -0.0163314 7.04259e-39 0.00106698 7.5045e-38 0 0 0.00149797 4.35683e-39 -0.00390225 4.1475e-42 
2.6 0.221264 2.7646e-37 -0.0162819 7.54859e-39 0.00157361 7.50232e-38 0 0 -0.000550156 4.94573e-39 -0.00523793 6.89581e-42 
2.7 0.221264 2.7646e-37 -0.0164363 8.06308e-39 0.00212717 7.49989e-38 0 0 -0.00242266 5.01041e-39 -0.00538466 9.48512e-42 
2.8 0.221264 2.7646e-37 -0.0167216 8.50581e-39 0.00258878 7.49783e-38 0 0 -0.00306414 4.75947e-39 -0.00481521 1.12057e-41 
2.9 0.221264 2.7646e-37 -0.0169923 9.03304e-39 0.00309062 7.49552e-38 0 0 -0.00216571 4.39385e-39 -0.00398537 1.20319e-41 
3 0.221264 2.7646e-37 -0.0171244 9.37057e-39 0.00336717 7.4942e-38 0 0 -0.000431063 3.92699e-39 -0.00292553 1.18543e-41 
3.1 0.221264 2.7646e-37 -0.0170647 9.75578e-39 0.00360126 7.49303e-38 0 0 0.0014408 3.32494e-39 -0.00155861 1.04852e-41 
3.2 0.221264 2.7646e-37 -0.0168485 1.00612e-38 0.00368208 7.49253e-38 0 0 0.00282873 2.76106e-39 -0.000278259 8.67364e-42 
3.3 0.221264 2.7646e-37 -0.0165143 1.02997e-38 0.00366081 7.4925e-38 0 0 0.00377072 2.39597e-39 0.000550734 7.29657e-42 
3.4 0.221264 2.7646e-37 -0.0161181 1.0541e-38 0.00357675 7.49275e-38 0 0 0.00404953 2.21985e-39 0.000950641 6.50878e-42 
3.5 0.221264 2.7646e-37 -0.0157273 1.07485e-38 0.00347948 7.49307e-38 0 0 0.00368429 2.17619e-39 0.00104976 6.16928e-42 
3.6 0.221264 2.7646e-37 -0.0153967 1.10138e-38 0.00336084 7.49346e-38 0 0 0.00288304 2.22445e-39 0.000940194 6.15186e-42 
3.7 0.221264 2.7646e-37 -0.0151561 1.12227e-38 0.00329041 7.49367e-38 0 0 0.00193787 2.33532e-39 0.000688487 6.36592e-42 
3.8 0.221264 2.7646e-37 -0.015001 1.14495e-38 0.00324818 7.49375e-38 0 0 0.00122029 2.51252e-39 0.0002862 6.84469e-42 
3.9 0.221264 2.7646e-37 -0.0148973 1.17715e-38 0.00325485 7.49358e-38 0 0 0.000909256 2.73386e-39 -0.000216305 7.55601e-42 
4 0.221264 2.7646e-37 -0.0148083 1.19751e-38 0.00328979 7.49334e-38 0 0 0.000893762 2.91191e-39 -0.000620531 8.24337e-42 
4.1 0.221264 2.7646e-37 -0.014707 1.22916e-38 0.00336204 7.49288e-38 0 0 0.00112319 2.95518e-39 -0.000718783 8.55684e-42 
4.2 0.221264 2.7646e-37 -0.0145807 1.25855e-38 0.00343093 7.49244e-38 0 0 0.00140465 2.91946e-39 -0.000637678 8.61362e-42 
4.3 0.221264 2.7646e-37 -0.0144284 1.28645e-38 0.00347737 7.49211e-38 0 0 0.00162639 2.77651e-39 -0.000313112 8.24249e-42 
4.4 0.221264 2.7646e-37 -0.0142589 1.3119e-38 0.00348134 7.49197e-38 0 0 0.00175122 2.5455e-39 0.000211413 7.45292e-42 
4.5 0.221264 2.7646e-37 -0.0140804 1.337e-38 0.00342679 7.4921e-38 0 0 0.00181267 2.29118e-39 0.000788869 6.47219e-42 
4.6 0.221264 2.7646e-37 -0.0138982 1.35853e-38 0.00331701 7.49249e-38 0 0 0.00181986 2.0655e-39 0.00130127 5.51926e-42 
4.7 0.221264 2.7646e-37 -0.0137189 1.37874e-38 0.00315667 7.49311e-38 0 0 0.00175583 1.89013e-39 0.00169941 4.70867e-42 
4.8 0.221264 2.7646e-37 -0.0135499 1.39795e-38 0.00295974 7.49391e-38 0 0 0.00161466 1.77992e-39 0.00194963 4.10234e-42 
4.9 0.221264 2.7646e-37 -0.0133988 1.41637e-38 0.00274746 7.49479e-38 0 0 0.00139713 1.73954e-39 0.00204129 3.70915e-42 
5 0.221264 2.7646e-37 -0.0132728 1.43337e-38 0.00255192 7.4956e-38 0 0 0.00111667 1.76104e-39 0.00199249 3.4896e-42 
5.1 0.221264 2.7646e-37 -0.0131771 1.44828e-38 0.00239368 7.49626e-38 0 0 0.000794691 1.82724e-39 0.00184225 3.38268e-42 
5.2 0.221264 2.7646e-37 -0.0131087 1.46887e-38 0.0021971 7.49708e-38 0 0 0.000515567 1.89124e-39 0.00169699 3.2671e-42 
5.3 0.221264 2.7646e-37 -0.0130749 1.48813e-38 0.00203936 7.49773e-38 0 0 0.000158371 1.97029e-39 0.0015176 3.18721e-42 
5.4 0.221264 2.7646e-37 -0.0130765 1.50812e-38 0.00189841 7.49832e-38 0 0 -0.000184567 2.04085e-39 0.00135749 3.09446e-42 
5.5 0.221264 2.7646e-37 -0.0131101 1.52817e-38 0.00177351 7.49883e-38 0 0 -0.000481589 2.08875e-39 0.00124879 2.96474e-42 
5.6 0.221264 2.7646e-37 -0.0131707 1.55217e-38 0.00163499 7.4994e-38 0 0 -0.000722509 2.11113e-39 0.00119803 2.79407e-42 
5.7 0.221264 2.7646e-37 -0.0132523 1.56992e-38 0.0015346 7.49982e-38 0 0 -0.000901858 2.11192e-39 0.00119622 2.58905e-42 
5.8 0.221264 2.7646e-37 -0.0133489 1.59047e-38 0.00141645 7.50032e-38 0 0 -0.00102402 2.09863e-39 0.00122639 2.36117e-42 
5.9 0.221264 2.7646e-37 -0.0134556 1.61252e-38 0.00128461 7.50088e-38 0 0 -0.00110783 2.08104e-39 0.00126629 2.1247e-42 
6 0.221264 2.7646e-37 -0.0135697 1.63441e-38 0.00114909 7.50146e-38 0 0 -0.00117217 2.06993e-39 0.0012915 1.89443e-42 
6.1 0.221264 2.7646e-37 -0.0136899 1.6524e-38 0.00103723 7.50195e-38 0 0 -0.00123436 2.07442e-39 0.0012813 1.68161e-42 
6.2 0.221264 2.7646e-37 -0.0138075 1.67314e-38 0.000908073 7.50252e-38 0 0 -0.00121238 2.08519e-39 0.00125687 1.47334e-42 
6.3 0.221264 2.7646e-37 -0.0139338 1.69506e-38 0.000783415 7.50307e-38 0 0 -0.0013196 2.13718e-39 0.00113895 1.30966e-42 
6.4 0.221264 2.7646e-37 -0.0140723 1.71711e-38 0.000677326 7.50353e-38 0 0 -0.00145173 2.21322e-39 0.000966478 1.17636e-42 
6.5 0.221264 2.7646e-37 -0.014224 1.73983e-38 0.000591885 7.50391e-38 0 0 -0.00157896 2.30636e-39 0.000755246 1.07402e-42 
6.6 0.221264 2.7646e-37 -0.0143872 1.76224e-38 0.00053182 7.50417e-38 0 0 -0.001681 2.40892e-39 0.000522625 1.00572e-42 
6.7 0.221264 2.7646e-37 -0.0145587 1.78908e-38 0.000489024 7.50435e-38 0 0 -0.00174241 2.51229e-39 0.000288203 9.74745e-43 
6.8 0.221264 2.7646e-37 -0.0147338 1.81378e-38 0.000473591 7.50441e-38 0 0 -0.00175635 2.60856e-39 6.986e-05 9.82752e-43 
6.9 0.221264 2.7646e-37 -0.014908 1.84535e-38 0.000479829 7.50436e-38 0 0 -0.00172305 2.6924e-39 -0.000120272 1.02878e-42 
7 0.221264 2.7646e-37 -0.0150768 1.86965e-38 0.000500122 7.50425e-38 0 0 -0.00165088 2.76088e-39 -0.000275593 1.10897e-42 
7.1 0.221264 2.7646e-37 -0.0152369 1.89859e-38 0.000536771 7.50406e-38 0 0 -0.0015498 2.81406e-39 -0.000396193 1.21735e-42 
7.2 0.221264 2.7646e-37 -0.015386 1.92976e-38 0.000587386 7.5038e-38 0 0 -0.0014311 2.85375e-39 -0.000486202 1.34759e-42 
7.3 0.221264 2.7646e-37 -0.0155227 1.95498e-38 0.000634249 7.50355e-38 0 0 -0.00130269 2.88399e-39 -0.0005548 1.49497e-42 
7.4 0.221264 2.7646e-37 -0.0156463 1.99946e-38 0.00072685 7.50308e-38 0 0 -0.00116937 2.90918e-39 -0.000611918 1.65778e-42 
7.5 0.221264 2.7646e-37 -0.0157566 2.01869e-38 0.000770529 7.50285e-38 0 0 -0.00103582 2.93334e-39 -0.000666721 1.83721e-42 
7.6 0.221264 2.7646e-37 -0.0158534 2.05746e-38 0.000865337 7.50235e-38 0 0 -0.0009008 2.95894e-39 -0.000724784 2.03557e-42 
7.7 0.221264 2.7646e-37 -0.0159367 2.07507e-38 0.000911857 7.50211e-38 0 0 -0.000764066 2.98764e-39 -0.000789895 2.25652e-42 
7.8 0.221264 2.7646e-37 -0.016006 2.10138e-38 0.000985095 7.50173e-38 0 0 -0.000623048 3.01953e-39 -0.000862231 2.50297e-42 
7.9 0.221264 2.7646e-37 -0.016061 2.14296e-38 0.00111095 7.50106e-38 0 0 -0.000476329 3.05328e-39 -0.000938781 2.77629e-42 
8 0.221264 2.7646e-37 -0.0161013 2.17455e-38 0.00121442 7.50051e-38 0 0 -0.000327861 3.08565e-39 -0.00101223 3.07461e-42 
8.1 0.221264 2.7646e-37 -0.0161263 2.20642e-38 0.00132446 7.49992e-38 0 0 -0.000173778 3.11369e-39 -0.00107583 3.39255e-42 
8.2 0.221264 2.7646e-37 -0.0161358 2.22245e-38 0.00138143 7.49962e-38 0 0 -1.70019e-05 3.13436e-39 -0.00112272 3.72118e-42 
8.3 0.221264 2.7646e-37 -0.0161296 2.2546e-38 0.00149782 7.49899e-38 0 0 0.00014128 3.14548e-39 -0.00114795 4.04996e-42 
8.4 0.221264 2.7646e-37 -0.0161076 2.30287e-38 0.00167303 7.49803e-38 0 0 0.000298983 3.14571e-39 -0.00114848 4.36637e-42 
8.5 0.221264 2.7646e-37 -0.0160702 2.33499e-38 0.00178856 7.49738e-38 0 0 0.000452021 3.13493e-39 -0.00112401 4.65879e-42 
8.6 0.221264 2.7646e-37 -0.0160178 2.3613e-38 0.00187749 7.49688e-38 0 0 0.000598326 3.11393e-39 -0.00107636 4.92074e-42 
8.7 0.221264 2.7646e-37 -0.0159512 2.38754e-38 0.00196472 7.49638e-38 0 0 0.000734712 3.08408e-39 -0.00100863 5.14613e-42 
8.8 0.221264 2.7646e-37 -0.0158718 2.41345e-38 0.00204456 7.49592e-38 0 0 0.000858423 3.04739e-39 -0.000925384 5.33168e-42 
8.9 0.221264 2.7646e-37 -0.0157808 2.4644e-38 0.00218452 7.49507e-38 0 0 0.000964708 3.00568e-39 -0.00083072 5.47648e-42 
9 0.221264 2.7646e-37 -0.0156802 2.48474e-38 0.00223278 7.49477e-38 0 0 0.00105196 2.96083e-39 -0.000728937 5.582e-42 
9.1 0.221264 2.7646e-37 -0.0155719 2.50488e-38 0.00227675 7.49449e-38 0 0 0.001118 2.91434e-39 -0.000623442 5.65103e-42 
9.2 0.221264 2.7646e-37 -0.0154581 2.54449e-38 0.00234912 7.49401e-38 0 0 0.00116153 2.86726e-39 -0.000516598 5.68612e-42 
9.3 0.221264 2.7646e-37 -0.0153411 2.56395e-38 0.00237769 7.4938e-38 0 0 0.00118259 2.82013e-39 -0.000409646 5.68983e-42 
9.4 0.221264 2.7646e-37 -0.015223 2.60222e-38 0.00241972 7.49346e-38 0 0 0.00118142 2.77318e-39 -0.000303071 5.66402e-42 
9.5 0.221264 2.7646e-37 -0.0151061 2.62102e-38 0.00243313 7.49334e-38 0 0 0.00116077 2.7264e-39 -0.0001969 5.61054e-42 
9.6 0.221264 2.7646e-37 -0.0149921 2.6396e-38 0.00244153 7.49323e-38 0 0 0.00112124 2.67972e-39 -9.0972e-05 5.53055e-42 
9.7 0.221264 2.7646e-37 -0.0148829 2.67609e-38 0.00244319 7.4931e-38 0 0 0.00106616 2.63327e-39 1.44592e-05 5.42623e-42 
9.8 0.221264 2.7646e-37 -0.0147799 2.694e-38 0.00243652 7.49308e-38 0 0 0.000996543 2.58705e-39 0.000119355 5.2989e-42 
9.9 0.221264 2.7646e-37 -0.0146844 2.72918e-38 0.00240847 7.49311e-38 0 0 0.000914556 2.54155e-39 0.000222617 5.15133e-42 
10 0.221264 2.7646e-37 -0.0145977 2.74645e-38 0.00238721 7.49316e-38 0 0 0.00082159 2.49734e-39 0.000322972 4.98685e-42 
10.1 0.221264 2.7646e-37 -0.0145208 2.78039e-38 0.0023311 7.49334e-38 0 0 0.000719504 2.45533e-39 0.000418301 4.80968e-42 
10.2 0.221264 2.7646e-37 -0.0144543 2.79708e-38 0.00229668 7.49347e-38 0 0 0.00061085 2.41677e-39 0.000505826 4.62527e-42 
10.3 0.221264 2.7646e-37 -0.014399 2.82998e-38 0.00221688 7.49378e-38 0 0 0.000497125 2.38257e-39 0.000583448 4.43773e-42 
10.4 0.221264 2.7646e-37 -0.0143553 2.84622e-38 0.00217224 7.49396e-38 0 0 0.000379328 2.35359e-39 0.00064921 4.25127e-42 
10.5 0.221264 2.7646e-37 -0.0143234 2.86235e-38 0.002125 7.49416e-38 0 0 0.000260294 2.33052e-39 0.000701561 4.0693e-42 
10.6 0.221264 2.7646e-37 -0.0143033 2.89617e-38 0.00201944 7.49462e-38 0 0 0.000141539 2.31374e-39 0.000739653 3.89479e-42 
10.7 0.221264 2.7646e-37 -0.014295 2.93006e-38 0.00190731 7.49511e-38 0 0 2.51411e-05 2.30344e-39 0.000763032 3.72935e-42 
10.8 0.221264 2.7646e-37 -0.014298 2.94431e-38 0.00185962 7.49533e-38 0 0 -8.57832e-05 2.2993e-39 0.000772413 3.57424e-42 
10.9 0.221264 2.7646e-37 -0.0143117 2.95854e-38 0.00181169 7.49554e-38 0 0 -0.00018957 2.3011e-39 0.000768332 3.42998e-42 
11 0.221264 2.7646e-37 -0.0143354 2.98148e-38 0.00173669 7.49588e-38 0 0 -0.000284619 2.30825e-39 0.000752126 3.29665e-42 
11.1 0.221264 2.7646e-37 -0.0143679 3.00452e-38 0.00166408 7.49621e-38 0 0 -0.000368015 2.31999e-39 0.000725481 3.17422e-42 
11.2 0.221264 2.7646e-37 -0.0144081 3.02537e-38 0.00160133 7.49649e-38 0 0 -0.000440017 2.33584e-39 0.000689507 3.06284e-42 
11.3 0.221264 2.7646e-37 -0.0144548 3.0675e-38 0.00148548 7.49702e-38 0 0 -0.000499418 2.35502e-39 0.000645985 2.96222e-42 
11.4 0.221264 2.7646e-37 -0.0145069 3.08884e-38 0.00143388 7.49725e-38 0 0 -0.000546666 2.37706e-39 0.000595979 2.87264e-42 
11.5 0.221264 2.7646e-37 -0.014563 3.11038e-38 0.00138679 7.49746e-38 0 0 -0.000581526 2.40144e-39 0.000540662 2.79439e-42 
11.6 0.221264 2.7646e-37 -0.0146221 3.13214e-38 0.00134445 7.49765e-38 0 0 -0.000604855 2.4277e-39 0.000481077 2.72772e-42 
11.7 0.221264 2.7646e-37 -0.014683 3.15411e-38 0.0013072 7.49781e-38 0 0 -0.000617222 2.45561e-39 0.000417765 2.67332e-42 
11.8 0.221264 2.7646e-37 -0.0147447 3.17632e-38 0.00127518 7.49794e-38 0 0 -0.000619533 2.48469e-39 0.000351778 2.63143e-42 
11.9 0.221264 2.7646e-37 -0.0148061 3.19876e-38 0.00124857 7.49804e-38 0 0 -0.000613113 2.51458e-39 0.000283949 2.60246e-42 
12 0.221264 2.7646e-37 -0.0148666 3.22145e-38 0.00122739 7.49812e-38 0 0 -0.000598769 2.54498e-39 0.000214991 2.58696e-42 
12.1 0.221264 2.7646e-37 -0.0149253 3.24438e-38 0.00121181 7.49816e-38 0 0 -0.000577856 2.57547e-39 0.000145796 2.5854e-42 
12.2 0.221264 2.7646e-37 -0.0149816 3.28842e-38 0.00119716 7.49817e-38 0 0 -0.000551285 2.60558e-39 7.75e-05 2.5976e-42 
12.3 0.221264 2.7646e-37 -0.0150351 3.30947e-38 0.00119694 7.49814e-38 0 0 -0.000519575 2.63503e-39 1.06732e-05 2.62319e-42 
12.4 0.221264 2.7646e-37 -0.0150852 3.33071e-38 0.00120069 7.49809e-38 0 0 -0.000484048 2.66322e-39 -5.32905e-05 2.66156e-42 
12.5 0.221264 2.7646e-37 -0.0151316 3.37365e-38 0.00121922 7.49792e-38 0 0 -0.000445785 2.68989e-39 -0.000113788 2.71237e-42 
12.6 0.221264 2.7646e-37 -0.0151741 3.40859e-38 0.00124426 7.49772e-38 0 0 -0.00040575 2.71459e-39 -0.000169849 2.77499e-42 
12.7 0.221264 2.7646e-37 -0.0152125 3.40859e-38 0.00124426 7.49772e-38 0 0 -0.000364521 2.7371e-39 -0.000220917 2.84805e-42 
12.8 0.221264 2.7646e-37 -0.0152468 3.44392e-38 0.00127824 7.49748e-38 0 0 -0.000321992 2.75738e-39 -0.000266921 2.93063e-42 
12.9 0.221264 2.7646e-37 -0.0152768 3.47949e-38 0.00131771 7.4972e-38 0 0 -0.000279093 2.77519e-39 -0.000307339 3.02133e-42 
13 0.221264 2.7646e-37 -0.0153027 3.51529e-38 0.00136251 7.49689e-38 0 0 -0.000237203 2.79025e-39 -0.000341513 3.11837e-42 
13.1 0.221264 2.7646e-37 -0.0153244 3.51529e-38 0.00136251 7.49689e-38 0 0 -0.000196231 2.80258e-39 -0.000369489 3.22008e-42 
13.2 0.221264 2.7646e-37 -0.0153421 3.55127e-38 0.00141138 7.49655e-38 0 0 -0.000156305 2.81235e-39 -0.000391661 3.32492e-42 
13.3 0.221264 2.7646e-37 -0.0153559 3.58739e-38 0.00146313 7.4962e-38 0 0 -0.000117548 2.8197e-39 -0.000408327 3.43185e-42 
13.4 0.221264 2.7646e-37 -0.0153658 3.62358e-38 0.0015167 7.49583e-38 0 0 -8.02484e-05 2.82468e-39 -0.000419631 3.53935e-42 
13.5 0.221264 2.7646e-37 -0.0153721 3.65613e-38 0.00156445 7.49549e-38 0 0 -4.4842e-05 2.82723e-39 -0.000425413 3.6457e-42 
13.6 0.221264 2.7646e-37 -0.015375 3.65613e-38 0.00156445 7.49549e-38 0 0 -1.08696e-05 2.82796e-39 -0.000427074 3.75042e-42 
13.7 0.221264 2.7646e-37 -0.0153746 3.68876e-38 0.00161406 7.49514e-38 0 0 2.07124e-05 2.82639e-39 -0.000423512 3.85117e-42 
13.8 0.221264 2.7646e-37 -0.0153711 3.72132e-38 0.00166187 7.49481e-38 0 0 4.98972e-05 2.82274e-39 -0.000415236 3.94701e-42 
13.9 0.221264 2.7646e-37 -0.0153648 3.75017e-38 0.00170248 7.49451e-38 0 0 7.72286e-05 2.81731e-39 -0.000402907 4.03719e-42 
14 0.221264 2.7646e-37 -0.0153561 3.779e-38 0.00174236 7.49422e-38 0 0 9.97777e-05 2.80847e-39 -0.000382841 4.11688e-42 
14.1 0.221264 2.7646e-37 -0.0153455 3.80763e-38 0.00177792 7.49395e-38 0 0 0.000115636 2.79535e-39 -0.000353073 4.18219e-42 
14.2 0.221264 2.7646e-37 -0.0153336 3.8361e-38 0.00180969 7.4937e-38 0 0 0.000125666 2.77726e-39 -0.000312017 4.22905e-42 
14.3 0.221264 2.7646e-37 -0.0153216 3.86024e-38 0.00183132 7.49352e-38 0 0 0.000117954 2.74772e-39 -0.000244978 4.24076e-42 
14.4 0.221264 2.7646e-37 -0.0153079 3.8894e-38 0.00185675 7.4933e-38 0 0 0.000176905 2.7466e-39 -0.000242447 4.29384e-42 
14.5 0.221264 2.7646e-37 -0.0152874 3.91062e-38 0.00187568 7.49314e-38 0 0 0.00022744 2.74829e-39 -0.000246292 4.35492e-42 
14.6 0.221264 2.7646e-37 -0.0152628 3.93402e-38 0.00189661 7.49296e-38 0 0 0.000256389 2.74723e-39 -0.000243881 4.41103e-42 
14.7 0.221264 2.7646e-37 -0.0152364 3.96293e-38 0.0019216 7.49275e-38 0 0 0.000266176 2.74148e-39 -0.000230827 4.45613e-42 
14.8 0.221264 2.7646e-37 -0.0152101 3.99938e-38 0.00194976 7.49249e-38 0 0 0.000259851 2.72961e-39 -0.000203899 4.48407e-42 
14.9 0.221264 2.7646e-37 -0.0151848 4.02232e-38 0.00196414 7.49235e-38 0 0 0.000245908 2.71241e-39 -0.000164863 4.49362e-42 
15 0.221264 2.7646e-37 -0.0151609 4.04606e-38 0.00197577 7.49222e-38 0 0 0.000233167 2.69075e-39 -0.000115694 4.48361e-42 
15.1 0.221264 2.7646e-37 -0.0151379 4.07647e-38 0.00198469 7.49208e-38 0 0 0.000227322 2.66663e-39 -6.09655e-05 4.4562e-42 
15.2 0.221264 2.7646e-37 -0.015115 4.09691e-38 0.00198644 7.49202e-38 0 0 0.000231223 2.64207e-39 -5.23499e-06 4.41448e-42 
15.3 0.221264 2.7646e-37 -0.0150912 4.13074e-38 0.00198244 7.49195e-38 0 0 0.000243246 2.61956e-39 4.58528e-05 4.36366e-42 
15.4 0.221264 2.7646e-37 -0.0150661 4.14881e-38 0.00197642 7.49194e-38 0 0 0.000255462 2.59989e-39 9.05009e-05 4.30819e-42 
15.5 0.221264 2.7646e-37 -0.0150401 4.18477e-38 0.00195981 7.49194e-38 0 0 0.000264428 2.58321e-39 0.000128357 4.25089e-42 
15.6 0.221264 2.7646e-37 -0.0150135 4.20859e-38 0.00194552 7.49196e-38 0 0 0.000267246 2.56984e-39 0.000158692 4.19322e-42 
15.7 0.221264 2.7646e-37 -0.014987 4.23314e-38 0.0019286 7.492e-38 0 0 0.000261684 2.5595e-39 0.00018217 4.13595e-42 
15.8 0.221264 2.7646e-37 -0.0149616 4.27104e-38 0.00189899 7.49208e-38 0 0 0.000247883 2.5516e-39 0.000200085 4.07928e-42 
15.9 0.221264 2.7646e-37 -0.0149379 4.28503e-38 0.00188722 7.49211e-38 0 0 0.000227919 2.54535e-39 0.000214271 4.02266e-42 
16 0.221264 2.7646e-37 -0.0149163 4.31156e-38 0.00186385 7.49218e-38 0 0 0.000203649 2.54022e-39 0.000225929 3.96548e-42 
16.1 0.221264 2.7646e-37 -0.0148973 4.34917e-38 0.00182867 7.4923e-38 0 0 0.000178282 2.53566e-39 0.000236277 3.90722e-42 
16.2 0.221264 2.7646e-37 -0.0148806 4.37419e-38 0.00180399 7.49238e-38 0 0 0.000154131 2.5313e-39 0.000246174 3.84737e-42 
16.3 0.221264 2.7646e-37 -0.0148663 4.39918e-38 0.0017784 7.49247e-38 0 0 0.000131672 2.52712e-39 0.000255649 3.786e-42 
16.4 0.221264 2.7646e-37 -0.0148541 4.41219e-38 0.0017648 7.49253e-38 0 0 0.000110995 2.52326e-39 0.000264416 3.72344e-42 
16.5 0.221264 2.7646e-37 -0.014844 4.43818e-38 0.00173685 7.49263e-38 0 0 9.21293e-05 2.51993e-39 0.000271966 3.66026e-42 
16.6 0.221264 2.7646e-37 -0.0148357 4.46414e-38 0.00170832 7.49274e-38 0 0 7.29034e-05 2.51752e-39 0.000277449 3.59746e-42 
16.7 0.221264 2.7646e-37 -0.0148294 4.49009e-38 0.00167951 7.49286e-38 0 0 5.2794e-05 2.51649e-39 0.000279784 3.5363e-42 
16.8 0.221264 2.7646e-37 -0.0148253 4.51606e-38 0.00165098 7.49297e-38 0 0 2.98251e-05 2.51715e-39 0.000278267 3.47801e-42 
16.9 0.221264 2.7646e-37 -0.0148237 4.54203e-38 0.00162271 7.49308e-38 0 0 4.28315e-06 2.51974e-39 0.000272405 3.42366e-42 
17 0.221264 2.7646e-37 -0.0148247 4.56807e-38 0.00159573 7.49319e-38 0 0 -2.35923e-05 2.52429e-39 0.000262085 3.374e-42 
17.1 0.221264 2.7646e-37 -0.0148286 4.58512e-38 0.00157943 7.49325e-38 0 0 -5.34777e-05 2.53073e-39 0.000247465 3.32966e-42 
17.2 0.221264 2.7646e-37 -0.0148355 4.61929e-38 0.00154826 7.49337e-38 0 0 -8.44438e-05 2.5389e-39 0.000228912 3.2913e-42 
17.3 0.221264 2.7646e-37 -0.0148455 4.63644e-38 0.00153419 7.49342e-38 0 0 -0.000115137 2.54848e-39 0.000207172 3.25909e-42 
17.4 0.221264 2.7646e-37 -0.0148585 4.68819e-38 0.00149865 7.49353e-38 0 0 -0.000144669 2.55918e-39 0.000182895 3.23317e-42 
17.5 0.221264 2.7646e-37 -0.0148742 4.68819e-38 0.00149865 7.49353e-38 0 0 -0.000171959 2.57046e-39 0.000157304 3.21326e-42 
17.6 0.221264 2.7646e-37 -0.0148925 4.72294e-38 0.00148065 7.49357e-38 0 0 -0.000196796 2.58209e-39 0.000130911 3.19921e-42 
17.7 0.221264 2.7646e-37 -0.0149132 4.75791e-38 0.00146763 7.49358e-38 0 0 -0.000219005 2.59391e-39 0.000104078 3.19093e-42 
17.8 0.221264 2.7646e-37 -0.014936 4.7931e-38 0.00145948 7.49356e-38 0 0 -0.00023845 2.60575e-39 7.72241e-05 3.18832e-42 
17.9 0.221264 2.7646e-37 -0.0149605 4.7931e-38 0.00145948 7.49356e-38 0 0 -0.000255186 2.61743e-39 5.07026e-05 3.19123e-42 
18 0.221264 2.7646e-37 -0.0149866 4.82849e-38 0.00145602 7.49352e-38 0 0 -0.00026932 2.62893e-39 2.46181e-05 3.19958e-42 
18.1 0.221264 2.7646e-37 -0.015014 4.86408e-38 0.00145715 7.49344e-38 0 0 -0.000280959 2.64018e-39 -9.17783e-07 3.2133e-42 
18.2 0.221264 2.7646e-37 -0.0150424 4.88403e-38 0.0014596 7.49338e-38 0 0 -0.000290241 2.65119e-39 -2.59005e-05 3.23237e-42 
18.3 0.221264 2.7646e-37 -0.0150718 4.90405e-38 0.00146356 7.49332e-38 0 0 -0.000297486 2.66191e-39 -5.02279e-05 3.25665e-42 
18.4 0.221264 2.7646e-37 -0.0151017 4.92413e-38 0.00146885 7.49325e-38 0 0 -0.000301675 2.6724e-39 -7.40321e-05 3.2862e-42 
18.5 0.221264 2.7646e-37 -0.0151319 4.94817e-38 0.00147683 7.49315e-38 0 0 -0.000303342 2.68251e-39 -9.69859e-05 3.3207e-42 
18.6 0.221264 2.7646e-37 -0.0151621 4.97229e-38 0.00148671 7.49304e-38 0 0 -0.000302507 2.69206e-39 -0.000118658 3.35968e-42 
18.7 0.221264 2.7646e-37 -0.0151922 5.02076e-38 0.00151127 7.49279e-38 0 0 -0.000298746 2.70099e-39 -0.000138925 3.40276e-42 
18.8 0.221264 2.7646e-37 -0.0152216 5.05424e-38 0.0015314 7.4926e-38 0 0 -0.000291618 2.70922e-39 -0.000157588 3.44947e-42 
18.9 0.221264 2.7646e-37 -0.0152502 5.05424e-38 0.0015314 7.4926e-38 0 0 -0.000281654 2.71645e-39 -0.000174009 3.49893e-42 
19 0.221264 2.7646e-37 -0.0152775 5.08784e-38 0.00155427 7.49238e-38 0 0 -0.000268534 2.72262e-39 -0.000187998 3.55042e-42 
19.1 0.221264 2.7646e-37 -0.0153035 5.12151e-38 0.00157868 7.49216e-38 0 0 -0.00025265 2.72764e-39 -0.000199409 3.60331e-42 
19.2 0.221264 2.7646e-37 -0.0153277 5.15522e-38 0.00160387 7.49193e-38 0 0 -0.000234145 2.73152e-39 -0.000208195 3.65695e-42 
19.3 0.221264 2.7646e-37 -0.01535 5.189e-38 0.00163084 7.49168e-38 0 0 -0.000213004 2.7342e-39 -0.000214276 3.71057e-42 
19.4 0.221264 2.7646e-37 -0.0153701 5.22277e-38 0.00165737 7.49144e-38 0 0 -0.00019066 2.73524e-39 -0.000216647 3.76261e-42 
19.5 0.221264 2.7646e-37 -0.0153876 5.22277e-38 0.00165737 7.49144e-38 0 0 -0.000163891 2.73678e-39 -0.000220135 3.81643e-42 
19.6 0.221264 2.7646e-37 -0.0154031 5.25649e-38 0.00168288 7.4912e-38 0 0 -0.000142998 2.73315e-39 -0.000211896 3.86012e-42 
19.7 0.221264 2.7646e-37 -0.0154165 5.28175e-38 0.00170153 7.49103e-38 0 0 -0.000119524 2.728e-39 -0.00020022 3.89903e-42 
19.8 0.221264 2.7646e-37 -0.0154273 5.30275e-38 0.00171575 7.49089e-38 0 0 -0.000103272 2.71727e-39 -0.000175868 3.9253e-42 
19.9 0.221264 2.7646e-37 -0.015435 5.32794e-38 0.00173245 7.49072e-38 0 0 -5.7635e-05 2.71872e-39 -0.000179152 3.97005e-42 
20 0.221264 2.7646e-37 -0.0154375 5.35318e-38 0.00175059 7.49055e-38 0 0 7.94405e-06 2.73266e-39 -0.000210803 4.03992e-42 
20.1 0.221264 2.7646e-37 -0.0154344 5.38699e-38 0.00177802 7.49029e-38 0 0 4.79315e-05 2.73876e-39 -0.000224633 4.10252e-42 
20.2 0.221264 2.7646e-37 -0.0154294 5.41228e-38 0.00179724 7.49011e-38 0 0 5.15809e-05 2.72888e-39 -0.000202204 4.13506e-42 
20.3 0.221264 2.7646e-37 -0.0154244 5.44583e-38 0.00181887 7.48988e-38 0 0 4.78957e-05 2.71333e-39 -0.000166922 4.15034e-42 
20.4 0.221264 2.7646e-37 -0.0154193 5.4758e-38 0.00183322 7.48972e-38 0 0 5.14035e-05 2.69586e-39 -0.000127275 4.1529e-42 
20.5 0.221264 2.7646e-37 -0.0154134 5.49069e-38 0.00183829 7.48965e-38 0 0 6.54198e-05 2.67782e-39 -8.63277e-05 4.14432e-42 
20.6 0.221264 2.7646e-37 -0.0154052 5.52037e-38 0.00184611 7.48952e-38 0 0 9.85219e-05 2.66586e-39 -5.91854e-05 4.13911e-42 
20.7 0.221264 2.7646e-37 -0.0153936 5.54695e-38 0.0018502 7.48943e-38 0 0 0.000133898 2.65557e-39 -3.58281e-05 4.13078e-42 
20.8 0.221264 2.7646e-37 -0.0153773 5.57227e-38 0.00185558 7.48933e-38 0 0 0.000189336 2.65985e-39 -4.55418e-05 4.14808e-42 
20.9 0.221264 2.7646e-37 -0.0153588 5.59606e-38 0.00185627 7.48927e-38 0 0 0.000185899 2.64244e-39 -6.03551e-06 4.12094e-42 
21 0.221264 2.7646e-37 -0.0153393 5.6317e-38 0.00185612 7.48918e-38 0 0 0.000224067 2.651e-39 -2.5457e-05 4.13743e-42 
21.1 0.221264 2.7646e-37 -0.0153204 5.65414e-38 0.00185302 7.48915e-38 0 0 0.000178248 2.62266e-39 3.88513e-05 4.07991e-42 
21.2 0.221264 2.7646e-37 -0.0153048 5.67789e-38 0.00184599 7.48913e-38 0 0 0.00014511 2.59951e-39 9.14085e-05 4.02118e-42 
21.3 0.221264 2.7646e-37 -0.0152892 5.70639e-38 0.00183639 7.48913e-38 0 0 0.000160164 2.60123e-39 8.7497e-05 4.00499e-42 
21.4 0.221264 2.7646e-37 -0.0152709 5.73352e-38 0.00183125 7.48909e-38 0 0 0.000210594 2.62265e-39 3.88953e-05 4.02926e-42 
21.5 0.221264 2.7646e-37 -0.0152503 5.76068e-38 0.00182679 7.48906e-38 0 0 0.000207703 2.62499e-39 3.35823e-05 4.02441e-42 
21.6 0.221264 2.7646e-37 -0.0152305 5.78031e-38 0.00182458 7.48902e-38 0 0 0.00017057 2.61642e-39 5.30164e-05 4.00161e-42 
21.7 0.221264 2.7646e-37 -0.0152169 5.81454e-38 0.00181179 7.48903e-38 0 0 0.000105897 2.5906e-39 0.000111629 3.93613e-42 
21.8 0.221264 2.7646e-37 -0.0152088 5.84162e-38 0.00179443 7.48908e-38 0 0 5.46679e-05 2.56524e-39 0.000169187 3.85961e-42 
21.9 0.221264 2.7646e-37 -0.0152047 5.85848e-38 0.0017811 7.48912e-38 0 0 2.78998e-05 2.54503e-39 0.000215054 3.78173e-42 
22 0.221264 2.7646e-37 -0.0152023 5.88264e-38 0.00175901 7.48922e-38 0 0 2.14166e-05 2.53206e-39 0.000244497 3.70903e-42 
22.1 0.221264 2.7646e-37 -0.0151998 5.90843e-38 0.00173343 7.48933e-38 0 0 2.92395e-05 2.52821e-39 0.000253238 3.64851e-42 
22.2 0.221264 2.7646e-37 -0.0151964 5.93299e-38 0.00170944 7.48943e-38 0 0 3.6235e-05 2.53318e-39 0.000241946 3.60393e-42 
22.3 0.221264 2.7646e-37 -0.0151929 5.96066e-38 0.00168451 7.48954e-38 0 0 3.233e-05 2.54322e-39 0.000219167 3.57123e-42 
22.4 0.221264 2.7646e-37 -0.0151905 5.98537e-38 0.00166502 7.48961e-38 0 0 1.32842e-05 2.55614e-39 0.000189838 3.54857e-42 
22.5 0.221264 2.7646e-37 -0.0151909 6.01751e-38 0.00164396 7.48968e-38 0 0 -2.05244e-05 2.56939e-39 0.000159767 3.53249e-42 
22.6 0.221264 2.7646e-37 -0.0151951 6.04086e-38 0.00163139 7.48972e-38 0 0 -6.33705e-05 2.58098e-39 0.000133456 3.51944e-42 
22.7 0.221264 2.7646e-37 -0.0152036 6.06388e-38 0.00162076 7.48974e-38 0 0 -0.000106945 2.58976e-39 0.000113528 3.50658e-42 
22.8 0.221264 2.7646e-37 -0.0152162 6.09126e-38 0.00160973 7.48975e-38 0 0 -0.00014444 2.59535e-39 0.000100857 3.49203e-42 
22.9 0.221264 2.7646e-37 -0.015232 6.11867e-38 0.00159959 7.48976e-38 0 0 -0.000170223 2.5982e-39 9.43812e-05 3.47507e-42 
23 0.221264 2.7646e-37 -0.0152497 6.15525e-38 0.00158655 7.48978e-38 0 0 -0.000182784 2.59914e-39 9.22393e-05 3.45595e-42 
23.1 0.221264 2.7646e-37 -0.015268 6.16487e-38 0.00158316 7.48978e-38 0 0 -0.000183908 2.59949e-39 9.14586e-05 3.43613e-42 
23.2 0.221264 2.7646e-37 -0.0152861 6.19374e-38 0.0015731 7.48979e-38 0 0 -0.000176811 2.60028e-39 8.96548e-05 3.4173e-42 
23.3 0.221264 2.7646e-37 -0.0153032 6.22102e-38 0.00156406 7.48979e-38 0 0 -0.000166087 2.60255e-39 8.451e-05 3.40151e-42 
23.4 0.221264 2.7646e-37 -0.0153193 6.25319e-38 0.00155459 7.48979e-38 0 0 -0.000155462 2.6069e-39 7.46272e-05 3.39064e-42 
23.5 0.221264 2.7646e-37 -0.0153344 6.27e-38 0.00155059 7.48978e-38 0 0 -0.000147694 2.61352e-39 5.96025e-05 3.38607e-42 
23.6 0.221264 2.7646e-37 -0.0153489 6.29687e-38 0.00154593 7.48976e-38 0 0 -0.000142952 2.62231e-39 3.96603e-05 3.38905e-42 
23.7 0.221264 2.7646e-37 -0.0153629 6.33537e-38 0.00154372 7.48969e-38 0 0 -0.000138816 2.63251e-39 1.65184e-05 3.39938e-42 
23.8 0.221264 2.7646e-37 -0.0153762 6.35252e-38 0.00154353 7.48966e-38 0 0 -0.000132448 2.64321e-39 -7.7722e-06 3.41682e-42 
23.9 0.221264 2.7646e-37 -0.0153889 6.37466e-38 0.00154673 7.48959e-38 0 0 -0.000123062 2.65374e-39 -3.1682e-05 3.43834e-42 
24 0.221264 2.7646e-37 -0.0154005 6.40777e-38 0.00155262 7.48948e-38 0 0 -0.000108762 2.66374e-39 -5.43645e-05 3.4638e-42 
24.1 0.221264 2.7646e-37 -0.0154104 6.44364e-38 0.00156252 7.48934e-38 0 0 -8.95735e-05 2.67265e-39 -7.46048e-05 3.49238e-42 
24.2 0.221264 2.7646e-37 -0.0154182 6.46162e-38 0.00156858 7.48926e-38 0 0 -6.56645e-05 2.67997e-39 -9.12037e-05 3.52276e-42 
24.3 0.221264 2.7646e-37 -0.0154232 6.49765e-38 0.00158222 7.48909e-38 0 0 -3.7088e-05 2.68582e-39 -0.000104485 3.55423e-42 
24.4 0.221264 2.7646e-37 -0.0154251 6.53378e-38 0.00159815 7.4889e-38 0 0 -5.35713e-06 2.69018e-39 -0.000114395 3.58599e-42 
24.5 0.221264 2.7646e-37 -0.0154239 6.56587e-38 0.00161227 7.48873e-38 0 0 2.74853e-05 2.69318e-39 -0.000121197 3.61765e-42 
24.6 0.221264 2.7646e-37 -0.0154195 6.56587e-38 0.00161227 7.48873e-38 0 0 6.0697e-05 2.69519e-39 -0.000125766 3.64909e-42 
24.7 0.221264 2.7646e-37 -0.0154118 6.59801e-38 0.00162777 7.48855e-38 0 0 9.34141e-05 2.69637e-39 -0.000128443 3.68015e-42 
24.8 0.221264 2.7646e-37 -0.0154009 6.63014e-38 0.00164302 7.48837e-38 0 0 0.000124338 2.69689e-39 -0.000129625 3.71067e-42 
24.9 0.221264 2.7646e-37 -0.0153872 6.66228e-38 0.00165834 7.48819e-38 0 0 0.000152523 2.6969e-39 -0.000129629 3.74055e-42 
25 0.221264 2.7646e-37 -0.0153707 6.69441e-38 0.00167351 7.48801e-38 0 0 0.000177948 2.69649e-39 -0.000128703 3.76966e-42 
25.1 0.221264 2.7646e-37 -0.0153519 6.72653e-38 0.00168843 7.48784e-38 0 0 0.0002003 2.69573e-39 -0.000126974 3.79787e-42 
25.2 0.221264 2.7646e-37 -0.015331 6.72653e-38 0.00168843 7.48784e-38 0 0 0.000219843 2.69453e-39 -0.000124263 3.82479e-42 
25.3 0.221264 2.7646e-37 -0.0153083 6.75862e-38 0.00170287 7.48766e-38 0 0 0.000236625 2.69278e-39 -0.000120288 3.84993e-42 
25.4 0.221264 2.7646e-37 -0.0152842 6.82268e-38 0.00172863 7.48733e-38 0 0 0.000250464 2.69037e-39 -0.000114827 3.8726e-42 
25.5 0.221264 2.7646e-37 -0.015259 6.82268e-38 0.00172863 7.48733e-38 0 0 0.000261195 2.68727e-39 -0.000107771 3.89235e-42 
25.6 0.221264 2.7646e-37 -0.015233 6.88658e-38 0.00175076 7.48702e-38 0 0 0.000268722 2.68346e-39 -9.91307e-05 3.90908e-42 
25.7 0.221264 2.7646e-37 -0.0152066 6.88658e-38 0.00175076 7.48702e-38 0 0 0.00027261 2.67892e-39 -8.88224e-05 3.92199e-42 
25.8 0.221264 2.7646e-37 -0.0151797 6.88658e-38 0.00175076 7.48702e-38 0 0 0.000273075 2.67366e-39 -7.6887e-05 3.93147e-42 
25.9 0.221264 2.7646e-37 -0.0151533 6.94244e-38 0.0017618 7.48681e-38 0 0 0.000269737 2.66792e-39 -6.38541e-05 3.93692e-42 
26 0.221264 2.7646e-37 -0.015127 6.94244e-38 0.0017618 7.48681e-38 0 0 0.000262695 2.66163e-39 -4.95875e-05 3.93849e-42 
26.1 0.221264 2.7646e-37 -0.0151019 6.99813e-38 0.00176898 7.48663e-38 0 0 0.000251706 2.65507e-39 -3.46937e-05 3.93621e-42 
26.2 0.221264 2.7646e-37 -0.015078 6.99813e-38 0.00176898 7.48663e-38 0 0 0.000236766 2.64823e-39 -1.91771e-05 3.93006e-42 
26.3 0.221264 2.7646e-37 -0.0150558 7.05346e-38 0.001768 7.4865e-38 0 0 0.000218199 2.64135e-39 -3.55719e-06 3.9204e-42 
26.4 0.221264 2.7646e-37 -0.0150356 7.05346e-38 0.001768 7.4865e-38 0 0 0.000196079 2.6345e-39 1.20025e-05 3.90732e-42 
26.5 0.221264 2.7646e-37 -0.0150174 7.08137e-38 0.00176493 7.48646e-38 0 0 0.000171049 2.62792e-39 2.69359e-05 3.89137e-42 
26.6 0.221264 2.7646e-37 -0.0150018 7.10923e-38 0.00176054 7.48643e-38 0 0 0.00014334 2.62174e-39 4.09545e-05 3.87292e-42 
26.7 0.221264 2.7646e-37 -0.0149891 7.13702e-38 0.00175473 7.4864e-38 0 0 0.000112807 2.61594e-39 5.41317e-05 3.85215e-42 
26.8 0.221264 2.7646e-37 -0.0149795 7.16477e-38 0.00174769 7.48639e-38 0 0 8.05656e-05 2.6109e-39 6.55612e-05 3.83007e-42 
26.9 0.221264 2.7646e-37 -0.0149731 7.19246e-38 0.00173955 7.48638e-38 0 0 4.68867e-05 2.60649e-39 7.55633e-05 3.80676e-42 
27 0.221264 2.7646e-37 -0.0149702 7.22011e-38 0.00173048 7.48639e-38 0 0 1.24644e-05 2.60299e-39 8.35219e-05 3.78309e-42 
27.1 0.221264 2.7646e-37 -0.0149706 7.24776e-38 0.00172142 7.48639e-38 0 0 -2.02773e-05 2.60134e-39 8.72592e-05 3.76147e-42 
27.2 0.221264 2.7646e-37 -0.0149743 7.27537e-38 0.00171145 7.4864e-38 0 0 -5.42122e-05 2.59947e-39 9.15039e-05 3.73846e-42 
27.3 0.221264 2.7646e-37 -0.0149811 7.29869e-38 0.00170345 7.48641e-38 0 0 -8.3309e-05 2.60112e-39 8.77614e-05 3.72176e-42 
27.4 0.221264 2.7646e-37 -0.0149922 7.32188e-38 0.00169254 7.48643e-38 0 0 -0.000132939 2.59219e-39 0.000108026 3.68428e-42 
27.5 0.221264 2.7646e-37 -0.0150084 7.33491e-38 0.00168603 7.48645e-38 0 0 -0.000174344 2.58369e-39 0.000127336 3.64202e-42 
27.6 0.221264 2.7646e-37 -0.0150271 7.35819e-38 0.00167445 7.48649e-38 0 0 -0.000196118 2.58344e-39 0.000127885 3.61336e-42 
27.7 0.221264 2.7646e-37 -0.0150474 7.38421e-38 0.00166206 7.48652e-38 0 0 -0.000210046 2.58698e-39 0.000119863 3.59195e-42 
27.8 0.221264 2.7646e-37 -0.0150693 7.41898e-38 0.00164732 7.48655e-38 0 0 -0.000222205 2.59239e-39 0.000107584 3.5763e-42 
27.9 0.221264 2.7646e-37 -0.0150925 7.44223e-38 0.0016391 7.48656e-38 0 0 -0.000234435 2.59878e-39 9.30706e-05 3.56533e-42 
28 0.221264 2.7646e-37 -0.0151167 7.47016e-38 0.00163087 7.48656e-38 0 0 -0.000247144 2.6053e-39 7.82818e-05 3.55731e-42 
28.1 0.221264 2.7646e-37 -0.0151421 7.48646e-38 0.0016266 7.48656e-38 0 0 -0.000259511 2.61142e-39 6.43822e-05 3.55148e-42 
28.2 0.221264 2.7646e-37 -0.0151685 7.51912e-38 0.00161958 7.48654e-38 0 0 -0.000270113 2.61683e-39 5.2111e-05 3.54726e-42 
28.3 0.221264 2.7646e-37 -0.0151959 7.54091e-38 0.00161584 7.48652e-38 0 0 -0.000276736 2.62147e-39 4.15774e-05 3.54431e-42 
28.4 0.221264 2.7646e-37 -0.0152236 7.57366e-38 0.00161152 7.48649e-38 0 0 -0.000277618 2.62544e-39 3.25705e-05 3.54246e-42 
28.5 0.221264 2.7646e-37 -0.015251 7.59492e-38 0.00160945 7.48646e-38 0 0 -0.000271173 2.629e-39 2.44839e-05 3.54212e-42 
28.6 0.221264 2.7646e-37 -0.0152774 7.63115e-38 0.0016071 7.48639e-38 0 0 -0.000258226 2.63253e-39 1.64603e-05 3.5433e-42 
28.7 0.221264 2.7646e-37 -0.0153023 7.65188e-38 0.00160641 7.48636e-38 0 0 -0.000240454 2.63621e-39 8.11596e-06 3.54648e-42 
28.8 0.221264 2.7646e-37 -0.0153252 7.67263e-38 0.00160627 7.48631e-38 0 0 -0.000218707 2.64017e-39 -8.86592e-07 3.55205e-42 
28.9 0.221264 2.7646e-37 -0.0153457 7.71422e-38 0.00160792 7.48621e-38 0 0 -0.000194564 2.6445e-39 -1.06939e-05 3.56041e-42 
29 0.221264 2.7646e-37 -0.0153638 7.75175e-38 0.00161159 7.4861e-38 0 0 -0.00016852 2.64913e-39 -2.12251e-05 3.57158e-42 
29.1 0.221264 2.7646e-37 -0.0153792 7.75175e-38 0.00161159 7.4861e-38 0 0 -0.000141256 2.65398e-39 -3.22345e-05 3.58553e-42 
29.2 0.221264 2.7646e-37 -0.0153918 7.78937e-38 0.00161736 7.48598e-38 0 0 -0.000113093 2.6588e-39 -4.31743e-05 3.60191e-42 
29.3 0.221264 2.7646e-37 -0.0154016 7.82041e-38 0.00162379 7.48586e-38 0 0 -8.42865e-05 2.66349e-39 -5.38139e-05 3.62053e-42 
29.4 0.221264 2.7646e-37 -0.0154086 7.84839e-38 0.00163059 7.48575e-38 0 0 -5.51333e-05 2.66784e-39 -6.36897e-05 3.64096e-42 
29.5 0.221264 2.7646e-37 -0.0154119 7.87642e-38 0.00163865 7.48562e-38 0 0 -2.51789e-05 2.67143e-39 -7.18271e-05 3.66267e-42 
29.6 0.221264 2.7646e-37 -0.0154114 7.90153e-38 0.00164627 7.48551e-38 0 0 5.11255e-06 2.67403e-39 -7.77426e-05 3.68474e-42 
29.7 0.221264 2.7646e-37 -0.015408 7.92414e-38 0.00165331 7.4854e-38 0 0 3.53142e-05 2.67587e-39 -8.1918e-05 3.70651e-42 
29.8 0.221264 2.7646e-37 -0.0154022 7.94239e-38 0.00165908 7.48532e-38 0 0 6.57287e-05 2.67707e-39 -8.46343e-05 3.72777e-42 
29.9 0.221264 2.7646e-37 -0.0153934 7.9789e-38 0.00167072 7.48515e-38 0 0 9.40661e-05 2.67733e-39 -8.52281e-05 3.74776e-42 
30 0.221264 2.7646e-37 -0.0153817 7.99715e-38 0.00167647 7.48506e-38 0 0 0.000120295 2.67688e-39 -8.41972e-05 3.76669e-42 
30.1 0.221264 2.7646e-37 -0.015368 8.03363e-38 0.00168747 7.48489e-38 0 0 0.000145152 2.67593e-39 -8.20461e-05 3.78434e-42 
30.2 0.221264 2.7646e-37 -0.0153523 8.0701e-38 0.00169816 7.48473e-38 0 0 0.000167466 2.67445e-39 -7.86869e-05 3.80014e-42 
30.3 0.221264 2.7646e-37 -0.0153347 8.0701e-38 0.00169816 7.48473e-38 0 0 0.000186355 2.67239e-39 -7.4014e-05 3.81403e-42 
30.4 0.221264 2.7646e-37 -0.0153158 8.14286e-38 0.00171543 7.48443e-38 0 0 0.000201942 2.66997e-39 -6.85184e-05 3.82583e-42 
30.5 0.221264 2.7646e-37 -0.0152956 8.14286e-38 0.00171543 7.48443e-38 0 0 0.000214241 2.66716e-39 -6.21437e-05 3.83555e-42 
30.6 0.221264 2.7646e-37 -0.0152742 8.20815e-38 0.00172668 7.48419e-38 0 0 0.000223087 2.664e-39 -5.49587e-05 3.84315e-42 
30.7 0.221264 2.7646e-37 -0.0152526 8.20815e-38 0.00172668 7.48419e-38 0 0 0.000227893 2.66059e-39 -4.72205e-05 3.84851e-42 
30.8 0.221264 2.7646e-37 -0.0152302 8.20815e-38 0.00172668 7.48419e-38 0 0 0.000228978 2.65687e-39 -3.87889e-05 3.85168e-42 
30.9 0.221264 2.7646e-37 -0.0152082 8.27325e-38 0.00173365 7.48398e-38 0 0 0.000226538 2.65301e-39 -3.00274e-05 3.85258e-42 
31 0.221264 2.7646e-37 -0.0151865 8.27325e-38 0.00173365 7.48398e-38 0 0 0.000220561 2.649e-39 -2.09125e-05 3.85121e-42 
31.1 0.221264 2.7646e-37 -0.0151654 8.33805e-38 0.00173395 7.48383e-38 0 0 0.000211178 2.64485e-39 -1.14973e-05 3.8476e-42 
31.2 0.221264 2.7646e-37 -0.0151457 8.33805e-38 0.00173395 7.48383e-38 0 0 0.000198757 2.64068e-39 -2.04153e-06 3.8418e-42 
31.3 0.221264 2.7646e-37 -0.015127 8.33805e-38 0.00173395 7.48383e-38 0 0 0.000183101 2.63644e-39 7.59357e-06 3.83378e-42 
31.4 0.221264 2.7646e-37 -0.01511 8.37877e-38 0.0017311 7.48376e-38 0 0 0.000165038 2.63238e-39 1.68107e-05 3.82403e-42 
31.5 0.221264 2.7646e-37 -0.0150947 8.41942e-38 0.00172649 7.4837e-38 0 0 0.000144444 2.62842e-39 2.57989e-05 3.81241e-42 
31.6 0.221264 2.7646e-37 -0.0150816 8.41942e-38 0.00172649 7.4837e-38 0 0 0.000121494 2.62449e-39 3.47286e-05 3.79884e-42 
31.7 0.221264 2.7646e-37 -0.0150719 8.44396e-38 0.00172231 7.48368e-38 0 0 9.52146e-05 2.62055e-39 4.36706e-05 3.78243e-42 
31.8 0.221264 2.7646e-37 -0.0150647 8.48809e-38 0.00171384 7.48364e-38 0 0 6.87934e-05 2.61758e-39 5.04098e-05 3.76624e-42 
31.9 0.221264 2.7646e-37 -0.0150602 8.49407e-38 0.00171204 7.48364e-38 0 0 4.06696e-05 2.61455e-39 5.72766e-05 3.74851e-42 
32 0.221264 2.7646e-37 -0.0150587 8.53006e-38 0.00170335 7.48363e-38 0 0 1.33052e-05 2.61231e-39 6.2362e-05 3.73087e-42 
32.1 0.221264 2.7646e-37 -0.01506 8.55405e-38 0.00169742 7.48363e-38 0 0 -1.44497e-05 2.61046e-39 6.65592e-05 3.71294e-42 
32.2 0.221264 2.7646e-37 -0.0150641 8.57801e-38 0.00169092 7.48362e-38 0 0 -4.19815e-05 2.60887e-39 7.0171e-05 3.69466e-42 
32.3 0.221264 2.7646e-37 -0.0150708 8.60196e-38 0.00168406 7.48362e-38 0 0 -6.82376e-05 2.60787e-39 7.24452e-05 3.67701e-42 
32.4 0.221264 2.7646e-37 -0.01508 8.62591e-38 0.00167722 7.48363e-38 0 0 -9.35231e-05 2.60736e-39 7.35943e-05 3.65987e-42 
32.5 0.221264 2.7646e-37 -0.0150911 8.65158e-38 0.00166989 7.48363e-38 0 0 -0.000117166 2.60729e-39 7.37576e-05 3.64337e-42 
32.6 0.221264 2.7646e-37 -0.0151048 8.67727e-38 0.00166277 7.48363e-38 0 0 -0.000138227 2.60788e-39 7.24225e-05 3.62824e-42 
32.7 0.221264 2.7646e-37 -0.0151204 8.72351e-38 0.00165031 7.48363e-38 0 0 -0.00015729 2.60892e-39 7.00625e-05 3.61433e-42 
32.8 0.221264 2.7646e-37 -0.0151377 8.74666e-38 0.00164469 7.48362e-38 0 0 -0.000173035 2.61062e-39 6.62016e-05 3.60239e-42 
32.9 0.221264 2.7646e-37 -0.0151564 8.78056e-38 0.00163778 7.4836e-38 0 0 -0.000186327 2.61268e-39 6.15218e-05 3.59217e-42 
33 0.221264 2.7646e-37 -0.0151761 8.78056e-38 0.00163778 7.4836e-38 0 0 -0.000196132 2.61514e-39 5.59349e-05 3.58374e-42 
33.1 0.221264 2.7646e-37 -0.0151966 8.81109e-38 0.00163214 7.48358e-38 0 0 -0.000203959 2.61782e-39 4.98586e-05 3.57719e-42 
33.2 0.221264 2.7646e-37 -0.0152175 8.84162e-38 0.00162645 7.48356e-38 0 0 -0.000208556 2.62076e-39 4.31889e-05 3.57254e-42 
33.3 0.221264 2.7646e-37 -0.0152385 8.87224e-38 0.00162267 7.48353e-38 0 0 -0.000209918 2.6238e-39 3.62836e-05 3.56952e-42 
33.4 0.221264 2.7646e-37 -0.0152595 8.90292e-38 0.00162048 7.48348e-38 0 0 -0.000209512 2.62693e-39 2.91785e-05 3.56772e-42 
33.5 0.221264 2.7646e-37 -0.0152803 8.93359e-38 0.00161802 7.48343e-38 0 0 -0.000207531 2.63022e-39 2.17004e-05 3.56756e-42 
33.6 0.221264 2.7646e-37 -0.0153007 8.96433e-38 0.00161692 7.48337e-38 0 0 -0.000202342 2.63353e-39 1.42042e-05 3.56896e-42 
33.7 0.221264 2.7646e-37 -0.0153205 8.96433e-38 0.00161692 7.48337e-38 0 0 -0.000195287 2.63682e-39 6.72772e-06 3.57197e-42 
33.8 0.221264 2.7646e-37 -0.0153391 8.9951e-38 0.00161672 7.48331e-38 0 0 -0.000181578 2.64206e-39 -5.17805e-06 3.58057e-42 
33.9 0.221264 2.7646e-37 -0.0153564 9.02597e-38 0.00161885 7.48322e-38 0 0 -0.00016575 2.64768e-39 -1.79355e-05 3.59241e-42 
34 0.221264 2.7646e-37 -0.0153726 9.04597e-38 0.00162042 7.48317e-38 0 0 -0.000158986 2.64888e-39 -2.06424e-05 3.5987e-42 
34.1 0.221264 2.7646e-37 -0.0153879 9.07096e-38 0.0016225 7.4831e-38 0 0 -0.00015199 2.64795e-39 -1.85293e-05 3.60212e-42 
34.2 0.221264 2.7646e-37 -0.0154019 9.11094e-38 0.00162547 7.48298e-38 0 0 -0.000135937 2.64864e-39 -2.01128e-05 3.60777e-42 
34.3 0.221264 2.7646e-37 -0.0154138 9.13093e-38 0.0016269 7.48293e-38 0 0 -0.000116415 2.64889e-39 -2.06623e-05 3.61275e-42 
34.4 0.221264 2.7646e-37 -0.0154234 9.15093e-38 0.00162878 7.48287e-38 0 0 -9.28265e-05 2.65044e-39 -2.41956e-05 3.62064e-42 
34.5 0.221264 2.7646e-37 -0.0154304 9.19099e-38 0.00163348 7.48274e-38 0 0 -6.64003e-05 2.65362e-39 -3.14119e-05 3.63277e-42 
34.6 0.221264 2.7646e-37 -0.0154346 9.21106e-38 0.00163674 7.48267e-38 0 0 -4.01735e-05 2.65746e-39 -4.01203e-05 3.64795e-42 
34.7 0.221264 2.7646e-37 -0.0154366 9.23114e-38 0.00164048 7.4826e-38 0 0 -1.60506e-05 2.66101e-39 -4.81937e-05 3.66443e-42 
34.8 0.221264 2.7646e-37 -0.0154367 9.27138e-38 0.00164938 7.48243e-38 0 0 8.09541e-06 2.66501e-39 -5.72764e-05 3.68323e-42 
34.9 0.221264 2.7646e-37 -0.0154348 9.29152e-38 0.00165429 7.48235e-38 0 0 3.0936e-05 2.66921e-39 -6.67964e-05 3.70433e-42 
35 0.221264 2.7646e-37 -0.0154304 9.31172e-38 0.00166039 7.48225e-38 0 0 5.54014e-05 2.67445e-39 -7.86894e-05 3.7298e-42 
35.1 0.221264 2.7646e-37 -0.0154251 9.34567e-38 0.00166879 7.48211e-38 0 0 5.31551e-05 2.66714e-39 -6.21e-05 3.7334e-42 
35.2 0.221264 2.7646e-37 -0.0154197 9.36432e-38 0.00167178 7.48204e-38 0 0 5.18219e-05 2.65647e-39 -3.78785e-05 3.72722e-42 
35.3 0.221264 2.7646e-37 -0.0154125 9.39229e-38 0.00167636 7.48194e-38 0 0 8.09677e-05 2.65881e-39 -4.31918e-05 3.74096e-42 
35.4 0.221264 2.7646e-37 -0.0154024 9.42065e-38 0.00168124 7.48183e-38 0 0 0.000106337 2.66017e-39 -4.62751e-05 3.75357e-42 
35.5 0.221264 2.7646e-37 -0.0153904 9.4456e-38 0.00168578 7.48174e-38 0 0 0.000128629 2.66141e-39 -4.90998e-05 3.76663e-42 
35.6 0.221264 2.7646e-37 -0.0153763 9.47266e-38 0.00169093 7.48163e-38 0 0 0.000145397 2.66226e-39 -5.10177e-05 3.77956e-42 
35.7 0.221264 2.7646e-37 -0.0153611 9.50512e-38 0.00169719 7.48151e-38 0 0 0.000155874 2.66231e-39 -5.11418e-05 3.79131e-42 
35.8 0.221264 2.7646e-37 -0.0153452 9.52676e-38 0.00170124 7.48142e-38 0 0 0.00016214 2.66153e-39 -4.93681e-05 3.80145e-42 
35.9 0.221264 2.7646e-37 -0.0153288 9.54925e-38 0.0017052 7.48134e-38 0 0 0.000163995 2.65967e-39 -4.51351e-05 3.80908e-42 
36 0.221264 2.7646e-37 -0.0153124 9.58224e-38 0.00171028 7.48122e-38 0 0 0.000163068 2.65681e-39 -3.86456e-05 3.81374e-42 
36.1 0.221264 2.7646e-37 -0.0152963 9.6092e-38 0.00171353 7.48113e-38 0 0 0.000161268 2.65322e-39 -3.05033e-05 3.81544e-42 
36.2 0.221264 2.7646e-37 -0.0152802 9.63612e-38 0.00171592 7.48105e-38 0 0 0.000159495 2.64933e-39 -2.16762e-05 3.81468e-42 
36.3 0.221264 2.7646e-37 -0.0152644 9.67642e-38 0.00171765 7.48094e-38 0 0 0.000158015 2.6454e-39 -1.27402e-05 3.81177e-42 
36.4 0.221264 2.7646e-37 -0.0152487 9.70324e-38 0.00171758 7.48088e-38 0 0 0.000154937 2.64105e-39 -2.87991e-06 3.80603e-42 
36.5 0.221264 2.7646e-37 -0.0152334 9.71538e-38 0.00171746 7.48085e-38 0 0 0.000152047 2.63792e-39 4.23326e-06 3.80047e-42 
36.6 0.221264 2.7646e-37 -0.0152185 9.73878e-38 0.00171655 7.4808e-38 0 0 0.000146912 2.63506e-39 1.07269e-05 3.79361e-42 
36.7 0.221264 2.7646e-37 -0.0152047 9.77384e-38 0.00171423 7.48074e-38 0 0 0.000137304 2.6326e-39 1.63102e-05 3.78589e-42 
36.8 0.221264 2.7646e-37 -0.015192 9.7972e-38 0.00171256 7.4807e-38 0 0 0.00012609 2.63058e-39 2.08889e-05 3.7778e-42 
36.9 0.221264 2.7646e-37 -0.0151804 9.81466e-38 0.00171054 7.48068e-38 0 0 0.000113294 2.62881e-39 2.49201e-05 3.76935e-42 
37 0.221264 2.7646e-37 -0.0151705 9.86701e-38 0.00170453 7.48061e-38 0 0 9.94307e-05 2.62733e-39 2.82836e-05 3.76048e-42 
37.1 0.221264 2.7646e-37 -0.0151622 9.86701e-38 0.00170453 7.48061e-38 0 0 8.44771e-05 2.62605e-39 3.11883e-05 3.75125e-42 
37.2 0.221264 2.7646e-37 -0.0151556 9.90191e-38 0.00170036 7.48057e-38 0 0 6.9766e-05 2.62489e-39 3.38091e-05 3.74193e-42 
37.3 0.221264 2.7646e-37 -0.0151504 9.93677e-38 0.00169527 7.48054e-38 0 0 5.5013e-05 2.62387e-39 3.61202e-05 3.73293e-42 
37.4 0.221264 2.7646e-37 -0.0151463 1.00065e-37 0.00168435 7.48047e-38 0 0 4.02631e-05 2.62298e-39 3.81615e-05 3.72406e-42 
37.5 0.221264 2.7646e-37 -0.0151434 1.00065e-37 0.00168435 7.48047e-38 0 0 2.57721e-05 2.62227e-39 3.97718e-05 3.71465e-42 
37.6 0.221264 2.7646e-37 -0.0151417 1.00065e-37 0.00168435 7.48047e-38 0 0 1.14934e-05 2.62171e-39 4.10284e-05 3.7048e-42 
37.7 0.221264 2.7646e-37 -0.0151413 1.00692e-37 0.00167454 7.48042e-38 0 0 -2.27525e-06 2.62139e-39 4.17552e-05 3.69515e-42 
37.8 0.221264 2.7646e-37 -0.0151422 1.00692e-37 0.00167454 7.48042e-38 0 0 -1.53995e-05 2.62134e-39 4.18728e-05 3.68597e-42 
37.9 0.221264 2.7646e-37 -0.0151444 1.01005e-37 0.00166962 7.48039e-38 0 0 -2.80236e-05 2.62151e-39 4.14993e-05 3.67701e-42 
38 0.221264 2.7646e-37 -0.0151478 1.01318e-37 0.00166495 7.48036e-38 0 0 -4.01993e-05 2.62181e-39 4.08136e-05 3.66834e-42 
38.1 0.221264 2.7646e-37 -0.0151524 1.01318e-37 0.00166495 7.48036e-38 0 0 -5.15681e-05 2.6227e-39 3.87921e-05 3.66103e-42 
38.2 0.221264 2.7646e-37 -0.0151581 1.01631e-37 0.00166049 7.48033e-38 0 0 -6.31155e-05 2.62344e-39 3.71003e-05 3.65377e-42 
38.3 0.221264 2.7646e-37 -0.0151649 1.01944e-37 0.00165619 7.4803e-38 0 0 -7.36382e-05 2.62458e-39 3.4511e-05 3.64771e-42 
38.4 0.221264 2.7646e-37 -0.0151727 1.02258e-37 0.00165288 7.48026e-38 0 0 -8.25782e-05 2.62632e-39 3.05767e-05 3.64334e-42 
38.5 0.221264 2.7646e-37 -0.0151814 1.02571e-37 0.00164948 7.48022e-38 0 0 -9.21146e-05 2.62735e-39 2.82349e-05 3.63841e-42 
38.6 0.221264 2.7646e-37 -0.0151909 1.02885e-37 0.00164716 7.48017e-38 0 0 -9.87432e-05 2.62973e-39 2.28361e-05 3.63674e-42 
38.7 0.221264 2.7646e-37 -0.0152001 1.02885e-37 0.00164716 7.48017e-38 0 0 -9.30323e-05 2.63831e-39 3.34393e-06 3.64885e-42 
38.8 0.221264 2.7646e-37 -0.0152129 1.03158e-37 0.00164396 7.48014e-38 0 0 -0.000143054 2.61923e-39 4.66626e-05 3.60946e-42 
38.9 0.221264 2.7646e-37 -0.0152273 1.03388e-37 0.00163989 7.48013e-38 0 0 -0.000133552 2.62172e-39 4.10145e-05 3.60246e-42 
39 0.221264 2.7646e-37 -0.0152395 1.03665e-37 0.0016369 7.48009e-38 0 0 -0.000118615 2.62894e-39 2.46144e-05 3.60777e-42 
39.1 0.221264 2.7646e-37 -0.0152507 1.0393e-37 0.0016356 7.48005e-38 0 0 -0.000109778 2.63515e-39 1.05257e-05 3.61456e-42 
39.2 0.221264 2.7646e-37 -0.0152614 1.04192e-37 0.00163546 7.47999e-38 0 0 -0.000104956 2.64111e-39 -3.00779e-06 3.6236e-42 
39.3 0.221264 2.7646e-37 -0.0152719 1.04495e-37 0.00163676 7.47991e-38 0 0 -0.000104721 2.64615e-39 -1.44463e-05 3.63391e-42 
39.4 0.221264 2.7646e-37 -0.0152825 1.04753e-37 0.00163883 7.47984e-38 0 0 -0.000107427 2.64969e-39 -2.24784e-05 3.64413e-42 
39.5 0.221264 2.7646e-37 -0.0152934 1.05024e-37 0.00164151 7.47975e-38 0 0 -0.000110962 2.65165e-39 -2.69481e-05 3.65312e-42 
39.6 0.221264 2.7646e-37 -0.0153046 1.05242e-37 0.00164384 7.47969e-38 0 0 -0.000111616 2.65246e-39 -2.87716e-05 3.66078e-42 
39.7 0.221264 2.7646e-37 -0.0153157 1.05623e-37 0.00164792 7.47956e-38 0 0 -0.000109355 2.65234e-39 -2.85083e-05 3.6671e-42 
39.8 0.221264 2.7646e-37 -0.0153263 1.05772e-37 0.00164947 7.47952e-38 0 0 -0.000103035 2.6517e-39 -2.70535e-05 3.67233e-42 
39.9 0.221264 2.7646e-37 -0.0153361 1.0607e-37 0.00165238 7.47943e-38 0 0 -9.32668e-05 2.65097e-39 -2.53837e-05 3.67705e-42 
40 0.221264 2.7646e-37 -0.0153448 1.06368e-37 0.00165514 7.47933e-38 0 0 -8.17934e-05 2.65042e-39 -2.41533e-05 3.68179e-42 
40.1 0.221264 2.7646e-37 -0.0153523 1.06636e-37 0.00165757 7.47925e-38 0 0 -6.95844e-05 2.65025e-39 -2.37646e-05 3.68698e-42 
40.2 0.221264 2.7646e-37 -0.0153587 1.06904e-37 0.00165996 7.47917e-38 0 0 -5.79013e-05 2.65048e-39 -2.42898e-05 3.69286e-42 
40.3 0.221264 2.7646e-37 -0.015364 1.07172e-37 0.00166257 7.47909e-38 0 0 -4.74511e-05 2.65108e-39 -2.56539e-05 3.69957e-42 
40.4 0.221264 2.7646e-37 -0.0153683 1.07346e-37 0.00166443 7.47903e-38 0 0 -3.84582e-05 2.65198e-39 -2.76977e-05 3.70714e-42 
40.5 0.221264 2.7646e-37 -0.0153718 1.07695e-37 0.00166827 7.47892e-38 0 0 -3.11194e-05 2.65299e-39 -2.99793e-05 3.71536e-42 
40.6 0.221264 2.7646e-37 -0.0153746 1.08044e-37 0.0016725 7.4788e-38 0 0 -2.45907e-05 2.65391e-39 -3.20682e-05 3.72395e-42 
40.7 0.221264 2.7646e-37 -0.0153765 1.08147e-37 0.0016738 7.47877e-38 0 0 -1.80267e-05 2.65445e-39 -3.3285e-05 3.73235e-42 
40.8 0.221264 2.7646e-37 -0.0153779 1.08428e-37 0.00167736 7.47867e-38 0 0 -1.07448e-05 2.65467e-39 -3.37917e-05 3.74038e-42 
40.9 0.221264 2.7646e-37 -0.0153785 1.08763e-37 0.00168158 7.47856e-38 0 0 -2.90937e-06 2.65441e-39 -3.32033e-05 3.74756e-42 
41 0.221264 2.7646e-37 -0.0153783 1.09265e-37 0.00168739 7.47839e-38 0 0 5.56151e-06 2.65374e-39 -3.16778e-05 3.7538e-42 
41.1 0.221264 2.7646e-37 -0.0153773 1.09265e-37 0.00168739 7.47839e-38 0 0 1.45674e-05 2.65273e-39 -2.94008e-05 3.75898e-42 
41.2 0.221264 2.7646e-37 -0.0153748 1.096e-37 0.0016905 7.47829e-38 0 0 2.34442e-05 2.65131e-39 -2.61672e-05 3.76237e-42 
41.3 0.221264 2.7646e-37 -0.0153715 1.09934e-37 0.00169359 7.47818e-38 0 0 3.16358e-05 2.6498e-39 -2.27357e-05 3.76488e-42 
41.4 0.221264 2.7646e-37 -0.0153676 1.10268e-37 0.0016956 7.47809e-38 0 0 3.89188e-05 2.64829e-39 -1.93053e-05 3.76667e-42 
41.5 0.221264 2.7646e-37 -0.0153631 1.10268e-37 0.0016956 7.47809e-38 0 0 4.50633e-05 2.64684e-39 -1.60084e-05 3.76779e-42 
41.6 0.221264 2.7646e-37 -0.0153579 1.10568e-37 0.00169645 7.47801e-38 0 0 5.04279e-05 2.64551e-39 -1.2989e-05 3.76837e-42 
41.7 0.221264 2.7646e-37 -0.0153524 1.10869e-37 0.00169788 7.47793e-38 0 0 5.46428e-05 2.64417e-39 -9.96291e-06 3.76829e-42 
41.8 0.221264 2.7646e-37 -0.0153465 1.11469e-37 0.00169817 7.47779e-38 0 0 5.74573e-05 2.64294e-39 -7.16598e-06 3.76727e-42 
41.9 0.221264 2.7646e-37 -0.0153403 1.11469e-37 0.00169817 7.47779e-38 0 0 5.97702e-05 2.64175e-39 -4.4674e-06 3.76592e-42 
42 0.221264 2.7646e-37 -0.0153342 1.12069e-37 0.00169883 7.47765e-38 0 0 6.13508e-05 2.64063e-39 -1.91625e-06 3.76432e-42 
42.1 0.221264 2.7646e-37 -0.0153279 1.12069e-37 0.00169883 7.47765e-38 0 0 6.1961e-05 2.63959e-39 4.39519e-07 3.76241e-42 
42.2 0.221264 2.7646e-37 -0.0153217 1.12668e-37 0.00169707 7.47753e-38 0 0 6.23251e-05 2.63857e-39 2.77176e-06 3.7604e-42 
42.3 0.221264 2.7646e-37 -0.0153157 1.12668e-37 0.00169707 7.47753e-38 0 0 6.13782e-05 2.6376e-39 4.97865e-06 3.7579e-42 
42.4 0.221264 2.7646e-37 -0.0153097 1.12668e-37 0.00169707 7.47753e-38 0 0 6.04313e-05 2.63662e-39 7.18554e-06 3.7554e-42 
42.5 0.221264 2.7646e-37 -0.0153039 1.13865e-37 0.00169052 7.47732e-38 0 0 5.8799e-05 2.63574e-39 9.19697e-06 3.75239e-42 
42.6 0.221264 2.7646e-37 -0.0152985 1.13865e-37 0.00169052 7.47732e-38 0 0 5.66165e-05 2.63492e-39 1.10515e-05 3.74896e-42 
42.7 0.221264 2.7646e-37 -0.0152932 1.13865e-37 0.00169052 7.47732e-38 0 0 5.3944e-05 2.63417e-39 1.27662e-05 3.74517e-42 
42.8 0.221264 2.7646e-37 -0.0152882 1.13865e-37 0.00169052 7.47732e-38 0 0 5.07817e-05 2.63347e-39 1.43413e-05 3.74101e-42 
42.9 0.221264 2.7646e-37 -0.0152835 1.14869e-37 0.00168382 7.47715e-38 0 0 4.71109e-05 2.63284e-39 1.57837e-05 3.7366e-42 
43 0.221264 2.7646e-37 -0.0152794 1.14869e-37 0.00168382 7.47715e-38 0 0 4.28998e-05 2.63226e-39 1.71056e-05 3.73211e-42 
43.1 0.221264 2.7646e-37 -0.0152756 1.14869e-37 0.00168382 7.47715e-38 0 0 3.81767e-05 2.63173e-39 1.82963e-05 3.7274e-42 
43.2 0.221264 2.7646e-37 -0.0152722 1.14869e-37 0.00168382 7.47715e-38 0 0 3.29415e-05 2.63127e-39 1.93557e-05 3.72245e-42 
43.3 0.221264 2.7646e-37 -0.0152694 1.15773e-37 0.00167712 7.47701e-38 0 0 2.73658e-05 2.63091e-39 2.01629e-05 3.71754e-42 
43.4 0.221264 2.7646e-37 -0.0152671 1.15773e-37 0.00167712 7.47701e-38 0 0 2.15475e-05 2.6307e-39 2.06486e-05 3.71286e-42 
43.5 0.221264 2.7646e-37 -0.0152654 1.15773e-37 0.00167712 7.47701e-38 0 0 1.53675e-05 2.63059e-39 2.08971e-05 3.70818e-42 
43.6 0.221264 2.7646e-37 -0.0152643 1.16676e-37 0.00166951 7.47688e-38 0 0 8.84064e-06 2.63058e-39 2.09125e-05 3.70355e-42 
43.7 0.221264 2.7646e-37 -0.0152639 1.16676e-37 0.00166951 7.47688e-38 0 0 2.15021e-06 2.63065e-39 2.0747e-05 3.69925e-42 
43.8 0.221264 2.7646e-37 -0.0152642 1.16676e-37 0.00166951 7.47688e-38 0 0 -4.80967e-06 2.63082e-39 2.03707e-05 3.69512e-42 
43.9 0.221264 2.7646e-37 -0.0152651 1.16676e-37 0.00166951 7.47688e-38 0 0 -1.2039e-05 2.63108e-39 1.97833e-05 3.69115e-42 
44 0.221264 2.7646e-37 -0.0152675 1.17184e-37 0.00166703 7.47679e-38 0 0 -1.92315e-05 2.63156e-39 1.86992e-05 3.68792e-42 
44.1 0.221264 2.7646e-37 -0.0152703 1.17184e-37 0.00166703 7.47679e-38 0 0 -2.631e-05 2.63211e-39 1.74292e-05 3.68502e-42 
44.2 0.221264 2.7646e-37 -0.0152741 1.17692e-37 0.00166378 7.47671e-38 0 0 -3.33688e-05 2.63268e-39 1.61511e-05 3.68254e-42 
44.3 0.221264 2.7646e-37 -0.0152783 1.17692e-37 0.00166378 7.47671e-38 0 0 -4.04201e-05 2.63324e-39 1.487e-05 3.68023e-42 
44.4 0.221264 2.7646e-37 -0.0152833 1.1815e-37 0.00166235 7.47662e-38 0 0 -4.64396e-05 2.63399e-39 1.31789e-05 3.67871e-42 
44.5 0.221264 2.7646e-37 -0.0152885 1.18608e-37 0.00166024 7.47654e-38 0 0 -5.21914e-05 2.63477e-39 1.13929e-05 3.67745e-42 
44.6 0.221264 2.7646e-37 -0.0152946 1.18608e-37 0.00166024 7.47654e-38 0 0 -5.78709e-05 2.63549e-39 9.75746e-06 3.67681e-42 
44.7 0.221264 2.7646e-37 -0.015301 1.19066e-37 0.00165941 7.47645e-38 0 0 -6.32289e-05 2.63624e-39 8.05643e-06 3.67644e-42 
44.8 0.221264 2.7646e-37 -0.0153079 1.19066e-37 0.00165941 7.47645e-38 0 0 -6.79143e-05 2.63705e-39 6.21828e-06 3.67662e-42 
44.9 0.221264 2.7646e-37 -0.0153152 1.19524e-37 0.00165903 7.47635e-38 0 0 -7.18566e-05 2.63784e-39 4.42646e-06 3.67723e-42 
45 0.221264 2.7646e-37 -0.0153226 1.19524e-37 0.00165903 7.47635e-38 0 0 -7.52752e-05 2.63862e-39 2.66729e-06 3.67815e-42 
45.1 0.221264 2.7646e-37 -0.0153305 1.19983e-37 0.00165933 7.47625e-38 0 0 -7.77814e-05 2.63937e-39 9.58884e-07 3.6795e-42 
45.2 0.221264 2.7646e-37 -0.0153385 1.20442e-37 0.00165989 7.47614e-38 0 0 -8.00485e-05 2.64012e-39 -7.42171e-07 3.68099e-42 
45.3 0.221264 2.7646e-37 -0.0153467 1.20442e-37 0.00165989 7.47614e-38 0 0 -8.17051e-05 2.64087e-39 -2.45588e-06 3.68311e-42 
45.4 0.221264 2.7646e-37 -0.0153549 1.20901e-37 0.00166134 7.47602e-38 0 0 -8.30876e-05 2.64161e-39 -4.12271e-06 3.68527e-42 
45.5 0.221264 2.7646e-37 -0.0153632 1.20901e-37 0.00166134 7.47602e-38 0 0 -8.35412e-05 2.64227e-39 -5.63073e-06 3.68759e-42 
45.6 0.221264 2.7646e-37 -0.0153715 1.2136e-37 0.00166272 7.47591e-38 0 0 -8.32945e-05 2.64296e-39 -7.18746e-06 3.69024e-42 
45.7 0.221264 2.7646e-37 -0.0153798 1.2136e-37 0.00166272 7.47591e-38 0 0 -8.23403e-05 2.64371e-39 -8.89982e-06 3.69335e-42 
45.8 0.221264 2.7646e-37 -0.0153878 1.21819e-37 0.0016645 7.47579e-38 0 0 -8.05045e-05 2.64438e-39 -1.04306e-05 3.69666e-42 
45.9 0.221264 2.7646e-37 -0.0153957 1.22075e-37 0.00166561 7.47572e-38 0 0 -7.8048e-05 2.64492e-39 -1.16486e-05 3.70003e-42 
46 0.221264 2.7646e-37 -0.0154034 1.22332e-37 0.00166676 7.47565e-38 0 0 -7.60607e-05 2.64513e-39 -1.21233e-05 3.70304e-42 
46.1 0.221264 2.7646e-37 -0.0154105 1.22589e-37 0.00166884 7.47557e-38 0 0 -6.8508e-05 2.64749e-39 -1.74915e-05 3.7105e-42 
46.2 0.221264 2.7646e-37 -0.0154172 1.22846e-37 0.00167065 7.4755e-38 0 0 -6.48027e-05 2.64827e-39 -1.92562e-05 3.71598e-42 
46.3 0.221264 2.7646e-37 -0.0154236 1.23102e-37 0.00167139 7.47543e-38 0 0 -6.43961e-05 2.64679e-39 -1.5897e-05 3.71712e-42 
46.4 0.221264 2.7646e-37 -0.0154299 1.23359e-37 0.00167218 7.47537e-38 0 0 -6.22111e-05 2.6444e-39 -1.04696e-05 3.71546e-42 
46.5 0.221264 2.7646e-37 -0.0154352 1.23616e-37 0.00167443 7.47529e-38 0 0 -5.31503e-05 2.6464e-39 -1.50102e-05 3.7222e-42 
46.6 0.221264 2.7646e-37 -0.0154403 1.23872e-37 0.00167478 7.47522e-38 0 0 -5.05886e-05 2.64452e-39 -1.07458e-05 3.72149e-42 
46.7 0.221264 2.7646e-37 -0.0154449 1.24128e-37 0.00167531 7.47516e-38 0 0 -4.57699e-05 2.64265e-39 -6.49328e-06 3.71978e-42 
46.8 0.221264 2.7646e-37 -0.0154484 1.24384e-37 0.00167636 7.47509e-38 0 0 -3.52812e-05 2.64466e-39 -1.10522e-05 3.72561e-42 
46.9 0.221264 2.7646e-37 -0.0154513 1.24641e-37 0.00167841 7.47502e-38 0 0 -2.87196e-05 2.64484e-39 -1.14671e-05 3.72851e-42 
47 0.221264 2.7646e-37 -0.0154539 1.24898e-37 0.00167854 7.47496e-38 0 0 -2.54206e-05 2.64269e-39 -6.58719e-06 3.72637e-42 
47.1 0.221264 2.7646e-37 -0.0154554 1.25154e-37 0.00167876 7.4749e-38 0 0 -1.53474e-05 2.64422e-39 -1.00489e-05 3.73116e-42 
47.2 0.221264 2.7646e-37 -0.0154562 1.25411e-37 0.00168101 7.47482e-38 0 0 -8.33311e-06 2.6443e-39 -1.02508e-05 3.73364e-42 
47.3 0.221264 2.7646e-37 -0.0154565 1.25667e-37 0.00168106 7.47476e-38 0 0 -2.59707e-06 2.64401e-39 -9.58514e-06 3.73529e-42 
47.4 0.221264 2.7646e-37 -0.0154565 1.25923e-37 0.00168127 7.4747e-38 0 0 -1.65972e-08 2.64118e-39 -3.15082e-06 3.73129e-42 
47.5 0.221264 2.7646e-37 -0.0154558 1.26179e-37 0.00168115 7.47464e-38 0 0 7.10751e-06 2.63999e-39 -4.48898e-07 3.72937e-42 
