0 3.71102 5.22925e-13 5147.7 0 0 0 37.7322 0 0 2.14491e-07 -7.49281e-21 2.44335e-06 1.69744e-13 -59.982 -1.09393e-12 4.8121 4.82017 -1.50414e-13 5152.01 4.82017 -3.09509e-13 5152.01 
0.1 3.38889 3.10176e-06 5428.7 0 0 0 37.7322 0 0 2.30102e-07 -4.33425e-15 2.40738e-06 -7.37306e-07 -16.6887 6.87663e-06 4.84331 5.12072 2.90117e-06 5432.13 5.12072 2.90117e-06 5432.13 
0.2 12.4452 1.20243e-06 5473.1 0 0 0 37.7322 0 0 2.29758e-07 -1.47579e-16 2.2379e-06 -3.65922e-07 23.8222 2.75727e-06 4.91328 14.9269 1.18635e-06 5477.73 14.9269 1.18635e-06 5477.73 
0.3 21.2219 8.68503e-07 5535.63 0 0 0 37.7322 0 0 2.21775e-07 6.92523e-17 2.08691e-06 -2.60135e-07 62.5479 2.14676e-06 4.96832 24.755 8.96675e-07 5541.42 24.755 8.96674e-07 5541.42 
0.4 25.0754 2.56326e-07 5586.29 0 0 0 37.7322 0 0 2.38495e-07 1.81246e-17 2.21685e-06 -1.25063e-07 64.528 7.23245e-07 4.97807 28.6547 2.99503e-07 5590.7 28.6547 2.99503e-07 5590.7 
0.5 30.7997 3.7739e-07 5612.71 0 0 0 37.7322 0 0 2.44406e-07 5.23942e-18 2.14585e-06 -1.18938e-07 69.8174 8.40813e-07 4.99512 33.6564 3.93682e-07 5614.29 33.6564 3.93681e-07 5614.29 
0.6 33.9892 3.59171e-07 5622.86 0 0 0 37.7322 0 0 2.47384e-07 5.09789e-18 2.13362e-06 -1.0997e-07 35.8504 8.04088e-07 4.99523 35.9992 3.76377e-07 5622.15 35.9992 3.76377e-07 5622.15 
0.7 34.4512 4.74101e-08 5600.47 0 0 0 37.7322 0 0 2.54598e-07 -3.80758e-17 2.30534e-06 -2.95978e-08 -19.4911 4.51561e-08 4.96125 35.5419 5.71651e-08 5598.77 35.5419 5.71652e-08 5598.77 
0.8 35.2456 4.5631e-08 5567.86 0 0 0 37.7322 0 0 2.52497e-07 -3.06121e-17 2.19084e-06 -1.04718e-08 -50.1593 -1.05929e-08 4.93902 35.7221 4.64283e-08 5566.98 35.7221 4.64284e-08 5566.98 
0.9 35.2252 1.39769e-07 5525.2 0 0 0 37.7322 0 0 2.54548e-07 -5.88824e-18 2.20143e-06 -2.63394e-08 -84.9244 2.02587e-07 4.91697 35.5142 1.40565e-07 5526.61 35.5142 1.40564e-07 5526.61 
1 35.0924 1.1101e-07 5495.56 0 0 0 37.7322 0 0 2.5467e-07 -6.4602e-18 2.20915e-06 -1.98929e-08 -95.6389 1.30026e-07 4.9037 35.5491 1.09322e-07 5499.87 35.5491 1.09322e-07 5499.87 
1.1 35.4758 -0.00385093 5479.09 0 0 0 37.7322 0 0 2.57215e-07 -1.81855e-17 2.22172e-06 0.000863842 -108.356 -0.00923061 4.90426 37.1421 -0.0041135 5486.53 37.1421 -0.0041135 5486.53 
1.2 36.0585 -6.05478e-07 5478.01 0 0 0 37.7322 0 0 2.57083e-07 -1.97789e-15 2.20633e-06 5.26529e-07 -76.5839 4.64397e-06 4.91837 38.2544 7.52967e-08 5487.45 38.2544 7.52963e-08 5487.45 
1.3 36.2231 -1.69741e-05 5490.1 0 0 0 37.7322 0 0 2.87486e-07 -2.20699e-16 2.35459e-06 -2.61418e-07 -43.9999 4.47104e-05 4.93368 38.9007 -1.85593e-05 5501.83 38.9007 -1.85593e-05 5501.83 
1.4 35.3297 8.83225e-06 5505.68 0 0 0 37.7322 0 0 2.57062e-07 -2.99637e-17 2.16192e-06 -4.03312e-07 -15.5764 -2.00803e-05 4.94903 38.4021 9.10807e-06 5518.82 38.4021 9.10807e-06 5518.82 
1.5 34.1253 -6.31539e-06 5528.12 0 0 0 37.7322 0 0 2.56618e-07 -5.14509e-21 2.19647e-06 1.66292e-07 16.6316 1.34653e-05 4.96704 37.2467 -6.06622e-06 5541.21 37.2467 -6.06622e-06 5541.21 
1.6 33.0141 1.12875e-06 5547.9 0 0 0 37.7322 0 0 2.55331e-07 -1.15075e-17 2.14576e-06 -3.48276e-08 42.8826 -2.04682e-06 4.98673 35.9738 8.30287e-07 5559.95 35.9738 8.30287e-07 5559.95 
1.7 30.9757 3.17336e-07 5557.93 0 0 0 37.7322 0 0 2.56299e-07 -1.01496e-17 2.13084e-06 -8.66528e-08 58.3063 -7.65803e-07 4.99443 33.5769 4.74188e-07 5568.28 33.5769 4.74188e-07 5568.28 
1.8 29.3176 -1.12104e-06 5555.99 0 0 0 37.7322 0 0 2.54845e-07 -9.74707e-18 2.13965e-06 1.09162e-07 68.2191 1.43526e-06 4.98564 31.4886 -1.16087e-06 5564.11 31.4886 -1.16087e-06 5564.11 
1.9 28.2407 8.19768e-07 5545.62 0 0 0 37.7322 0 0 2.49718e-07 -1.00727e-17 2.25704e-06 -9.57214e-08 70.8392 -1.01684e-06 4.96166 30.0864 7.88247e-07 5551.3 30.0864 7.88247e-07 5551.3 
2 25.9605 0.0159776 5531.18 0 0 0 37.7322 0 0 2.52112e-07 -3.89166e-18 2.29415e-06 -0.00341004 50.9756 0.0444629 4.93959 27.9614 0.0141013 5534.64 27.9614 0.0141013 5534.64 
2.1 23.5018 -2.14475e-05 5530.18 0 0 0 37.7322 0 0 2.5576e-07 6.77759e-15 2.23439e-06 5.1848e-06 11.1464 -4.72489e-05 4.94047 25.4568 -1.45813e-05 5532.27 25.4568 -1.45813e-05 5532.27 
2.2 21.2722 -8.77279e-06 5528.74 0 0 0 37.7322 0 0 2.59537e-07 2.80675e-16 2.18248e-06 5.41659e-07 -29.6709 1.31225e-05 4.95595 23.2377 -9.75462e-06 5531.21 23.2377 -9.75462e-06 5531.21 
2.3 19.9105 1.90754e-06 5526.04 0 0 0 37.7322 0 0 2.60921e-07 2.26178e-17 2.15166e-06 1.20573e-07 -53.6042 -1.31203e-05 4.96293 21.9216 1.88788e-06 5530.07 21.9216 1.88788e-06 5530.07 
2.4 19.3278 -9.31903e-06 5520.76 0 0 0 37.7322 0 0 2.6146e-07 -9.73296e-17 2.11569e-06 5.87929e-07 -56.4574 1.25664e-05 4.96199 21.4161 -9.27352e-06 5526.78 21.4161 -9.27353e-06 5526.78 
2.5 19.126 2.27762e-06 5515.48 0 0 0 37.7322 0 0 2.61227e-07 -5.34909e-17 2.09897e-06 -3.42269e-08 -41.7337 -6.01008e-06 4.95658 21.3329 2.19749e-06 5523.25 21.3329 2.19749e-06 5523.25 
2.6 19.0655 -1.81126e-07 5513.25 0 0 0 37.7322 0 0 2.52293e-07 -2.1415e-17 2.36172e-06 4.77151e-08 -12.6925 1.02505e-06 4.94903 21.4299 -1.04875e-07 5521.89 21.4299 -1.04874e-07 5521.89 
2.7 18.5927 -1.5641e-06 5517.84 0 0 0 37.7322 0 0 2.55195e-07 -1.46218e-17 2.25268e-06 8.6332e-08 11.3372 -5.1213e-07 4.95422 21.0899 -1.59288e-06 5526.46 21.0899 -1.59288e-06 5526.46 
2.8 17.1895 -7.57105e-07 5526.94 0 0 0 37.7322 0 0 2.54613e-07 -8.14096e-18 2.24428e-06 2.30831e-08 17.2792 -1.24961e-06 4.9679 19.7258 -7.22924e-07 5535.11 19.7258 -7.22923e-07 5535.11 
2.9 15.6518 9.93682e-07 5535.55 0 0 0 37.7322 0 0 2.5534e-07 -1.03801e-18 2.37278e-06 -9.59739e-08 25.2896 9.26272e-07 4.97548 18.1258 1.0367e-06 5543.08 18.1258 1.0367e-06 5543.08 
3 14.1945 0.0165189 5537.99 0 0 0 37.7322 0 0 2.54398e-07 2.27052e-18 2.24221e-06 -0.00471989 23.7689 0.0477214 4.96979 16.534 0.0170375 5544.98 16.534 0.0170375 5544.98 
3.1 13.674 -6.48842e-06 5536.41 0 0 0 37.7322 0 0 2.52722e-07 2.70922e-15 2.30858e-06 -1.20135e-06 31.5138 -4.90323e-06 4.96249 15.8896 -3.14824e-06 5542.11 15.8896 -3.14824e-06 5542.11 
3.2 12.4067 -2.0207e-06 5534.61 0 0 0 37.7322 0 0 2.53681e-07 -1.52094e-16 2.25325e-06 3.39273e-07 24.1571 -1.02244e-06 4.96275 14.5108 -1.6959e-06 5539.46 14.5108 -1.6959e-06 5539.46 
3.3 11.2814 -1.37019e-06 5532.42 0 0 0 37.7322 0 0 2.51585e-07 -4.83219e-17 2.30039e-06 4.90575e-07 12.7385 -4.10335e-06 4.96069 13.3185 -1.37343e-06 5536.72 13.3185 -1.37343e-06 5536.72 
3.4 10.5984 -1.19594e-06 5528 0 0 0 37.7322 0 0 2.5294e-07 -7.30471e-17 2.25349e-06 2.58657e-07 4.50794 -1.93504e-06 4.95643 12.6241 -1.1747e-06 5531.99 12.6241 -1.1747e-06 5531.99 
3.5 10.2015 -6.40582e-07 5525.74 0 0 0 37.7322 0 0 2.52743e-07 -2.40457e-17 2.26355e-06 1.58998e-07 -0.856878 -1.069e-06 4.95446 12.262 -6.49584e-07 5529.59 12.262 -6.49584e-07 5529.59 
3.6 10.0322 -2.78508e-07 5522.21 0 0 0 37.7322 0 0 2.52927e-07 7.83971e-18 2.26286e-06 -1.03169e-09 -5.36649 6.67839e-08 4.95238 12.1541 -2.76572e-07 5526.09 12.1541 -2.76572e-07 5526.09 
3.7 9.98363 -2.84201e-07 5523.58 0 0 0 37.7322 0 0 2.52877e-07 -3.79653e-17 2.26095e-06 6.33734e-08 -7.70815 -4.66811e-07 4.95316 12.1737 -2.84723e-07 5527.59 12.1737 -2.84722e-07 5527.59 
3.8 9.86912 -4.37436e-08 5526.05 0 0 0 37.7322 0 0 2.53454e-07 -3.23585e-17 2.23385e-06 2.23213e-08 -10.6003 -9.06725e-08 4.95635 12.1124 -5.22092e-08 5530.32 12.1124 -5.22093e-08 5530.32 
3.9 9.85476 -1.60791e-07 5527.26 0 0 0 37.7322 0 0 2.53516e-07 2.05498e-17 2.23521e-06 -5.43727e-09 -10.2475 7.12972e-08 4.95803 12.1257 -1.56383e-07 5531.89 12.1257 -1.56384e-07 5531.89 
4 9.86085 0.0182586 5529.3 0 0 0 37.7322 0 0 2.52259e-07 2.23912e-18 2.2522e-06 -0.00545956 -6.26818 0.0537239 4.95804 12.0687 0.0194392 5534.3 12.0687 0.0194392 5534.3 
4.1 10.14 -8.20782e-06 5529.82 0 0 0 37.7322 0 0 2.52222e-07 3.56906e-15 2.25853e-06 -2.97504e-07 -0.223963 -8.93238e-06 4.95863 12.3369 -4.25884e-06 5534.76 12.3369 -4.25884e-06 5534.76 
4.2 10.1075 -1.86452e-06 5529.9 0 0 0 37.7322 0 0 2.51432e-07 -2.43463e-17 2.26105e-06 2.16732e-07 4.57627 -1.88489e-06 4.95786 12.288 -1.4205e-06 5534.79 12.288 -1.4205e-06 5534.79 
4.3 10.2129 -2.64608e-06 5529.64 0 0 0 37.7322 0 0 2.50787e-07 1.83594e-17 2.27345e-06 9.95055e-07 10.0053 -5.76026e-06 4.95591 12.3781 -2.61563e-06 5534.28 12.3781 -2.61563e-06 5534.28 
4.4 10.2732 -8.65495e-07 5529.75 0 0 0 37.7322 0 0 2.50465e-07 -6.40568e-17 2.28035e-06 2.13651e-07 12.6162 -1.62104e-06 4.95489 12.433 -8.49552e-07 5533.98 12.433 -8.49552e-07 5533.98 
4.5 10.3211 -7.02516e-07 5529.63 0 0 0 37.7322 0 0 2.50432e-07 -2.37376e-17 2.2772e-06 1.70535e-07 11.9912 -1.14944e-06 4.95404 12.4765 -7.0822e-07 5533.42 12.4765 -7.0822e-07 5533.42 
4.6 10.5153 -4.60247e-07 5529.82 0 0 0 37.7322 0 0 2.50462e-07 -2.69021e-17 2.2784e-06 1.47929e-07 9.88781 -1.06116e-06 4.9531 12.6706 -4.82089e-07 5533.23 12.6706 -4.82089e-07 5533.23 
4.7 10.8222 -1.72452e-07 5529.37 0 0 0 37.7322 0 0 2.50586e-07 -9.10278e-18 2.27765e-06 9.83074e-08 6.18794 -5.99056e-07 4.9521 12.9825 -2.04078e-07 5532.47 12.9825 -2.04078e-07 5532.47 
4.8 11.2625 -5.57281e-08 5528.93 0 0 0 37.7322 0 0 2.50745e-07 -3.60284e-18 2.2779e-06 8.29154e-08 1.81329 -5.21389e-07 4.95116 13.4327 -9.13658e-08 5531.83 13.4327 -9.13659e-08 5531.83 
4.9 11.821 4.02558e-08 5528.55 0 0 0 37.7322 0 0 2.50931e-07 -6.51925e-18 2.27735e-06 7.34589e-08 -2.3482 -4.56203e-07 4.95041 14.0067 -4.80613e-11 5531.38 14.0067 -4.84032e-11 5531.38 
5 12.4785 1.2866e-07 5528.49 0 0 0 37.7322 0 0 2.51112e-07 -2.47533e-18 2.27643e-06 5.57719e-08 -4.68801 -3.45072e-07 4.94994 14.6836 8.96318e-08 5531.34 14.6836 8.96315e-08 5531.34 
5.1 13.108 0.0175558 5528.41 0 0 0 37.7322 0 0 2.50883e-07 -2.36335e-18 2.2764e-06 -0.00490947 -3.00931 0.0488623 4.94974 15.3087 0.0176621 5531.32 15.3087 0.0176621 5531.32 
5.2 14.0492 -6.81498e-06 5528.42 0 0 0 37.7322 0 0 2.51034e-07 3.03445e-15 2.27775e-06 -9.26876e-07 -5.1552 -7.30681e-06 4.94923 16.248 -3.18704e-06 5531.46 16.248 -3.18704e-06 5531.46 
5.3 14.7832 -1.1344e-06 5528.4 0 0 0 37.7322 0 0 2.50484e-07 -2.37708e-17 2.27388e-06 2.80451e-07 -4.96747 -1.72963e-06 4.94871 17.0065 -7.82289e-07 5531.55 17.0065 -7.82289e-07 5531.55 
5.4 15.559 -1.37528e-06 5528.6 0 0 0 37.7322 0 0 2.51223e-07 -1.52355e-17 2.27802e-06 5.95947e-07 -3.97072 -4.32817e-06 4.94885 17.8018 -1.44157e-06 5531.85 17.8018 -1.44157e-06 5531.85 
5.5 16.3396 -5.8215e-07 5528.83 0 0 0 37.7322 0 0 2.51343e-07 -7.4751e-17 2.27923e-06 2.48164e-07 -2.27738 -2.05083e-06 4.94895 18.6012 -6.19334e-07 5532.15 18.6012 -6.19334e-07 5532.15 
5.6 17.0653 -3.56049e-07 5529.7 0 0 0 37.7322 0 0 2.51461e-07 -2.64988e-17 2.27914e-06 2.00667e-07 -2.33002 -1.46571e-06 4.94882 19.3413 -4.07294e-07 5533.05 19.3413 -4.07294e-07 5533.05 
5.7 17.7764 -7.43593e-08 5529.52 0 0 0 37.7322 0 0 2.51553e-07 -1.62793e-17 2.27947e-06 1.3107e-07 0.0251751 -1.07944e-06 4.94879 20.0625 -1.23811e-07 5532.87 20.0625 -1.23811e-07 5532.87 
5.8 18.4615 4.15685e-10 5529.73 0 0 0 37.7322 0 0 2.51716e-07 -1.34162e-17 2.2796e-06 1.09369e-07 0.74714 -8.57501e-07 4.94867 20.7537 -5.051e-08 5533.05 20.7537 -5.051e-08 5533.05 
5.9 19.1179 9.68071e-08 5530.2 0 0 0 37.7322 0 0 2.51935e-07 -6.67437e-18 2.27825e-06 9.27365e-08 0.146794 -7.34568e-07 4.94843 21.4135 4.33884e-08 5533.5 21.4135 4.33885e-08 5533.5 
6 19.7482 1.75528e-07 5530.57 0 0 0 37.7322 0 0 2.52218e-07 -3.97672e-18 2.27667e-06 7.78883e-08 -1.00746 -6.13543e-07 4.94818 22.0459 1.21001e-07 5533.86 22.0459 1.21e-07 5533.86 
6.1 20.1792 0.0159955 5529.48 0 0 0 37.7322 0 0 2.52184e-07 -5.04446e-18 2.27685e-06 -0.00417458 -0.36721 0.0443713 4.94806 22.4859 0.015953 5532.75 22.4859 0.015953 5532.75 
6.2 20.9505 -3.35183e-06 5529.69 0 0 0 37.7322 0 0 2.52445e-07 3.69742e-15 2.27539e-06 1.47053e-06 -1.85479 -1.85602e-05 4.94771 23.228 -6.69101e-06 5533.05 23.228 -6.69101e-06 5533.05 
6.3 21.4702 3.01823e-07 5529.6 0 0 0 37.7322 0 0 2.52721e-07 7.41268e-17 2.27407e-06 -1.19184e-07 -3.54877 -8.04928e-07 4.94732 23.7535 6.79908e-07 5533.05 23.7535 6.79907e-07 5533.05 
6.4 21.9759 -2.00366e-06 5529.52 0 0 0 37.7322 0 0 2.52977e-07 -1.81308e-16 2.27218e-06 6.59992e-07 -4.62959 -4.55663e-06 4.94738 24.2654 -2.16617e-06 5533.09 24.2654 -2.16617e-06 5533.09 
6.5 22.4405 -9.66247e-07 5529.5 0 0 0 37.7322 0 0 2.53209e-07 7.5305e-17 2.27031e-06 5.27864e-07 -5.22391 -4.00112e-06 4.94765 24.7374 -1.06699e-06 5533.24 24.7374 -1.06699e-06 5533.24 
6.6 22.8338 -3.69677e-07 5529.22 0 0 0 37.7322 0 0 2.53393e-07 -9.48178e-17 2.2688e-06 3.3303e-07 -5.15916 -2.30663e-06 4.94793 25.1365 -5.86428e-07 5533.14 25.1365 -5.86428e-07 5533.14 
6.7 23.1664 6.91724e-08 5529.86 0 0 0 37.7322 0 0 2.53568e-07 -7.51866e-17 2.26735e-06 -5.17131e-08 -5.2724 5.05373e-07 4.94834 25.4721 1.89915e-07 5533.96 25.4721 1.89915e-07 5533.96 
6.8 23.4196 2.05624e-08 5529.74 0 0 0 37.7322 0 0 2.53598e-07 3.36348e-17 2.26654e-06 2.99547e-09 -4.53357 -3.50592e-07 4.94872 25.7254 2.17403e-08 5534.01 25.7254 2.17398e-08 5534.01 
6.9 23.5976 1.14541e-07 5530.92 0 0 0 37.7322 0 0 2.53795e-07 -8.63374e-17 2.26497e-06 -1.15595e-07 -3.84345 7.33723e-07 4.94919 25.9001 2.26902e-07 5535.35 25.9001 2.26903e-07 5535.35 
7 23.6837 -1.53068e-07 5530.28 0 0 0 37.7322 0 0 2.53877e-07 -4.96342e-17 2.26416e-06 1.14044e-08 -2.85488 -1.7837e-07 4.94952 25.9803 -1.41481e-07 5534.85 25.9803 -1.41481e-07 5534.85 
7.1 23.6972 -1.24938e-07 5530.44 0 0 0 37.7322 0 0 2.53917e-07 -1.44487e-17 2.2634e-06 -2.31954e-08 -1.93731 1.6166e-07 4.9498 25.9858 -9.49319e-08 5535.11 25.9858 -9.49323e-08 5535.11 
7.2 23.6401 -1.11157e-07 5530.79 0 0 0 37.7322 0 0 2.53966e-07 5.97499e-20 2.26261e-06 -4.0321e-08 -0.998567 3.075e-07 4.95009 25.9194 -7.65269e-08 5535.55 25.9194 -7.65271e-08 5535.55 
7.3 23.5047 -1.18645e-07 5530.14 0 0 0 37.7322 0 0 2.53951e-07 -1.00762e-18 2.26313e-06 -5.46015e-08 -0.85231 4.4451e-07 4.95032 25.7742 -7.86955e-08 5534.96 25.7742 -7.86956e-08 5534.96 
7.4 23.3444 -1.26647e-07 5531.85 0 0 0 37.7322 0 0 2.54205e-07 -2.41735e-19 2.25584e-06 -5.94355e-08 1.27447 4.79159e-07 4.9507 25.6032 -8.30173e-08 5536.73 25.6032 -8.30172e-08 5536.73 
7.5 23.0885 -1.33033e-07 5530.48 0 0 0 37.7322 0 0 2.54153e-07 -3.65769e-19 2.25674e-06 -6.49545e-08 0.140654 5.14095e-07 4.95087 25.3376 -8.74246e-08 5535.41 25.3376 -8.7425e-08 5535.41 
7.6 22.8201 -1.49901e-07 5531 0 0 0 37.7322 0 0 2.54078e-07 7.64877e-19 2.25696e-06 -6.99992e-08 1.6163 5.70022e-07 4.95123 25.0588 -9.97572e-08 5536 25.0588 -9.97569e-08 5536 
7.7 22.4761 -1.60269e-07 5529.85 0 0 0 37.7322 0 0 2.53961e-07 4.29165e-19 2.26048e-06 -7.76178e-08 -0.351045 6.30111e-07 4.95142 24.7053 -1.05574e-07 5534.91 24.7053 -1.05575e-07 5534.91 
7.8 22.1092 -1.64849e-07 5529.5 0 0 0 37.7322 0 0 2.54163e-07 9.80701e-19 2.25355e-06 -8.5714e-08 -1.08036 6.93965e-07 4.9517 24.3284 -1.05574e-07 5534.63 24.3284 -1.05573e-07 5534.63 
7.9 21.7314 -1.76718e-07 5529.7 0 0 0 37.7322 0 0 2.54107e-07 7.55043e-19 2.25198e-06 -9.28462e-08 1.29512 7.46555e-07 4.95214 23.9399 -1.12331e-07 5534.9 23.9399 -1.12332e-07 5534.9 
8 21.3074 -1.94652e-07 5529.39 0 0 0 37.7322 0 0 2.53798e-07 9.57781e-19 2.25685e-06 -9.9593e-08 1.88537 7.96744e-07 4.95245 23.5056 -1.25165e-07 5534.67 23.5056 -1.25165e-07 5534.67 
8.1 20.8553 -2.15257e-07 5529.06 0 0 0 37.7322 0 0 2.53334e-07 1.80926e-19 2.26402e-06 -1.04694e-07 2.62457 8.4165e-07 4.95277 23.0429 -1.41399e-07 5534.4 23.0429 -1.41399e-07 5534.4 
8.2 20.3575 -2.31325e-07 5529.17 0 0 0 37.7322 0 0 2.54164e-07 7.35503e-19 2.24552e-06 -1.08066e-07 -0.620865 8.71922e-07 4.95292 22.5352 -1.54435e-07 5534.55 22.5352 -1.54436e-07 5534.55 
8.3 19.8616 -2.46445e-07 5529.11 0 0 0 37.7322 0 0 2.53511e-07 7.80085e-19 2.25688e-06 -1.08988e-07 0.0902272 8.84165e-07 4.9532 22.0285 -1.67763e-07 5534.52 22.0285 -1.67763e-07 5534.52 
8.4 19.3734 -2.64143e-07 5528 0 0 0 37.7322 0 0 2.53355e-07 -3.06421e-19 2.25459e-06 -1.07297e-07 5.08303 8.71912e-07 4.95354 21.5291 -1.85569e-07 5533.42 21.5291 -1.8557e-07 5533.42 
8.5 18.8599 -2.7674e-07 5527.61 0 0 0 37.7322 0 0 2.53355e-07 -8.30182e-19 2.24915e-06 -1.03021e-07 5.89302 8.41047e-07 4.95372 21.0054 -1.99925e-07 5533.02 21.0054 -1.99926e-07 5533.02 
8.6 18.3411 -2.82265e-07 5527.78 0 0 0 37.7322 0 0 2.53068e-07 -3.95536e-19 2.2549e-06 -9.57834e-08 4.92117 7.96554e-07 4.95383 20.4773 -2.08797e-07 5533.16 20.4773 -2.08797e-07 5533.16 
8.7 17.8327 -2.80188e-07 5528.05 0 0 0 37.7322 0 0 2.52975e-07 -9.52919e-19 2.25377e-06 -8.83734e-08 4.09136 7.45536e-07 4.95392 19.9602 -2.11071e-07 5533.39 19.9602 -2.11071e-07 5533.39 
8.8 17.3424 -2.74671e-07 5528.46 0 0 0 37.7322 0 0 2.52865e-07 -9.5024e-19 2.25368e-06 -7.93299e-08 3.1263 6.79859e-07 4.95397 19.4623 -2.11071e-07 5533.74 19.4623 -2.1107e-07 5533.74 
8.9 16.8938 -2.62397e-07 5525.52 0 0 0 37.7322 0 0 2.52631e-07 -1.88918e-18 2.25463e-06 -6.9809e-08 7.65529 6.0809e-07 4.954 19.0068 -2.05702e-07 5530.72 19.0068 -2.05702e-07 5530.72 
9 16.4595 -2.4666e-07 5526.68 0 0 0 37.7322 0 0 2.52468e-07 -2.39826e-18 2.25662e-06 -5.9543e-08 5.43461 5.33036e-07 4.95399 18.5678 -1.96852e-07 5531.8 18.5678 -1.96852e-07 5531.8 
9.1 16.0636 -2.27094e-07 5527.88 0 0 0 37.7322 0 0 2.52455e-07 -2.70424e-18 2.25382e-06 -4.94315e-08 3.51604 4.57701e-07 4.95396 18.1687 -1.84435e-07 5532.93 18.1687 -1.84435e-07 5532.93 
9.2 15.7168 -2.04628e-07 5526.13 0 0 0 37.7322 0 0 2.52303e-07 -3.01981e-18 2.25588e-06 -3.937e-08 4.99909 3.79378e-07 4.95387 17.82 -1.69471e-07 5531.08 17.82 -1.69471e-07 5531.08 
9.3 15.416 -1.80875e-07 5527.46 0 0 0 37.7322 0 0 2.52071e-07 -3.13811e-18 2.25932e-06 -2.94548e-08 3.43621 3.02273e-07 4.95382 17.5192 -1.53018e-07 5532.33 17.5192 -1.53018e-07 5532.33 
9.4 15.1609 -1.55377e-07 5525.82 0 0 0 37.7322 0 0 2.52031e-07 -3.32409e-18 2.25724e-06 -1.98824e-08 4.23464 2.26887e-07 4.95367 17.2655 -1.34995e-07 5530.6 17.2655 -1.34995e-07 5530.6 
9.5 14.9637 -1.28273e-07 5527.18 0 0 0 37.7322 0 0 2.52014e-07 -3.2874e-18 2.25644e-06 -1.05608e-08 3.10669 1.53097e-07 4.95359 17.0711 -1.15118e-07 5531.87 17.0711 -1.15118e-07 5531.87 
9.6 14.8186 -9.98445e-08 5528.49 0 0 0 37.7322 0 0 2.51732e-07 -3.69998e-18 2.26153e-06 -1.60808e-09 2.36087 8.00407e-08 4.95349 16.9299 -9.39663e-08 5533.08 16.9299 -9.39661e-08 5533.08 
9.7 14.7187 -6.99946e-08 5527.1 0 0 0 37.7322 0 0 2.51535e-07 -4.28339e-18 2.26452e-06 7.21791e-09 2.55393 8.36348e-09 4.95328 16.8352 -7.15533e-08 5531.61 16.8352 -7.15533e-08 5531.61 
9.8 14.6797 -4.03406e-08 5528.3 0 0 0 37.7322 0 0 2.51726e-07 -4.65252e-18 2.25986e-06 1.60877e-08 2.24256 -6.34998e-08 4.95317 16.8023 -4.91025e-08 5532.71 16.8023 -4.91031e-08 5532.71 
9.9 14.6804 -9.69865e-09 5527.24 0 0 0 37.7322 0 0 2.51608e-07 -4.65295e-18 2.26046e-06 2.46718e-08 1.71737 -1.33303e-07 4.95291 16.8098 -2.57461e-08 5531.56 16.8098 -2.57468e-08 5531.56 
10 14.7447 2.04342e-08 5528.26 0 0 0 37.7322 0 0 2.51345e-07 -5.04577e-18 2.26744e-06 3.28207e-08 1.80804 -2.00798e-07 4.95276 16.8811 -2.4347e-09 5532.49 16.8811 -2.43484e-09 5532.49 
10.1 14.84 5.02605e-08 5527.59 0 0 0 37.7322 0 0 2.51465e-07 -5.33719e-18 2.26538e-06 4.05719e-08 0.534471 -2.64248e-07 4.95246 16.9844 2.06871e-08 5531.74 16.9844 2.06872e-08 5531.74 
10.2 14.9985 7.85156e-08 5528.38 0 0 0 37.7322 0 0 2.51772e-07 -5.49126e-18 2.25792e-06 4.75156e-08 0.976962 -3.22592e-07 4.95231 17.1508 4.29327e-08 5532.45 17.1508 4.29331e-08 5532.45 
10.3 15.1788 1.04895e-07 5528.13 0 0 0 37.7322 0 0 2.51491e-07 -5.81791e-18 2.26607e-06 5.36535e-08 -0.937775 -3.75375e-07 4.952 17.3399 6.38521e-08 5532.12 17.3399 6.38519e-08 5532.12 
10.4 15.418 1.28695e-07 5528.66 0 0 0 37.7322 0 0 2.51618e-07 -5.72123e-18 2.26429e-06 5.87129e-08 -0.167448 -4.21024e-07 4.95184 17.5873 8.3211e-08 5532.6 17.5873 8.3211e-08 5532.6 
10.5 15.6896 1.49809e-07 5528.99 0 0 0 37.7322 0 0 2.51531e-07 -6.16245e-18 2.26691e-06 6.25886e-08 0.841589 -4.57666e-07 4.95169 17.867 1.00725e-07 5532.87 17.867 1.00725e-07 5532.87 
10.6 15.9689 1.69397e-07 5529.08 0 0 0 37.7322 0 0 2.51685e-07 -6.22365e-18 2.26596e-06 6.5076e-08 -1.79773 -4.85001e-07 4.95139 18.1549 1.17671e-07 5532.93 18.1549 1.17671e-07 5532.93 
10.7 16.2707 1.861e-07 5529.71 0 0 0 37.7322 0 0 2.51793e-07 -6.41358e-18 2.2663e-06 6.62045e-08 -4.80989 -5.01718e-07 4.95112 18.4651 1.3278e-07 5533.53 18.4651 1.3278e-07 5533.53 
10.8 16.6134 2.00391e-07 5529.67 0 0 0 37.7322 0 0 2.51814e-07 -6.37993e-18 2.26707e-06 6.58295e-08 -3.10874 -5.08125e-07 4.95102 18.8149 1.46478e-07 5533.47 18.8149 1.46478e-07 5533.47 
10.9 16.9668 2.1159e-07 5529.42 0 0 0 37.7322 0 0 2.51902e-07 -6.27451e-18 2.26631e-06 6.41795e-08 -1.31389 -5.03421e-07 4.95093 19.1749 1.57922e-07 5533.22 19.1749 1.57922e-07 5533.22 
11 17.3164 2.20595e-07 5529.54 0 0 0 37.7322 0 0 2.5198e-07 -6.14156e-18 2.26677e-06 6.14513e-08 -1.50741 -4.91747e-07 4.95079 19.5307 1.68066e-07 5533.35 19.5307 1.68066e-07 5533.35 
11.1 17.6644 2.25885e-07 5529.61 0 0 0 37.7322 0 0 2.52084e-07 -6.15924e-18 2.26649e-06 5.79265e-08 -1.66335 -4.72546e-07 4.95068 19.8841 1.75176e-07 5533.43 19.8841 1.75176e-07 5533.43 
11.2 18.0095 2.28171e-07 5529.49 0 0 0 37.7322 0 0 2.52175e-07 -5.82417e-18 2.26638e-06 5.36311e-08 -1.25852 -4.46699e-07 4.95059 20.2337 1.7988e-07 5533.33 20.2337 1.7988e-07 5533.33 
11.3 18.3303 2.2581e-07 5531.39 0 0 0 37.7322 0 0 2.52393e-07 -5.84977e-18 2.2654e-06 4.92072e-08 -5.26526 -4.18117e-07 4.95047 20.5585 1.80649e-07 5535.27 20.5585 1.8065e-07 5535.27 
11.4 18.6504 2.20901e-07 5531.27 0 0 0 37.7322 0 0 2.52498e-07 -5.69948e-18 2.26487e-06 4.41559e-08 -4.65003 -3.85737e-07 4.95042 20.8813 1.79131e-07 5535.19 20.8813 1.79131e-07 5535.19 
11.5 18.9518 2.13116e-07 5531.09 0 0 0 37.7322 0 0 2.52497e-07 -5.54631e-18 2.26661e-06 3.89259e-08 -4.03818 -3.51114e-07 4.9504 21.1845 1.75105e-07 5535.05 21.1845 1.75105e-07 5535.05 
11.6 19.2304 2.02797e-07 5530.87 0 0 0 37.7322 0 0 2.52709e-07 -5.43466e-18 2.26315e-06 3.34519e-08 -3.47226 -3.14847e-07 4.95038 21.4641 1.68841e-07 5534.88 21.4641 1.68841e-07 5534.88 
11.7 19.4841 1.90553e-07 5530.62 0 0 0 37.7322 0 0 2.52675e-07 -4.99681e-18 2.26614e-06 2.7884e-08 -2.94641 -2.77031e-07 4.9504 21.718 1.60883e-07 5534.67 21.718 1.60883e-07 5534.67 
11.8 19.7103 1.76782e-07 5530.35 0 0 0 37.7322 0 0 2.52875e-07 -5.03954e-18 2.26276e-06 2.21731e-08 -2.4894 -2.37648e-07 4.95041 21.9436 1.5161e-07 5534.46 21.9436 1.5161e-07 5534.46 
11.9 19.9076 1.62224e-07 5530.07 0 0 0 37.7322 0 0 2.52635e-07 -5.06835e-18 2.27127e-06 1.63262e-08 -2.08879 -1.96993e-07 4.95045 22.1399 1.41648e-07 5534.23 22.1399 1.41648e-07 5534.23 
12 20.0738 1.47013e-07 5529.79 0 0 0 37.7322 0 0 2.53191e-07 -4.83352e-18 2.25881e-06 1.04188e-08 -1.78167 -1.55519e-07 4.95049 22.3044 1.31154e-07 5534.01 22.3044 1.31154e-07 5534.01 
12.1 20.2097 1.31435e-07 5529.52 0 0 0 37.7322 0 0 2.52752e-07 -4.7758e-18 2.26784e-06 4.45601e-09 -1.52866 -1.13195e-07 4.95056 22.4383 1.20304e-07 5533.79 22.4383 1.20304e-07 5533.79 
12.2 20.3162 1.1438e-07 5530.84 0 0 0 37.7322 0 0 2.53013e-07 -4.47427e-18 2.26459e-06 -1.29007e-09 -2.09614 -7.14017e-08 4.9507 22.5423 1.081e-07 5535.17 22.5423 1.081e-07 5535.17 
12.3 20.3883 9.6764e-08 5530.35 0 0 0 37.7322 0 0 2.53243e-07 -4.14319e-18 2.25862e-06 -6.79101e-09 -1.64362 -3.04819e-08 4.95077 22.6115 9.50464e-08 5534.74 22.6115 9.50468e-08 5534.74 
12.4 20.4282 7.85833e-08 5529.9 0 0 0 37.7322 0 0 2.53113e-07 -3.99827e-18 2.26361e-06 -1.18617e-08 -1.35429 7.84075e-09 4.95088 22.6484 8.12065e-08 5534.35 22.6484 8.12065e-08 5534.35 
12.5 20.4436 5.83214e-08 5530.66 0 0 0 37.7322 0 0 2.54776e-07 -3.92333e-18 2.2256e-06 -1.6356e-08 -0.795942 4.23051e-08 4.95107 22.6604 6.52104e-08 5535.15 22.6604 6.52111e-08 5535.15 
12.6 20.4311 3.83228e-08 5530.77 0 0 0 37.7322 0 0 2.53165e-07 -3.71119e-18 2.26208e-06 -2.04376e-08 0.0294293 7.40669e-08 4.95123 22.6445 4.90941e-08 5535.32 22.6445 4.90933e-08 5535.32 
12.7 20.3777 1.93573e-08 5529.49 0 0 0 37.7322 0 0 2.53165e-07 -3.71119e-18 2.26208e-06 -2.38625e-08 -0.831677 1.03179e-07 4.95123 22.588 3.35399e-08 5534.07 22.588 3.35394e-08 5534.07 
12.8 20.31 -1.69763e-09 5529.68 0 0 0 37.7322 0 0 2.53321e-07 -3.33414e-18 2.2591e-06 -2.67079e-08 -0.120456 1.27908e-07 4.95139 22.5167 1.57944e-08 5534.31 22.5167 1.57942e-08 5534.31 
12.9 20.2212 -2.19706e-08 5529.73 0 0 0 37.7322 0 0 2.50598e-07 -3.52212e-18 2.32619e-06 -2.90057e-08 0.759302 1.48922e-07 4.95156 22.4244 -1.64834e-09 5534.4 22.4244 -1.6485e-09 5534.4 
13 20.112 -4.14053e-08 5529.68 0 0 0 37.7322 0 0 2.51912e-07 -3.39076e-18 2.28795e-06 -3.06395e-08 1.77763 1.66394e-07 4.95173 22.3116 -1.85942e-08 5534.38 22.3116 -1.85942e-08 5534.38 
13.1 19.9636 -5.95716e-08 5529.14 0 0 0 37.7322 0 0 2.51912e-07 -3.39076e-18 2.28795e-06 -3.14395e-08 -0.376017 1.80234e-07 4.95173 22.1604 -3.48245e-08 5533.86 22.1604 -3.48246e-08 5533.86 
13.2 19.8168 -7.65269e-08 5529.17 0 0 0 37.7322 0 0 2.5592e-07 -3.53751e-18 2.19553e-06 -3.21447e-08 0.497597 1.92039e-07 4.95189 22.0105 -5.02e-08 5533.92 22.0105 -5.01999e-08 5533.92 
13.3 19.6563 -9.24555e-08 5529.11 0 0 0 37.7322 0 0 2.51276e-07 -3.22762e-18 2.30339e-06 -3.23827e-08 1.45355 2.01062e-07 4.95203 21.8472 -6.4831e-08 5533.87 21.8472 -6.48309e-08 5533.87 
13.4 19.4862 -1.07463e-07 5528.96 0 0 0 37.7322 0 0 2.55224e-07 -3.018e-18 2.20977e-06 -3.21313e-08 2.47522 2.07978e-07 4.95219 21.6734 -7.90119e-08 5533.74 21.6734 -7.9012e-08 5533.74 
13.5 19.303 -1.20915e-07 5528.8 0 0 0 37.7322 0 0 2.52952e-07 -3.25897e-18 2.26161e-06 -3.15213e-08 3.01391 2.12452e-07 4.95228 21.4878 -9.19712e-08 5533.59 21.4878 -9.1971e-08 5533.59 
13.6 19.0931 -1.33418e-07 5529.02 0 0 0 37.7322 0 0 2.52952e-07 -3.25897e-18 2.26161e-06 -3.02719e-08 0.0992754 2.15068e-07 4.95228 21.2762 -1.04247e-07 5533.81 21.2762 -1.04247e-07 5533.81 
13.7 18.9008 -1.45319e-07 5528.92 0 0 0 37.7322 0 0 2.54242e-07 -3.10612e-18 2.23058e-06 -2.88249e-08 0.747945 2.14846e-07 4.95239 21.0818 -1.1631e-07 5533.71 21.0818 -1.1631e-07 5533.71 
13.8 18.7084 -1.55618e-07 5528.79 0 0 0 37.7322 0 0 2.53002e-07 -3.29114e-18 2.25786e-06 -2.7002e-08 1.31184 2.12294e-07 4.95248 20.8861 -1.27117e-07 5533.59 20.8861 -1.27117e-07 5533.59 
13.9 18.5091 -1.63945e-07 5528.78 0 0 0 37.7322 0 0 2.52963e-07 -3.30039e-18 2.25701e-06 -2.49185e-08 1.36343 2.08011e-07 4.95254 20.6855 -1.36248e-07 5533.56 20.6855 -1.36248e-07 5533.56 
14 18.3176 -1.72552e-07 5528.73 0 0 0 37.7322 0 0 2.52852e-07 -3.20709e-18 2.25855e-06 -2.20336e-08 1.67758 1.99352e-07 4.95259 20.4982 -1.46153e-07 5533.46 20.4982 -1.46153e-07 5533.46 
14.1 18.1423 -1.76403e-07 5528.67 0 0 0 37.7322 0 0 2.5282e-07 -3.34497e-18 2.25826e-06 -1.86842e-08 1.82221 1.85099e-07 4.9526 20.3182 -1.51998e-07 5533.4 20.3182 -1.51998e-07 5533.4 
14.2 17.9686 -1.80656e-07 5528.69 0 0 0 37.7322 0 0 2.528e-07 -3.64421e-18 2.25703e-06 -1.37625e-08 1.9678 1.62484e-07 4.95268 20.1428 -1.59124e-07 5533.4 20.1428 -1.59124e-07 5533.4 
14.3 17.8408 -1.8032e-07 5528.71 0 0 0 37.7322 0 0 2.52617e-07 -3.50529e-18 2.26184e-06 -6.91667e-09 2.46031 1.24012e-07 4.95263 20.027 -1.63433e-07 5533.28 20.027 -1.63433e-07 5533.28 
14.4 17.6145 -1.62041e-07 5528.95 0 0 0 37.7322 0 0 2.52657e-07 -3.60006e-18 2.25926e-06 -8.47817e-09 0.476537 1.33563e-07 4.95272 19.7811 -1.45217e-07 5533.66 19.7811 -1.45216e-07 5533.66 
14.5 17.4691 -1.6389e-07 5529.05 0 0 0 37.7322 0 0 2.52609e-07 -3.17812e-18 2.25948e-06 -9.38489e-09 0.18086 1.49758e-07 4.9527 19.6378 -1.46767e-07 5533.72 19.6378 -1.46767e-07 5533.72 
14.6 17.3465 -1.61462e-07 5529.03 0 0 0 37.7322 0 0 2.52548e-07 -3.65575e-18 2.25992e-06 -1.0044e-08 0.183206 1.61992e-07 4.95262 19.515 -1.44458e-07 5533.69 19.515 -1.44459e-07 5533.69 
14.7 17.2212 -1.57752e-07 5528.92 0 0 0 37.7322 0 0 2.52472e-07 -3.32871e-18 2.26046e-06 -9.4413e-09 0.492814 1.63814e-07 4.95254 19.3898 -1.41745e-07 5533.56 19.3898 -1.41744e-07 5533.56 
14.8 17.1135 -1.50121e-07 5528.52 0 0 0 37.7322 0 0 2.52379e-07 -3.57139e-18 2.26113e-06 -7.75176e-09 1.31992 1.55866e-07 4.95248 19.2831 -1.36028e-07 5533.14 19.2831 -1.36028e-07 5533.14 
14.9 17.0168 -1.39714e-07 5528.71 0 0 0 37.7322 0 0 2.52331e-07 -3.46571e-18 2.26139e-06 -5.08253e-09 1.27943 1.39504e-07 4.95246 19.188 -1.28327e-07 5533.29 19.188 -1.28327e-07 5533.29 
15 16.9334 -1.26201e-07 5528.91 0 0 0 37.7322 0 0 2.52286e-07 -3.8358e-18 2.26165e-06 -1.51814e-09 1.25664 1.1567e-07 4.95245 19.1061 -1.18227e-07 5533.46 19.1061 -1.18227e-07 5533.46 
15.1 16.8679 -1.08903e-07 5528.88 0 0 0 37.7322 0 0 2.52239e-07 -3.82963e-18 2.26192e-06 2.36719e-09 1.36575 8.78842e-08 4.95243 19.0414 -1.04787e-07 5533.39 19.0414 -1.04787e-07 5533.39 
15.2 16.8192 -8.89393e-08 5529.07 0 0 0 37.7322 0 0 2.52214e-07 -3.77305e-18 2.26207e-06 6.14641e-09 1.14203 5.84379e-08 4.9524 18.993 -8.86621e-08 5533.53 18.993 -8.86616e-08 5533.53 
15.3 16.7969 -6.29256e-08 5529 0 0 0 37.7322 0 0 2.52187e-07 -3.77533e-18 2.26216e-06 8.58512e-09 1.12317 3.49157e-08 4.95231 18.9703 -6.63058e-08 5533.41 18.9703 -6.63062e-08 5533.41 
15.4 16.7912 -4.17248e-08 5529.28 0 0 0 37.7322 0 0 2.52173e-07 -4.09981e-18 2.26238e-06 1.10661e-08 0.92428 1.21207e-08 4.95224 18.9644 -4.82103e-08 5533.66 18.9644 -4.82106e-08 5533.66 
15.5 16.7987 -1.70923e-08 5528.96 0 0 0 37.7322 0 0 2.52149e-07 -4.29728e-18 2.26277e-06 1.25353e-08 0.44573 -5.17753e-09 4.95208 18.9718 -2.63201e-08 5533.31 18.9718 -2.632e-08 5533.31 
15.6 16.828 6.87217e-09 5529 0 0 0 37.7322 0 0 2.52143e-07 -4.327e-18 2.26292e-06 1.3105e-08 0.2692 -1.85916e-08 4.95197 19.0014 -4.52825e-09 5533.32 19.0014 -4.52857e-09 5533.32 
15.7 16.8741 2.98143e-08 5529.02 0 0 0 37.7322 0 0 2.52134e-07 -4.47444e-18 2.26317e-06 1.30691e-08 0.124495 -2.86462e-08 4.95187 19.0482 1.67069e-08 5533.32 19.0482 1.67066e-08 5533.32 
15.8 16.9295 5.11378e-08 5528.69 0 0 0 37.7322 0 0 2.5213e-07 -4.59017e-18 2.26345e-06 1.28585e-08 -0.637625 -3.67421e-08 4.95173 19.1051 3.66744e-08 5532.98 19.1051 3.66745e-08 5532.98 
15.9 17.0104 7.07891e-08 5528.99 0 0 0 37.7322 0 0 2.52132e-07 -4.53003e-18 2.26354e-06 1.21587e-08 -0.160365 -4.43159e-08 4.95169 19.1875 5.52745e-08 5533.26 19.1875 5.52748e-08 5533.26 
16 17.097 8.88581e-08 5528.99 0 0 0 37.7322 0 0 2.52138e-07 -4.48974e-18 2.26368e-06 1.15459e-08 -0.296631 -5.16406e-08 4.95162 19.2759 7.2425e-08 5533.25 19.2759 7.2425e-08 5533.25 
16.1 17.1893 1.04626e-07 5528.85 0 0 0 37.7322 0 0 2.52154e-07 -4.44841e-18 2.26386e-06 1.12412e-08 -1.11244 -6.05904e-08 4.95154 19.3702 8.73714e-08 5533.11 19.3702 8.7372e-08 5533.11 
16.2 17.2972 1.18527e-07 5528.95 0 0 0 37.7322 0 0 2.52163e-07 -4.65641e-18 2.26413e-06 1.10855e-08 -1.17067 -7.15279e-08 4.9515 19.4798 1.00484e-07 5533.19 19.4798 1.00484e-07 5533.19 
16.3 17.4122 1.30994e-07 5529.05 0 0 0 37.7322 0 0 2.52187e-07 -4.72618e-18 2.26412e-06 1.10803e-08 -1.22831 -8.39588e-08 4.95145 19.5963 1.12189e-07 5533.28 19.5963 1.12189e-07 5533.28 
16.4 17.5388 1.42139e-07 5529.18 0 0 0 37.7322 0 0 2.52204e-07 -4.91132e-18 2.26405e-06 1.1212e-08 -0.420263 -9.75489e-08 4.95142 19.7241 1.22668e-07 5533.41 19.7241 1.22668e-07 5533.41 
16.5 17.6644 1.5122e-07 5529.23 0 0 0 37.7322 0 0 2.52237e-07 -4.89554e-18 2.264e-06 1.15807e-08 -0.539066 -1.12197e-07 4.95136 19.8508 1.31143e-07 5533.44 19.8508 1.31142e-07 5533.44 
16.6 17.7939 1.58429e-07 5529.25 0 0 0 37.7322 0 0 2.52286e-07 -4.86611e-18 2.26356e-06 1.1981e-08 -0.671882 -1.2688e-07 4.95131 19.9814 1.37917e-07 5533.46 19.9814 1.37917e-07 5533.46 
16.7 17.9258 1.63654e-07 5529.28 0 0 0 37.7322 0 0 2.52311e-07 -4.76713e-18 2.26395e-06 1.23179e-08 -0.821312 -1.40731e-07 4.95125 20.1144 1.42924e-07 5533.48 20.1144 1.42924e-07 5533.48 
16.8 18.059 1.66542e-07 5529.3 0 0 0 37.7322 0 0 2.52349e-07 -4.73547e-18 2.26393e-06 1.25104e-08 -0.966987 -1.52904e-07 4.95121 20.2487 1.45888e-07 5533.5 20.2487 1.45888e-07 5533.5 
16.9 18.1915 1.67018e-07 5529.32 0 0 0 37.7322 0 0 2.524e-07 -5.07206e-18 2.26369e-06 1.24969e-08 -1.13376 -1.62753e-07 4.95117 20.3827 1.46747e-07 5533.53 20.3827 1.46747e-07 5533.53 
17 18.3227 1.65045e-07 5529.35 0 0 0 37.7322 0 0 2.52455e-07 -4.98749e-18 2.26357e-06 1.22661e-08 -1.27177 -1.70106e-07 4.95115 20.5153 1.45472e-07 5533.57 20.5153 1.45472e-07 5533.57 
17.1 18.4545 1.60752e-07 5529.26 0 0 0 37.7322 0 0 2.52469e-07 -5.15968e-18 2.26366e-06 1.18555e-08 -0.715339 -1.74733e-07 4.95114 20.6486 1.42173e-07 5533.49 20.6486 1.42172e-07 5533.49 
17.2 18.5759 1.53436e-07 5529.43 0 0 0 37.7322 0 0 2.52537e-07 -4.8458e-18 2.26333e-06 1.12106e-08 -1.34815 -1.76818e-07 4.95114 20.7717 1.36185e-07 5533.68 20.7717 1.36185e-07 5533.68 
17.3 18.6959 1.43827e-07 5529.28 0 0 0 37.7322 0 0 2.52556e-07 -5.04577e-18 2.26349e-06 1.05527e-08 -0.846962 -1.76487e-07 4.95115 20.8932 1.28087e-07 5533.54 20.8932 1.28088e-07 5533.54 
17.4 18.8022 1.31421e-07 5529.99 0 0 0 37.7322 0 0 2.52721e-07 -4.98845e-18 2.26124e-06 9.54524e-09 -2.16727 -1.74075e-07 4.9512 21.0011 1.17474e-07 5534.27 21.0011 1.17475e-07 5534.27 
17.5 18.9056 1.17568e-07 5529.31 0 0 0 37.7322 0 0 2.52721e-07 -4.98845e-18 2.26124e-06 9.05052e-09 -0.878867 -1.69781e-07 4.9512 21.1057 1.05376e-07 5533.6 21.1057 1.05376e-07 5533.6 
17.6 18.995 1.01478e-07 5529.61 0 0 0 37.7322 0 0 2.52722e-07 -4.97795e-18 2.2623e-06 8.19219e-09 -1.21871 -1.64117e-07 4.95125 21.1964 9.12244e-08 5533.92 21.1964 9.12246e-08 5533.92 
17.7 19.0742 8.41362e-08 5529.94 0 0 0 37.7322 0 0 2.52634e-07 -4.75076e-18 2.26496e-06 7.5164e-09 -1.39885 -1.56798e-07 4.9513 21.2766 7.58701e-08 5534.28 21.2766 7.58698e-08 5534.28 
17.8 19.1432 6.59831e-08 5530.3 0 0 0 37.7322 0 0 2.52856e-07 -4.78958e-18 2.25877e-06 6.66718e-09 -1.41417 -1.48062e-07 4.95136 21.3465 5.96737e-08 5534.65 21.3465 5.96742e-08 5534.65 
17.9 19.1972 4.74926e-08 5529.41 0 0 0 37.7322 0 0 2.52856e-07 -4.78958e-18 2.25877e-06 6.34202e-09 -0.736679 -1.38107e-07 4.95136 21.4012 4.30313e-08 5533.78 21.4012 4.30312e-08 5533.78 
18 19.2393 2.80494e-08 5529.73 0 0 0 37.7322 0 0 2.52867e-07 -4.34101e-18 2.25977e-06 5.58926e-09 -0.79442 -1.26284e-07 4.95142 21.4438 2.55485e-08 5534.13 21.4438 2.55488e-08 5534.13 
18.1 19.2701 8.61718e-09 5530.07 0 0 0 37.7322 0 0 2.52994e-07 -4.58287e-18 2.25955e-06 4.91049e-09 -0.704861 -1.12852e-07 4.95149 21.475 8.04221e-09 5534.49 21.475 8.04253e-09 5534.49 
18.2 19.2861 -1.05906e-08 5529.82 0 0 0 37.7322 0 0 2.52894e-07 -4.49533e-18 2.26161e-06 4.29015e-09 -0.540182 -9.82148e-08 4.95153 21.4913 -9.34691e-09 5534.26 21.4913 -9.34677e-09 5534.26 
18.3 19.2885 -2.95348e-08 5529.59 0 0 0 37.7322 0 0 2.52901e-07 -4.26399e-18 2.2607e-06 3.61532e-09 -0.449736 -8.17075e-08 4.95158 21.4939 -2.64931e-08 5534.05 21.4939 -2.64932e-08 5534.05 
18.4 19.2771 -4.76715e-08 5529.33 0 0 0 37.7322 0 0 2.52978e-07 -4.35559e-18 2.25988e-06 2.7921e-09 -0.433526 -6.32541e-08 4.95161 21.4826 -4.28736e-08 5533.81 21.4826 -4.28733e-08 5533.81 
18.5 19.2536 -6.50514e-08 5529.23 0 0 0 37.7322 0 0 2.52952e-07 -4.22481e-18 2.26062e-06 1.8567e-09 -0.431092 -4.34699e-08 4.95167 21.4591 -5.85611e-08 5533.73 21.4591 -5.85615e-08 5533.73 
18.6 19.2193 -8.12655e-08 5529.13 0 0 0 37.7322 0 0 2.5295e-07 -4.11649e-18 2.26052e-06 8.12315e-10 -0.430581 -2.23093e-08 4.95171 21.4246 -7.3151e-08 5533.64 21.4246 -7.31512e-08 5533.64 
18.7 19.1817 -9.59315e-08 5529.86 0 0 0 37.7322 0 0 2.53474e-07 -3.70145e-18 2.24814e-06 -4.41851e-10 0.226522 -3.18455e-10 4.95183 21.3864 -8.62633e-08 5534.39 21.3864 -8.62625e-08 5534.39 
18.8 19.1284 -7.52468e-08 5530.01 0 0 0 37.7322 0 0 2.52864e-07 3.272e-17 2.26232e-06 -1.39659e-08 0.593733 5.16505e-08 4.9519 21.3324 -5.74354e-08 5534.57 21.3324 -5.7435e-08 5534.57 
18.9 19.0513 -7.94625e-08 5529.16 0 0 0 37.7322 0 0 2.52864e-07 3.272e-17 2.26232e-06 4.16067e-09 -0.280087 -1.04551e-07 4.9519 21.2552 -7.7607e-08 5533.72 21.2552 -7.7607e-08 5533.72 
19 18.9801 -1.19989e-06 5529.36 0 0 0 37.7322 0 0 2.53152e-07 2.01852e-16 2.25516e-06 1.36901e-07 0.0603922 -2.53252e-06 4.95196 21.1826 -1.29115e-06 5533.93 21.1826 -1.29115e-06 5533.93 
19.1 18.8996 -3.84591e-07 5529.51 0 0 0 37.7322 0 0 2.5302e-07 6.74129e-16 2.25769e-06 5.05979e-07 0.441457 -7.94032e-07 4.95203 21.1018 -3.33778e-07 5534.09 21.1018 -3.33778e-07 5534.09 
19.2 18.8124 1.9897e-09 5529.61 0 0 0 37.7322 0 0 2.52881e-07 2.9701e-17 2.26042e-06 -1.21408e-07 0.798377 1.19204e-06 4.95208 21.0125 1.42692e-07 5534.21 21.0125 1.42691e-07 5534.21 
19.3 18.7225 -4.75009e-08 5529.67 0 0 0 37.7322 0 0 2.52864e-07 1.43736e-16 2.25999e-06 1.66395e-08 1.28691 8.10964e-07 4.95215 20.9204 2.33194e-08 5534.28 20.9204 2.3319e-08 5534.28 
19.4 18.6215 -2.0176e-08 5529.72 0 0 0 37.7322 0 0 2.52855e-07 -3.49773e-17 2.25939e-06 -5.88137e-08 1.67699 3.47253e-07 4.95213 20.8227 -2.42174e-08 5534.31 20.8227 -2.4217e-08 5534.31 
19.5 18.5028 -5.46985e-08 5529.3 0 0 0 37.7322 0 0 2.52855e-07 -3.49773e-17 2.25939e-06 8.99676e-08 0.247875 -7.35492e-07 4.95213 20.7028 -2.5662e-07 5533.89 20.7028 -2.5662e-07 5533.89 
19.6 18.4166 -6.06053e-07 5529.29 0 0 0 37.7322 0 0 2.52778e-07 1.16753e-16 2.26057e-06 2.68084e-07 0.893036 -1.16087e-06 4.95219 20.6121 -7.33037e-07 5533.9 20.6121 -7.33038e-07 5533.9 
19.7 18.3039 3.99824e-07 5529.26 0 0 0 37.7322 0 0 2.52751e-07 3.46843e-17 2.26055e-06 -1.81108e-07 0.566718 1.69783e-06 4.95222 20.4927 4.41382e-07 5533.9 20.4927 4.41382e-07 5533.9 
19.8 18.1514 2.53365e-07 5529.5 0 0 0 37.7322 0 0 2.52727e-07 -7.4922e-18 2.26066e-06 -1.27175e-07 -0.599877 1.11548e-06 4.9522 20.3465 2.71325e-07 5534.05 20.3465 2.71325e-07 5534.05 
19.9 18.097 -1.19272e-07 5529.25 0 0 0 37.7322 0 0 2.52699e-07 -5.4781e-17 2.26067e-06 -7.43195e-09 0.299893 5.53833e-08 4.95223 20.2898 -1.14268e-07 5533.82 20.2898 -1.14268e-07 5533.82 
20 17.9581 -2.40206e-07 5529.37 0 0 0 37.7322 0 0 2.52663e-07 -2.89121e-17 2.26065e-06 2.80987e-08 -0.756987 -1.74415e-07 4.95226 20.1476 -2.36382e-07 5533.96 20.1476 -2.36382e-07 5533.96 
20.1 17.8936 -1.88994e-07 5529.02 0 0 0 37.7322 0 0 2.52577e-07 1.29304e-17 2.26164e-06 2.79625e-09 0.589229 8.30804e-08 4.95221 20.078 -1.71829e-07 5533.64 20.078 -1.71829e-07 5533.64 
20.2 17.7991 -3.71858e-08 5528.97 0 0 0 37.7322 0 0 2.52532e-07 5.78818e-18 2.26162e-06 -2.96461e-08 0.84629 3.73283e-07 4.95214 19.987 -2.03846e-08 5533.56 19.987 -2.03844e-08 5533.56 
20.3 17.713 7.71214e-09 5528.91 0 0 0 37.7322 0 0 2.52485e-07 -4.38259e-18 2.26182e-06 -3.60654e-08 1.31257 3.85596e-07 4.95214 19.9002 1.92616e-08 5533.48 19.9002 1.92614e-08 5533.48 
20.4 17.637 -3.95554e-08 5528.94 0 0 0 37.7322 0 0 2.52451e-07 -8.54853e-18 2.26186e-06 -2.20986e-08 1.36944 2.08728e-07 4.95216 19.8179 -3.19632e-08 5533.52 19.8179 -3.19629e-08 5533.52 
20.5 17.5552 -6.61928e-08 5529.2 0 0 0 37.7322 0 0 2.52442e-07 -7.87998e-18 2.26163e-06 -4.22555e-09 0.83297 8.28262e-08 4.95221 19.7399 -6.18176e-08 5533.71 19.7399 -6.18179e-08 5533.71 
20.6 17.4957 -2.79214e-08 5529.19 0 0 0 37.7322 0 0 2.52409e-07 -2.54981e-18 2.26189e-06 -4.91202e-09 0.651091 1.18591e-07 4.9522 19.6708 -2.45773e-08 5533.74 19.6708 -2.45769e-08 5533.74 
20.7 17.4191 2.02572e-08 5529.37 0 0 0 37.7322 0 0 2.52391e-07 -7.6827e-19 2.26194e-06 -1.18242e-08 0.160701 1.62765e-07 4.95212 19.6037 2.24832e-08 5533.81 19.6037 2.24835e-08 5533.81 
20.8 17.3767 3.93495e-08 5529.25 0 0 0 37.7322 0 0 2.52373e-07 -2.91767e-18 2.26149e-06 -1.60125e-08 -0.0722201 1.6877e-07 4.95212 19.5539 4.21029e-08 5533.74 19.5539 4.21029e-08 5533.74 
20.9 17.3596 4.86344e-08 5529.23 0 0 0 37.7322 0 0 2.52347e-07 -4.40551e-18 2.26187e-06 -1.09655e-08 0.162743 1.12587e-07 4.95199 19.5367 4.80676e-08 5533.69 19.5367 4.80671e-08 5533.69 
21 17.3012 4.42186e-08 5529.31 0 0 0 37.7322 0 0 2.52323e-07 -4.23876e-18 2.26173e-06 -1.1604e-08 -0.392041 1.14465e-07 4.95191 19.4887 4.46925e-08 5533.69 19.4887 4.46923e-08 5533.69 
21.1 17.4016 5.76756e-08 5528.73 0 0 0 37.7322 0 0 2.52285e-07 -3.92545e-18 2.2628e-06 -6.39607e-09 1.73745 6.86972e-08 4.95186 19.5741 5.37856e-08 5533.2 19.5741 5.37855e-08 5533.2 
21.2 17.371 9.89754e-08 5529.05 0 0 0 37.7322 0 0 2.52286e-07 -4.14391e-18 2.26272e-06 -4.75438e-09 0.795077 3.01192e-08 4.95185 19.5564 9.1347e-08 5533.38 19.5564 9.1347e-08 5533.38 
21.3 17.3452 1.14551e-07 5529.25 0 0 0 37.7322 0 0 2.52269e-07 -4.55009e-18 2.26323e-06 -5.87438e-09 -0.60215 1.86137e-08 4.95184 19.5198 1.06892e-07 5533.67 19.5198 1.06892e-07 5533.67 
21.4 17.3649 1.06891e-07 5529.12 0 0 0 37.7322 0 0 2.52265e-07 -4.21549e-18 2.26268e-06 -9.60914e-09 -0.604964 3.78552e-08 4.95187 19.537 1.02803e-07 5533.58 19.537 1.02804e-07 5533.58 
21.5 17.3776 1.22298e-07 5529.02 0 0 0 37.7322 0 0 2.5226e-07 -4.14231e-18 2.26251e-06 -1.12543e-08 -0.736383 3.28431e-08 4.95172 19.5575 1.18154e-07 5533.44 19.5575 1.18154e-07 5533.44 
21.6 17.477 1.0748e-07 5528.81 0 0 0 37.7322 0 0 2.52223e-07 -4.35781e-18 2.26339e-06 -7.08727e-09 1.21571 1.50575e-09 4.95167 19.6607 1.02115e-07 5533.18 19.6607 1.02115e-07 5533.18 
21.7 17.5175 1.20069e-07 5528.79 0 0 0 37.7322 0 0 2.52218e-07 -4.35362e-18 2.26385e-06 -1.23301e-09 1.00886 -5.70526e-08 4.95161 19.7018 1.1066e-07 5533.14 19.7018 1.10659e-07 5533.14 
21.8 17.5668 1.2865e-07 5529.03 0 0 0 37.7322 0 0 2.52246e-07 -4.85115e-18 2.26358e-06 5.27085e-09 0.740754 -1.17447e-07 4.95167 19.7587 1.15193e-07 5533.31 19.7587 1.15193e-07 5533.31 
21.9 17.6329 1.34516e-07 5529.2 0 0 0 37.7322 0 0 2.52271e-07 -4.99338e-18 2.26343e-06 1.09318e-08 0.777766 -1.67876e-07 4.95168 19.8221 1.18012e-07 5533.47 19.8221 1.18012e-07 5533.47 
22 17.7034 1.38636e-07 5529.34 0 0 0 37.7322 0 0 2.52314e-07 -4.90192e-18 2.26306e-06 1.47352e-08 0.371023 -2.03256e-07 4.95168 19.8935 1.2011e-07 5533.58 19.8935 1.2011e-07 5533.58 
22.1 17.7922 1.43078e-07 5529.37 0 0 0 37.7322 0 0 2.52356e-07 -5.21545e-18 2.26285e-06 1.60968e-08 -0.0587927 -2.22968e-07 4.95164 19.9816 1.24017e-07 5533.6 19.9816 1.24018e-07 5533.6 
22.2 17.8784 1.39669e-07 5529.35 0 0 0 37.7322 0 0 2.52391e-07 -5.07775e-18 2.26276e-06 1.59331e-08 -0.450171 -2.28369e-07 4.95156 20.0671 1.21435e-07 5533.6 20.0671 1.21435e-07 5533.6 
22.3 17.9722 1.34581e-07 5529.28 0 0 0 37.7322 0 0 2.52423e-07 -5.16722e-18 2.26275e-06 1.45785e-08 -0.796563 -2.24596e-07 4.95146 20.1612 1.17965e-07 5533.54 20.1612 1.17965e-07 5533.54 
22.4 18.0679 1.24351e-07 5529.16 0 0 0 37.7322 0 0 2.52447e-07 -5.10674e-18 2.2628e-06 1.29171e-08 -0.812093 -2.15663e-07 4.95139 20.258 1.09829e-07 5533.45 20.258 1.09829e-07 5533.45 
22.5 18.1598 1.10348e-07 5529.14 0 0 0 37.7322 0 0 2.52473e-07 -5.12762e-18 2.26287e-06 1.14631e-08 -1.03747 -2.06026e-07 4.95135 20.3521 9.80183e-08 5533.44 20.3521 9.80181e-08 5533.44 
22.6 18.2501 9.36106e-08 5529.1 0 0 0 37.7322 0 0 2.52491e-07 -4.9985e-18 2.26286e-06 1.07562e-08 -0.77084 -1.98658e-07 4.95136 20.445 8.31793e-08 5533.42 20.445 8.31793e-08 5533.42 
22.7 18.3347 7.5247e-08 5529.09 0 0 0 37.7322 0 0 2.5251e-07 -5.09374e-18 2.26284e-06 1.09282e-08 -0.486974 -1.95138e-07 4.95139 20.5323 6.62886e-08 5533.42 20.5323 6.62887e-08 5533.42 
22.8 18.4132 5.61324e-08 5529.19 0 0 0 37.7322 0 0 2.52534e-07 -4.74711e-18 2.26277e-06 1.18341e-08 -0.365336 -1.94787e-07 4.95145 20.6129 4.82023e-08 5533.53 20.6129 4.82021e-08 5533.53 
22.9 18.4861 3.76828e-08 5529.31 0 0 0 37.7322 0 0 2.52557e-07 -4.86379e-18 2.26271e-06 1.33594e-08 -0.277299 -1.97277e-07 4.9515 20.6872 3.03179e-08 5533.66 20.6872 3.03178e-08 5533.66 
23 18.5529 2.01201e-08 5529.68 0 0 0 37.7322 0 0 2.52601e-07 -4.69641e-18 2.2625e-06 1.50287e-08 -0.529076 -2.00402e-07 4.95155 20.7546 1.30475e-08 5534.03 20.7546 1.30479e-08 5534.03 
23.1 18.6126 3.45224e-09 5529.3 0 0 0 37.7322 0 0 2.52612e-07 -4.68722e-18 2.26245e-06 1.70603e-08 -0.0321051 -2.02195e-07 4.95156 20.814 -3.42025e-09 5533.65 20.814 -3.4202e-09 5533.65 
23.2 18.6669 -1.16266e-08 5529.4 0 0 0 37.7322 0 0 2.52647e-07 -4.7758e-18 2.26227e-06 1.84262e-08 -0.169145 -2.00447e-07 4.95157 20.8675 -1.82379e-08 5533.75 20.8675 -1.82385e-08 5533.75 
23.3 18.7152 -2.57494e-08 5529.42 0 0 0 37.7322 0 0 2.52677e-07 -4.83768e-18 2.26218e-06 1.92351e-08 -0.285599 -1.93832e-07 4.95156 20.9148 -3.18664e-08 5533.78 20.9148 -3.18656e-08 5533.78 
23.4 18.7568 -3.89249e-08 5529.54 0 0 0 37.7322 0 0 2.52708e-07 -4.8144e-18 2.26217e-06 1.92681e-08 -0.535639 -1.81457e-07 4.95154 20.9555 -4.42053e-08 5533.91 20.9555 -4.42055e-08 5533.91 
23.5 18.7925 -5.32019e-08 5529.27 0 0 0 37.7322 0 0 2.5273e-07 -4.63928e-18 2.26191e-06 1.88046e-08 -0.416756 -1.62882e-07 4.95154 20.9905 -5.7335e-08 5533.66 20.9905 -5.73347e-08 5533.66 
23.6 18.8222 -6.49074e-08 5529.26 0 0 0 37.7322 0 0 2.52753e-07 -4.37719e-18 2.26177e-06 1.73948e-08 -0.467772 -1.3918e-07 4.95155 21.0196 -6.75572e-08 5533.65 21.0196 -6.75565e-08 5533.65 
23.7 18.8458 -7.87444e-08 5529.43 0 0 0 37.7322 0 0 2.5278e-07 -4.25965e-18 2.26156e-06 1.55903e-08 -0.550211 -1.09146e-07 4.95159 21.0429 -7.96635e-08 5533.85 21.0429 -7.96635e-08 5533.85 
23.8 18.8508 -8.99613e-08 5529.31 0 0 0 37.7322 0 0 2.52794e-07 -4.37202e-18 2.26139e-06 1.35145e-08 -0.601325 -8.08682e-08 4.95161 21.0473 -8.91572e-08 5533.75 21.0473 -8.91578e-08 5533.75 
23.9 18.8523 -1.00999e-07 5529.23 0 0 0 37.7322 0 0 2.52798e-07 -4.18187e-18 2.26139e-06 1.13894e-08 -0.505661 -5.13137e-08 4.95165 21.0481 -9.84912e-08 5533.68 21.0481 -9.84914e-08 5533.68 
24 18.8469 -1.11999e-07 5529.32 0 0 0 37.7322 0 0 2.52807e-07 -3.88802e-18 2.26127e-06 9.29209e-09 -0.397727 -2.09946e-08 4.95172 21.0417 -1.0784e-07 5533.8 21.0417 -1.0784e-07 5533.8 
24.1 18.8352 -1.20628e-07 5529.39 0 0 0 37.7322 0 0 2.52811e-07 -4.04762e-18 2.26116e-06 7.32463e-09 -0.100081 7.76834e-09 4.95178 21.0286 -1.15078e-07 5533.89 21.0286 -1.15078e-07 5533.89 
24.2 18.8112 -1.28282e-07 5529.31 0 0 0 37.7322 0 0 2.52844e-07 -4.05488e-18 2.26049e-06 5.3586e-09 -0.149697 3.5966e-08 4.9518 21.003 -1.215e-07 5533.82 21.003 -1.215e-07 5533.82 
24.3 18.7803 -1.33399e-07 5529.31 0 0 0 37.7322 0 0 2.52802e-07 -3.84718e-18 2.26111e-06 3.64812e-09 0.188518 6.14817e-08 4.95185 20.9701 -1.25682e-07 5533.83 20.9701 -1.25683e-07 5533.83 
24.4 18.7426 -1.36159e-07 5529.2 0 0 0 37.7322 0 0 2.52847e-07 -3.82414e-18 2.26006e-06 2.08659e-09 0.635667 8.43118e-08 4.95189 20.9301 -1.2778e-07 5533.73 20.9301 -1.2778e-07 5533.73 
24.5 18.6973 -1.36686e-07 5529.02 0 0 0 37.7322 0 0 2.52781e-07 -3.55643e-18 2.26094e-06 6.85322e-10 0.910893 1.05843e-07 4.95191 20.8825 -1.27889e-07 5533.55 20.8825 -1.2789e-07 5533.55 
24.6 18.6441 -1.35456e-07 5529.21 0 0 0 37.7322 0 0 2.52781e-07 -3.55643e-18 2.26094e-06 -1.01542e-09 0.0831545 1.26323e-07 4.95191 20.8273 -1.26318e-07 5533.76 20.8273 -1.26317e-07 5533.76 
24.7 18.5884 -1.31721e-07 5529.11 0 0 0 37.7322 0 0 2.52725e-07 -3.91455e-18 2.26197e-06 -2.52347e-09 0.333025 1.43003e-07 4.95192 20.7694 -1.22471e-07 5533.66 20.7694 -1.22471e-07 5533.66 
24.8 18.5292 -1.25696e-07 5528.94 0 0 0 37.7322 0 0 2.52739e-07 -3.40801e-18 2.26117e-06 -3.61814e-09 0.567431 1.59479e-07 4.95195 20.7081 -1.1637e-07 5533.48 20.7081 -1.1637e-07 5533.48 
24.9 18.4671 -1.1739e-07 5528.73 0 0 0 37.7322 0 0 2.52741e-07 -3.52873e-18 2.26055e-06 -5.36939e-09 0.791757 1.74636e-07 4.95195 20.6441 -1.082e-07 5533.28 20.6441 -1.082e-07 5533.28 
25 18.4035 -1.07675e-07 5528.5 0 0 0 37.7322 0 0 2.52685e-07 -3.56859e-18 2.2614e-06 -6.87674e-09 1.02236 1.87928e-07 4.95198 20.5789 -9.86462e-08 5533.05 20.5789 -9.86467e-08 5533.05 
25.1 18.3391 -9.68167e-08 5528.24 0 0 0 37.7322 0 0 2.52695e-07 -3.48701e-18 2.26075e-06 -8.404e-09 1.2377 1.99114e-07 4.95198 20.513 -8.79739e-08 5532.79 20.513 -8.7974e-08 5532.79 
25.2 18.2755 -8.50153e-08 5529.03 0 0 0 37.7322 0 0 2.52695e-07 -3.48701e-18 2.26075e-06 -1.02109e-08 0.211672 2.08293e-07 4.95198 20.4484 -7.64484e-08 5533.58 20.4484 -7.64483e-08 5533.58 
25.3 18.2131 -7.16924e-08 5528.84 0 0 0 37.7322 0 0 2.52628e-07 -3.58689e-18 2.26152e-06 -1.15016e-08 0.444743 2.14307e-07 4.952 20.3848 -6.35747e-08 5533.38 20.3848 -6.35751e-08 5533.38 
25.4 18.152 -7.31635e-08 5527.48 0 0 0 37.7322 0 0 2.52593e-07 1.96351e-18 2.26135e-06 -1.60875e-09 1.77949 1.70209e-07 4.95201 20.3227 -7.04751e-08 5532.02 20.3227 -7.04753e-08 5532.02 
25.5 18.096 -6.22868e-08 5528.43 0 0 0 37.7322 0 0 2.52593e-07 1.96351e-18 2.26135e-06 4.86967e-09 0.84348 1.1612e-07 4.95201 20.2662 -8.04832e-08 5532.96 20.2662 -8.04841e-08 5532.96 
25.6 18.0397 -9.90244e-08 5526.88 0 0 0 37.7322 0 0 2.5254e-07 1.20761e-16 2.2615e-06 9.96455e-08 2.09008 -3.74007e-08 4.952 20.2094 -1.18981e-07 5531.42 20.2094 -1.18981e-07 5531.42 
25.7 17.9915 -1.17511e-07 5527.86 0 0 0 37.7322 0 0 2.5254e-07 1.20761e-16 2.2615e-06 1.27324e-07 1.26534 -2.50418e-07 4.952 20.1611 -1.79374e-07 5532.39 20.1611 -1.79375e-07 5532.39 
25.8 17.9456 -1.55593e-07 5528.87 0 0 0 37.7322 0 0 2.5254e-07 1.20761e-16 2.2615e-06 1.6648e-07 0.469409 -5.47271e-07 4.952 20.1152 -2.69176e-07 5533.38 20.1152 -2.69176e-07 5533.38 
25.9 17.9048 1.05403e-08 5527.88 0 0 0 37.7322 0 0 2.52503e-07 3.4734e-17 2.26161e-06 6.49222e-08 1.0659 -1.56006e-07 4.95196 20.0748 -9.88489e-08 5532.39 20.0748 -9.88487e-08 5532.39 
26 17.8695 1.20481e-07 5528.87 0 0 0 37.7322 0 0 2.52503e-07 3.4734e-17 2.26161e-06 6.91017e-10 0.428724 3.10691e-07 4.95196 20.0401 1.01851e-07 5533.37 20.0401 1.01852e-07 5533.37 
26.1 17.8395 1.3624e-07 5527.73 0 0 0 37.7322 0 0 2.52431e-07 -3.18071e-16 2.263e-06 7.79761e-08 0.980082 3.43996e-07 4.95192 20.0109 6.56112e-08 5532.21 20.0109 6.56112e-08 5532.21 
26.2 17.8173 6.89875e-08 5528.64 0 0 0 37.7322 0 0 2.52431e-07 -3.18071e-16 2.263e-06 8.58424e-08 0.549841 1.92801e-07 4.95192 19.9899 -1.21201e-08 5533.1 19.9899 -1.21199e-08 5533.1 
26.3 17.8007 4.74783e-08 5527.83 0 0 0 37.7322 0 0 2.52453e-07 1.58521e-16 2.26171e-06 -9.61191e-08 0.64962 2.35563e-07 4.95186 19.9743 8.62699e-08 5532.29 19.9743 8.627e-08 5532.29 
26.4 17.7928 1.55167e-07 5528.61 0 0 0 37.7322 0 0 2.52453e-07 1.58521e-16 2.26171e-06 -1.07996e-07 0.447007 3.75446e-07 4.95186 19.9677 1.96756e-07 5533.05 19.9677 1.96756e-07 5533.05 
26.5 17.7894 1.45681e-07 5528.74 0 0 0 37.7322 0 0 2.52434e-07 -8.15695e-18 2.26223e-06 -2.84829e-08 0.301156 8.40671e-08 4.95184 19.9664 1.36261e-07 5533.17 19.9664 1.36261e-07 5533.17 
26.6 17.7943 1.06164e-07 5528.73 0 0 0 37.7322 0 0 2.52432e-07 2.7733e-17 2.26233e-06 -5.50642e-08 0.217904 5.37695e-08 4.95182 19.9729 1.0551e-07 5533.15 19.9729 1.0551e-07 5533.15 
26.7 17.8054 1.66063e-07 5528.78 0 0 0 37.7322 0 0 2.52435e-07 -3.12858e-17 2.2622e-06 8.72021e-09 0.110178 1.21692e-07 4.9518 19.9867 1.51814e-07 5533.18 19.9867 1.51814e-07 5533.18 
26.8 17.8215 1.95482e-07 5528.86 0 0 0 37.7322 0 0 2.52417e-07 -3.32122e-18 2.26262e-06 -1.81793e-08 -0.0408274 1.39009e-07 4.95175 20.0055 1.95715e-07 5533.24 20.0055 1.95716e-07 5533.24 
26.9 17.8491 1.8947e-07 5528.91 0 0 0 37.7322 0 0 2.52442e-07 -1.15052e-17 2.26221e-06 -1.85799e-08 -0.134633 5.71419e-08 4.95176 20.0328 1.7604e-07 5533.3 20.0328 1.7604e-07 5533.3 
27 17.8733 1.57274e-07 5529.05 0 0 0 37.7322 0 0 2.52418e-07 -4.11437e-18 2.26273e-06 -1.66566e-08 -0.316106 -2.10875e-08 4.9517 20.0639 1.52308e-07 5533.4 20.0639 1.52309e-07 5533.4 
27.1 17.9087 1.36024e-07 5529.15 0 0 0 37.7322 0 0 2.52482e-07 -7.15383e-18 2.26206e-06 -4.75218e-09 -0.487315 -9.43625e-08 4.95169 20.0962 1.27902e-07 5533.53 20.0962 1.27902e-07 5533.53 
27.2 17.9473 1.37346e-07 5529.25 0 0 0 37.7322 0 0 2.52447e-07 -2.84089e-18 2.26236e-06 1.64519e-09 -0.538845 -1.15191e-07 4.95173 20.1398 1.264e-07 5533.61 20.1398 1.264e-07 5533.61 
27.3 17.9885 1.36497e-07 5529.37 0 0 0 37.7322 0 0 2.52486e-07 -3.48444e-18 2.26174e-06 -2.39951e-09 -0.552262 -1.06411e-07 4.95167 20.1811 1.30528e-07 5533.73 20.1811 1.30528e-07 5533.73 
27.4 18.0473 1.42504e-07 5529.43 0 0 0 37.7322 0 0 2.52479e-07 -3.21094e-18 2.26262e-06 1.07489e-09 -0.100398 -1.24652e-07 4.95164 20.2536 1.30462e-07 5533.71 20.2536 1.30461e-07 5533.71 
27.5 18.0767 1.53567e-07 5529.33 0 0 0 37.7322 0 0 2.52492e-07 -3.7415e-18 2.26254e-06 8.2541e-10 -0.429481 -1.42786e-07 4.95164 20.2744 1.42528e-07 5533.68 20.2744 1.42527e-07 5533.68 
27.6 18.135 1.30589e-07 5529.18 0 0 0 37.7322 0 0 2.52513e-07 -5.23521e-18 2.26243e-06 5.17025e-09 -0.222808 -1.84623e-07 4.95165 20.3371 1.20241e-07 5533.5 20.3371 1.20241e-07 5533.5 
27.7 18.1891 1.1974e-07 5529.27 0 0 0 37.7322 0 0 2.52533e-07 -5.31301e-18 2.26238e-06 6.65187e-09 -0.337513 -2.00566e-07 4.95163 20.3917 1.09945e-07 5533.6 20.3917 1.09946e-07 5533.6 
27.8 18.2515 1.1173e-07 5529.23 0 0 0 37.7322 0 0 2.52555e-07 -4.47396e-18 2.26237e-06 6.16706e-09 -0.481192 -1.93519e-07 4.95159 20.4552 1.03016e-07 5533.57 20.4552 1.03016e-07 5533.57 
27.9 18.2965 9.97113e-08 5529.21 0 0 0 37.7322 0 0 2.52567e-07 -4.62636e-18 2.26238e-06 6.08854e-09 -0.458038 -1.91742e-07 4.95157 20.5011 9.2138e-08 5533.56 20.5011 9.21383e-08 5533.56 
28 18.3378 8.73761e-08 5529.51 0 0 0 37.7322 0 0 2.52581e-07 -4.81379e-18 2.2624e-06 5.96513e-09 -0.585001 -1.90226e-07 4.95156 20.5433 8.09288e-08 5533.86 20.5433 8.09289e-08 5533.86 
28.1 18.3779 7.13765e-08 5529.19 0 0 0 37.7322 0 0 2.5259e-07 -4.8353e-18 2.26237e-06 6.62608e-09 -0.299337 -1.89765e-07 4.95156 20.5842 6.59834e-08 5533.56 20.5842 6.59836e-08 5533.56 
28.2 18.4168 5.44183e-08 5529.44 0 0 0 37.7322 0 0 2.52603e-07 -4.65286e-18 2.26237e-06 7.34526e-09 -0.397679 -1.88062e-07 4.95157 20.6239 5.00225e-08 5533.82 20.6239 5.00222e-08 5533.82 
28.3 18.4493 3.67275e-08 5529.3 0 0 0 37.7322 0 0 2.52613e-07 -4.65275e-18 2.26234e-06 8.40385e-09 -0.252894 -1.86084e-07 4.95158 20.6568 3.31972e-08 5533.69 20.6568 3.3197e-08 5533.69 
28.4 18.4792 1.25525e-08 5529.3 0 0 0 37.7322 0 0 2.52628e-07 -4.44502e-18 2.26228e-06 1.02934e-08 -0.249331 -1.85277e-07 4.9516 20.6867 9.80651e-09 5533.7 20.6867 9.80637e-09 5533.7 
28.5 18.499 -4.87548e-09 5529.33 0 0 0 37.7322 0 0 2.52637e-07 -4.35179e-18 2.26221e-06 1.13945e-08 -0.205827 -1.82172e-07 4.95162 20.7061 -6.91699e-09 5533.73 20.7061 -6.91638e-09 5533.73 
28.6 18.5189 -2.25686e-08 5529.75 0 0 0 37.7322 0 0 2.52652e-07 -4.58102e-18 2.2621e-06 1.22491e-08 -0.32357 -1.76868e-07 4.95164 20.7251 -2.39037e-08 5534.16 20.7251 -2.3904e-08 5534.16 
28.7 18.5304 -4.11476e-08 5529.58 0 0 0 37.7322 0 0 2.52663e-07 -4.54169e-18 2.26198e-06 1.32819e-08 -0.257025 -1.68633e-07 4.95165 20.7353 -4.17698e-08 5534 20.7353 -4.17696e-08 5534 
28.8 18.5369 -5.92029e-08 5529.41 0 0 0 37.7322 0 0 2.52689e-07 -4.55145e-18 2.26117e-06 1.41005e-08 -0.218898 -1.57514e-07 4.95165 20.7404 -5.90738e-08 5533.83 20.7404 -5.90733e-08 5533.83 
28.9 18.5409 -7.58386e-08 5529.8 0 0 0 37.7322 0 0 2.52675e-07 -4.27098e-18 2.2619e-06 1.4261e-08 -0.270964 -1.42637e-07 4.95167 20.7428 -7.48707e-08 5534.23 20.7428 -7.48706e-08 5534.23 
29 18.5396 -9.35983e-08 5529.95 0 0 0 37.7322 0 0 2.5268e-07 -3.98351e-18 2.26179e-06 1.50308e-08 -0.189946 -1.29131e-07 4.95169 20.7397 -9.18216e-08 5534.39 20.7397 -9.18215e-08 5534.39 
29.1 18.529 -1.10967e-07 5529.36 0 0 0 37.7322 0 0 2.5268e-07 -3.98351e-18 2.26179e-06 1.60763e-08 -0.232543 -1.16219e-07 4.95169 20.7273 -1.09746e-07 5533.82 20.7273 -1.09746e-07 5533.82 
29.2 18.5176 -1.21048e-07 5529.53 0 0 0 37.7322 0 0 2.52674e-07 5.55691e-19 2.26193e-06 1.60361e-08 -0.147833 -8.38445e-08 4.95171 20.714 -1.17817e-07 5534 20.714 -1.17817e-07 5534 
29.3 18.501 -1.3178e-07 5529.49 0 0 0 37.7322 0 0 2.52676e-07 -4.2736e-18 2.26169e-06 1.25211e-08 -0.0197803 -5.49757e-08 4.95173 20.6955 -1.27613e-07 5533.97 20.6955 -1.27613e-07 5533.97 
29.4 18.4798 -1.51182e-07 5529.41 0 0 0 37.7322 0 0 2.5267e-07 -3.01783e-18 2.26166e-06 1.56026e-08 0.0882479 -5.22895e-08 4.95175 20.6723 -1.46024e-07 5533.89 20.6723 -1.46024e-07 5533.89 
29.5 18.4395 -1.57529e-07 5529.29 0 0 0 37.7322 0 0 2.52661e-07 -3.98188e-18 2.26169e-06 1.3806e-08 0.0378074 -1.54332e-08 4.95178 20.6298 -1.58401e-07 5533.79 20.6298 -1.58401e-07 5533.79 
29.6 18.4091 -1.42496e-07 5529.27 0 0 0 37.7322 0 0 2.52652e-07 -4.92319e-18 2.26166e-06 4.64015e-09 0.0799453 5.67496e-08 4.9518 20.5974 -1.42038e-07 5533.77 20.5974 -1.42038e-07 5533.77 
29.7 18.3779 -1.32492e-07 5529.25 0 0 0 37.7322 0 0 2.52643e-07 -7.19174e-18 2.26166e-06 -1.38314e-09 0.0830485 1.02021e-07 4.95182 20.5642 -1.26631e-07 5533.76 20.5642 -1.26631e-07 5533.76 
29.8 18.3494 -2.28654e-07 5529.24 0 0 0 37.7322 0 0 2.52642e-07 -6.57399e-18 2.26151e-06 2.25028e-08 0.0368737 -8.59776e-08 4.95183 20.5336 -2.23176e-07 5533.75 20.5336 -2.23176e-07 5533.75 
29.9 18.3061 -1.93507e-07 5529.23 0 0 0 37.7322 0 0 2.52625e-07 -4.45485e-18 2.26153e-06 1.45363e-08 0.19733 1.90549e-08 4.95185 20.4884 -1.86687e-07 5533.74 20.4884 -1.86687e-07 5533.74 
30 18.2739 -1.73494e-07 5529.25 0 0 0 37.7322 0 0 2.52622e-07 -2.23094e-18 2.26132e-06 1.06528e-08 0.117258 7.90872e-08 4.95186 20.4544 -1.66842e-07 5533.76 20.4544 -1.66841e-07 5533.76 
30.1 18.2393 -1.594e-07 5528.91 0 0 0 37.7322 0 0 2.52595e-07 -2.36818e-18 2.26173e-06 6.9434e-09 0.463949 1.16632e-07 4.95187 20.4181 -1.53228e-07 5533.42 20.4181 -1.53228e-07 5533.42 
30.2 18.2026 -1.52467e-07 5528.6 0 0 0 37.7322 0 0 2.5258e-07 2.3371e-18 2.26166e-06 7.82805e-09 0.763264 1.35436e-07 4.95188 20.3799 -1.46047e-07 5533.11 20.3799 -1.46047e-07 5533.11 
30.3 18.1674 -1.43685e-07 5529.2 0 0 0 37.7322 0 0 2.5258e-07 2.3371e-18 2.26166e-06 5.17909e-09 0.12679 1.58561e-07 4.95188 20.3435 -1.36331e-07 5533.71 20.3435 -1.36331e-07 5533.71 
30.4 18.1326 -2.19756e-07 5527.92 0 0 0 37.7322 0 0 2.52557e-07 8.69583e-17 2.26145e-06 3.48119e-08 1.19749 -7.78798e-08 4.95189 20.3074 -2.24866e-07 5532.42 20.3074 -2.24866e-07 5532.42 
30.5 18.1021 -2.65899e-07 5528.64 0 0 0 37.7322 0 0 2.52557e-07 8.69583e-17 2.26145e-06 7.44241e-08 0.601119 -3.91751e-07 4.95189 20.2761 -3.39266e-07 5533.14 20.2761 -3.39267e-07 5533.14 
30.6 18.0698 -2.2023e-07 5527.43 0 0 0 37.7322 0 0 2.5253e-07 5.09466e-17 2.26159e-06 6.21406e-08 1.31183 -6.01831e-07 4.95189 20.2432 -3.75268e-07 5531.93 20.2432 -3.75268e-07 5531.93 
30.7 18.0449 -1.82936e-07 5528.19 0 0 0 37.7322 0 0 2.5253e-07 5.09466e-17 2.26159e-06 4.61461e-08 0.788639 -4.2631e-07 4.95189 20.2178 -2.89102e-07 5532.68 20.2178 -2.89103e-07 5532.68 
30.8 18.0208 -1.29324e-07 5528.96 0 0 0 37.7322 0 0 2.5253e-07 5.09466e-17 2.26159e-06 7.35818e-09 0.279037 -5.66394e-08 4.95189 20.1936 -1.31988e-07 5533.44 20.1936 -1.31988e-07 5533.44 
30.9 17.9987 8.48531e-08 5527.63 0 0 0 37.7322 0 0 2.52517e-07 -1.9954e-16 2.26151e-06 -1.7618e-07 0.905574 4.15348e-07 4.95187 20.1718 8.60254e-08 5532.11 20.1718 8.6025e-08 5532.11 
31 17.9835 1.85101e-07 5528.4 0 0 0 37.7322 0 0 2.52517e-07 -1.9954e-16 2.26151e-06 -2.15547e-07 0.527787 6.29681e-07 4.95187 20.1572 2.05053e-07 5532.86 20.1572 2.05053e-07 5532.86 
31.1 17.9694 -6.38945e-08 5527.43 0 0 0 37.7322 0 0 2.52495e-07 -2.58216e-16 2.26183e-06 1.21192e-07 0.718318 9.46931e-08 4.95188 20.1428 -9.70802e-08 5531.89 20.1428 -9.70803e-08 5531.89 
31.2 17.9643 -3.30892e-07 5528.12 0 0 0 37.7322 0 0 2.52495e-07 -2.58216e-16 2.26183e-06 2.43853e-07 0.493102 -8.79914e-07 4.95188 20.1383 -5.11238e-07 5532.57 20.1383 -5.11238e-07 5532.57 
31.3 17.9614 -6.73744e-07 5528.8 0 0 0 37.7322 0 0 2.52495e-07 -2.58216e-16 2.26183e-06 4.17277e-07 0.299539 -2.23614e-06 4.95188 20.1359 -1.08326e-06 5533.25 20.1359 -1.08326e-06 5533.25 
31.4 17.9612 -3.60865e-07 5528.67 0 0 0 37.7322 0 0 2.52494e-07 2.50817e-16 2.26189e-06 2.26958e-07 0.226044 -1.36946e-06 4.95185 20.1379 -5.37602e-07 5533.1 20.1379 -5.37601e-07 5533.1 
31.5 17.9632 9.35493e-09 5528.44 0 0 0 37.7322 0 0 2.525e-07 -1.96134e-16 2.26185e-06 9.14346e-08 0.0925067 -5.65121e-08 4.95183 20.1413 -4.00932e-08 5532.86 20.1413 -4.00927e-08 5532.86 
31.6 17.9743 2.03133e-07 5528.91 0 0 0 37.7322 0 0 2.525e-07 -1.96134e-16 2.26185e-06 -2.02127e-08 0.169668 3.6839e-07 4.95183 20.1548 1.43129e-07 5533.32 20.1548 1.43129e-07 5533.32 
31.7 17.9948 -5.27632e-08 5529.03 0 0 0 37.7322 0 0 2.52498e-07 8.20556e-17 2.26195e-06 2.93703e-08 0.18546 2.20677e-08 4.95182 20.1762 -3.63355e-08 5533.43 20.1762 -3.63352e-08 5533.43 
31.8 18.0228 2.03173e-07 5528.93 0 0 0 37.7322 0 0 2.52506e-07 -4.22404e-17 2.26199e-06 -4.37213e-08 0.0861309 3.88592e-07 4.9518 20.2056 2.03174e-07 5533.33 20.2056 2.03173e-07 5533.33 
31.9 18.0357 2.57047e-07 5529.03 0 0 0 37.7322 0 0 2.52507e-07 1.52891e-17 2.26203e-06 -6.87736e-08 0.170388 5.58875e-07 4.95179 20.2208 2.54705e-07 5533.42 20.2208 2.54706e-07 5533.42 
32 18.0655 1.29323e-07 5529.06 0 0 0 37.7322 0 0 2.52517e-07 -4.12632e-18 2.26206e-06 -1.60809e-08 0.0419959 1.1818e-07 4.95177 20.2529 1.267e-07 5533.44 20.2529 1.26701e-07 5533.44 
32.1 18.0919 1.31086e-07 5528.99 0 0 0 37.7322 0 0 2.52524e-07 -1.01527e-17 2.26208e-06 -1.17172e-08 0.0612092 6.95827e-08 4.95176 20.2815 1.24188e-07 5533.36 20.2815 1.24188e-07 5533.36 
32.2 18.1212 1.38111e-07 5529 0 0 0 37.7322 0 0 2.52532e-07 -8.41862e-18 2.2621e-06 -1.12104e-08 0.0580287 4.69671e-08 4.95175 20.3122 1.30659e-07 5533.38 20.3122 1.30659e-07 5533.38 
32.3 18.1528 1.42034e-07 5529 0 0 0 37.7322 0 0 2.52542e-07 -5.51349e-18 2.26209e-06 -9.78106e-09 0.036547 2.1736e-08 4.95174 20.3445 1.34662e-07 5533.38 20.3445 1.34662e-07 5533.38 
32.4 18.1828 1.45603e-07 5529.03 0 0 0 37.7322 0 0 2.52559e-07 -4.8437e-18 2.26196e-06 -8.97126e-09 0.0228297 -8.49125e-11 4.95172 20.3778 1.38307e-07 5533.39 20.3778 1.38307e-07 5533.39 
32.5 18.2175 1.4881e-07 5529.09 0 0 0 37.7322 0 0 2.52562e-07 -4.28524e-18 2.26217e-06 -8.46931e-09 -0.00921334 -1.97153e-08 4.95172 20.4132 1.41664e-07 5533.46 20.4132 1.41664e-07 5533.46 
32.6 18.2502 1.50926e-07 5529.12 0 0 0 37.7322 0 0 2.52575e-07 -4.70154e-18 2.26213e-06 -8.12375e-09 -0.044705 -3.70023e-08 4.95171 20.4477 1.44005e-07 5533.49 20.4477 1.44005e-07 5533.49 
32.7 18.2955 1.51283e-07 5529.25 0 0 0 37.7322 0 0 2.52596e-07 -3.36669e-18 2.2621e-06 -7.03458e-09 -0.308212 -5.5695e-08 4.9517 20.4944 1.44266e-07 5533.62 20.4944 1.44266e-07 5533.62 
32.8 18.3242 1.48476e-07 5529.26 0 0 0 37.7322 0 0 2.52605e-07 -5.14739e-18 2.26216e-06 -7.31946e-09 -0.312813 -7.11847e-08 4.95168 20.5242 1.41968e-07 5533.64 20.5242 1.41968e-07 5533.64 
32.9 18.3573 6.49198e-08 5529.4 0 0 0 37.7322 0 0 2.52618e-07 1.31162e-17 2.26215e-06 3.28667e-08 -0.390289 -3.03625e-07 4.95168 20.5584 5.15424e-08 5533.78 20.5584 5.15429e-08 5533.78 
33 18.373 6.4963e-08 5529.17 0 0 0 37.7322 0 0 2.52618e-07 1.31162e-17 2.26215e-06 5.41541e-08 -0.122167 -4.64999e-07 4.95168 20.5745 -1.17721e-08 5533.55 20.5745 -1.17722e-08 5533.55 
33.1 18.4008 3.46075e-07 5529.22 0 0 0 37.7322 0 0 2.5263e-07 -2.87685e-17 2.26214e-06 -1.05918e-07 -0.170798 5.36409e-07 4.95168 20.6029 3.72378e-07 5533.6 20.6029 3.72378e-07 5533.6 
33.2 18.4234 1.82791e-07 5529.27 0 0 0 37.7322 0 0 2.5264e-07 -2.28121e-16 2.26213e-06 -9.20066e-08 -0.289212 -9.62434e-08 4.95167 20.6264 1.34024e-07 5533.66 20.6264 1.34024e-07 5533.66 
33.3 18.4454 8.91137e-10 5529.33 0 0 0 37.7322 0 0 2.52653e-07 1.30813e-16 2.26202e-06 8.34978e-08 -0.314952 -3.48779e-07 4.95169 20.6476 1.76562e-08 5533.73 20.6476 1.76565e-08 5533.73 
33.4 18.4627 1.49285e-07 5529.61 0 0 0 37.7322 0 0 2.52658e-07 9.44402e-18 2.26205e-06 -6.2215e-09 -0.352828 -2.65154e-08 4.95168 20.6652 1.42213e-07 5534.01 20.6652 1.42212e-07 5534.01 
33.5 18.4772 8.85415e-08 5529.81 0 0 0 37.7322 0 0 2.52664e-07 5.75028e-17 2.26207e-06 2.88493e-08 -0.43156 -6.75802e-08 4.95169 20.6793 1.16375e-07 5534.22 20.6793 1.16375e-07 5534.22 
33.6 18.4912 1.54584e-07 5529.93 0 0 0 37.7322 0 0 2.52676e-07 -8.93877e-18 2.26192e-06 -1.94562e-08 -0.383809 -1.90122e-08 4.95171 20.6936 1.27105e-07 5534.35 20.6936 1.27106e-07 5534.35 
33.7 18.4987 2.41205e-07 5529.24 0 0 0 37.7322 0 0 2.52676e-07 -8.93877e-18 2.26192e-06 -4.71661e-08 -0.157572 2.06041e-07 4.95171 20.6986 2.24329e-07 5533.67 20.6986 2.24329e-07 5533.67 
33.8 18.4851 -1.25591e-08 5529.5 0 0 0 37.7322 0 0 2.52679e-07 -4.26348e-18 2.26191e-06 -7.111e-09 -0.38297 -3.77524e-07 4.95167 20.6948 -2.57044e-08 5533.86 20.6948 -2.57042e-08 5533.86 
33.9 18.5154 -2.18566e-07 5529.32 0 0 0 37.7322 0 0 2.52802e-07 1.19797e-16 2.25763e-06 7.56694e-08 -0.259487 -7.15927e-07 4.95181 20.6966 -2.20369e-07 5533.91 20.6966 -2.20368e-07 5533.91 
34 18.5228 -1.30499e-07 5529.15 0 0 0 37.7322 0 0 2.52679e-07 3.38296e-17 2.26178e-06 5.06341e-08 0.185551 -3.05501e-07 4.9517 20.7156 -1.22024e-07 5533.65 20.7156 -1.22024e-07 5533.65 
34.1 18.5054 2.46706e-07 5529.2 0 0 0 37.7322 0 0 2.52671e-07 1.05291e-17 2.26209e-06 -5.71757e-08 0.355719 4.32083e-07 4.9517 20.7078 2.52208e-07 5533.61 20.7078 2.52209e-07 5533.61 
34.2 18.4838 4.56402e-09 5529.38 0 0 0 37.7322 0 0 2.52675e-07 -6.61447e-18 2.26197e-06 -2.13899e-09 -0.0259528 -8.17619e-08 4.95174 20.6827 8.93827e-09 5533.82 20.6827 8.93831e-09 5533.82 
34.3 18.4751 -3.3379e-08 5529.38 0 0 0 37.7322 0 0 2.52678e-07 -8.65931e-18 2.26187e-06 5.18771e-09 -0.0711647 -1.46441e-07 4.95176 20.6734 -3.19605e-08 5533.82 20.6734 -3.19605e-08 5533.82 
34.4 18.4637 -4.73434e-08 5529.36 0 0 0 37.7322 0 0 2.52676e-07 -6.98354e-18 2.26191e-06 7.92151e-09 -0.102346 -1.44738e-07 4.95175 20.6606 -4.61447e-08 5533.8 20.6606 -4.61451e-08 5533.8 
34.5 18.4408 -5.99072e-08 5529.41 0 0 0 37.7322 0 0 2.52673e-07 -3.77921e-18 2.26184e-06 9.30172e-09 -0.167593 -1.16719e-07 4.95177 20.6353 -5.74772e-08 5533.86 20.6353 -5.74771e-08 5533.86 
34.6 18.4235 -7.09485e-08 5529.37 0 0 0 37.7322 0 0 2.52672e-07 -3.98388e-18 2.26178e-06 9.36928e-09 -0.214046 -1.0163e-07 4.95177 20.6161 -6.77016e-08 5533.84 20.6161 -6.77014e-08 5533.84 
34.7 18.4085 -8.1656e-08 5529.31 0 0 0 37.7322 0 0 2.52664e-07 -3.57275e-18 2.2618e-06 9.11995e-09 -0.195706 -8.5899e-08 4.95178 20.5979 -7.77609e-08 5533.79 20.5979 -7.77608e-08 5533.79 
34.8 18.3854 -9.30273e-08 5529.2 0 0 0 37.7322 0 0 2.52651e-07 -4.09653e-18 2.26178e-06 8.74242e-09 0.0361087 -6.80069e-08 4.95179 20.572 -8.84514e-08 5533.7 20.572 -8.84517e-08 5533.7 
34.9 18.3533 -1.02575e-07 5529.2 0 0 0 37.7322 0 0 2.52651e-07 -4.06706e-18 2.26153e-06 8.12669e-09 -0.0994253 -4.93088e-08 4.9518 20.5423 -9.74196e-08 5533.69 20.5423 -9.742e-08 5533.69 
35 18.3144 -1.14033e-07 5529.3 0 0 0 37.7322 0 0 2.52626e-07 -3.89034e-18 2.26202e-06 7.45827e-09 -0.135325 -2.55404e-08 4.95178 20.5098 -1.07914e-07 5533.72 20.5098 -1.07913e-07 5533.72 
35.1 18.3211 -1.22636e-07 5529 0 0 0 37.7322 0 0 2.52619e-07 -4.15545e-18 2.26183e-06 9.44522e-09 0.487515 -2.40023e-08 4.95181 20.5019 -1.17667e-07 5533.52 20.5019 -1.17667e-07 5533.52 
35.2 18.2117 -1.06353e-07 5529.56 0 0 0 37.7322 0 0 2.52615e-07 -3.99516e-18 2.26184e-06 1.01336e-08 -1.23601 -2.41188e-08 4.95183 20.4017 -1.0307e-07 5534 20.4017 -1.03069e-07 5534 
35.3 18.25 -1.29605e-07 5529.25 0 0 0 37.7322 0 0 2.52614e-07 -4.06058e-18 2.26167e-06 1.10907e-08 0.0618125 -5.9264e-09 4.95187 20.4348 -1.25995e-07 5533.73 20.4348 -1.25995e-07 5533.73 
35.4 18.2222 -1.30554e-07 5529.23 0 0 0 37.7322 0 0 2.52605e-07 -3.99235e-18 2.26168e-06 1.01273e-08 -0.042602 1.39042e-08 4.95187 20.4041 -1.2676e-07 5533.72 20.4041 -1.2676e-07 5533.72 
35.5 18.1993 -1.32584e-07 5529.22 0 0 0 37.7322 0 0 2.52595e-07 -4.14972e-18 2.26172e-06 9.25201e-09 -0.0258906 3.35112e-08 4.95186 20.3804 -1.28646e-07 5533.7 20.3804 -1.28647e-07 5533.7 
35.6 18.174 -1.31948e-07 5529.18 0 0 0 37.7322 0 0 2.52583e-07 -4.04392e-18 2.26178e-06 8.23287e-09 -0.00157936 5.2045e-08 4.95184 20.3545 -1.27957e-07 5533.66 20.3545 -1.27957e-07 5533.66 
35.7 18.1521 -1.30457e-07 5528.96 0 0 0 37.7322 0 0 2.52569e-07 -3.85014e-18 2.26182e-06 7.37531e-09 0.17617 6.83741e-08 4.95183 20.3308 -1.26537e-07 5533.45 20.3308 -1.26537e-07 5533.45 
35.8 18.1298 -1.27436e-07 5529.03 0 0 0 37.7322 0 0 2.52561e-07 -3.90784e-18 2.26179e-06 6.49706e-09 0.144526 8.31951e-08 4.95183 20.3084 -1.23727e-07 5533.51 20.3084 -1.23727e-07 5533.51 
35.9 18.109 -1.23206e-07 5529.11 0 0 0 37.7322 0 0 2.52549e-07 -4.04269e-18 2.26189e-06 5.78225e-09 0.132297 9.58659e-08 4.95183 20.2875 -1.19888e-07 5533.59 20.2875 -1.19888e-07 5533.59 
36 18.0895 -1.17036e-07 5528.95 0 0 0 37.7322 0 0 2.52539e-07 -3.79423e-18 2.2619e-06 5.23533e-09 0.2661 1.06003e-07 4.95184 20.2674 -1.14277e-07 5533.43 20.2674 -1.14277e-07 5533.43 
36.1 18.0715 -1.09145e-07 5528.95 0 0 0 37.7322 0 0 2.52531e-07 -3.98605e-18 2.26191e-06 4.70635e-09 0.27911 1.14067e-07 4.95185 20.2503 -1.07084e-07 5533.42 20.2503 -1.07083e-07 5533.42 
36.2 18.0582 -1.00312e-07 5528.95 0 0 0 37.7322 0 0 2.52527e-07 -3.87237e-18 2.26187e-06 4.19925e-09 0.287321 1.20407e-07 4.95186 20.2361 -9.89801e-08 5533.41 20.2361 -9.89805e-08 5533.41 
36.3 18.0447 -8.96055e-08 5528.67 0 0 0 37.7322 0 0 2.52521e-07 -3.98108e-18 2.26189e-06 3.74568e-09 0.344532 1.25206e-07 4.95186 20.2226 -8.90819e-08 5533.13 20.2226 -8.90817e-08 5533.13 
36.4 18.0387 -7.72912e-08 5528.66 0 0 0 37.7322 0 0 2.52521e-07 -4.07262e-18 2.26186e-06 3.06133e-09 0.303134 1.28524e-07 4.95186 20.216 -7.75686e-08 5533.12 20.216 -7.75686e-08 5533.12 
36.5 18.0363 -6.1998e-08 5529.07 0 0 0 37.7322 0 0 2.52517e-07 -3.9961e-18 2.2619e-06 1.62903e-09 0.180141 1.32442e-07 4.95185 20.2143 -6.28811e-08 5533.52 20.2143 -6.28814e-08 5533.52 
36.6 18.0333 -4.95776e-08 5529.11 0 0 0 37.7322 0 0 2.52516e-07 -3.79509e-18 2.26192e-06 7.61974e-10 0.131991 1.34228e-07 4.95184 20.2127 -5.10699e-08 5533.55 20.2127 -5.10696e-08 5533.55 
36.7 18.0386 -3.16151e-08 5529.04 0 0 0 37.7322 0 0 2.52516e-07 -4.1917e-18 2.26194e-06 -7.27187e-10 0.117093 1.34561e-07 4.95182 20.2185 -3.36253e-08 5533.47 20.2185 -3.36252e-08 5533.47 
36.8 18.0442 -1.8175e-08 5529.02 0 0 0 37.7322 0 0 2.52517e-07 -4.17519e-18 2.26194e-06 -1.75326e-09 0.123609 1.3352e-07 4.95181 20.2248 -2.06497e-08 5533.45 20.2248 -2.06495e-08 5533.45 
36.9 18.05 -7.3781e-09 5529.09 0 0 0 37.7322 0 0 2.52519e-07 -3.88158e-18 2.26195e-06 -2.56076e-09 0.0780221 1.32319e-07 4.95181 20.2314 -1.0253e-08 5533.51 20.2314 -1.02527e-08 5533.51 
37 18.0695 1.79166e-08 5529.01 0 0 0 37.7322 0 0 2.52524e-07 -4.1813e-18 2.26197e-06 -4.81007e-09 0.00872689 1.26463e-07 4.9518 20.2518 1.4711e-08 5533.43 20.2518 1.47111e-08 5533.43 
37.1 18.0735 2.11107e-08 5529.09 0 0 0 37.7322 0 0 2.52524e-07 -4.1813e-18 2.26197e-06 -4.95174e-09 0.0555966 1.24603e-07 4.9518 20.2567 1.79625e-08 5533.51 20.2567 1.79629e-08 5533.51 
37.2 18.0916 3.76638e-08 5528.99 0 0 0 37.7322 0 0 2.52527e-07 -4.72992e-18 2.262e-06 -6.1189e-09 0.0773599 1.13732e-07 4.95179 20.2758 3.37963e-08 5533.4 20.2758 3.37965e-08 5533.4 
37.3 18.1112 5.30353e-08 5528.99 0 0 0 37.7322 0 0 2.52543e-07 -3.65587e-18 2.26132e-06 -6.54669e-09 0.0229687 1.02875e-07 4.95178 20.2963 4.90891e-08 5533.4 20.2963 4.90894e-08 5533.4 
37.4 18.122 3.70151e-09 5529.02 0 0 0 37.7322 0 0 2.52547e-07 7.90234e-17 2.26214e-06 -9.30933e-10 -0.522818 -4.89651e-09 4.95177 20.3081 1.12044e-08 5533.42 20.3081 1.12045e-08 5533.42 
37.5 18.139 -4.04094e-08 5529.06 0 0 0 37.7322 0 0 2.52547e-07 7.90234e-17 2.26214e-06 3.08138e-08 -0.30528 -2.8755e-07 4.95177 20.326 -9.11817e-08 5533.46 20.326 -9.11812e-08 5533.46 
37.6 18.1565 -1.05888e-07 5529.09 0 0 0 37.7322 0 0 2.52547e-07 7.90234e-17 2.26214e-06 8.25927e-08 -0.0779066 -7.38292e-07 4.95177 20.3445 -2.5585e-07 5533.49 20.3445 -2.55851e-07 5533.49 
37.7 18.1741 8.25605e-09 5529.2 0 0 0 37.7322 0 0 2.52562e-07 -6.13409e-17 2.26222e-06 3.10891e-08 -0.503382 -7.42916e-07 4.95175 20.3631 -1.97631e-07 5533.61 20.3631 -1.97632e-07 5533.61 
37.8 18.1941 5.80338e-08 5529.17 0 0 0 37.7322 0 0 2.52562e-07 -6.13409e-17 2.26222e-06 -9.18173e-09 -0.232542 -3.59058e-07 4.95175 20.3838 -2.86874e-08 5533.57 20.3838 -2.86871e-08 5533.57 
37.9 18.2136 1.86563e-08 5529.24 0 0 0 37.7322 0 0 2.52574e-07 -1.79291e-17 2.26205e-06 -3.56192e-08 -0.313858 1.20909e-07 4.95174 20.4043 1.00874e-07 5533.64 20.4043 1.00874e-07 5533.64 
38 18.2338 -3.91538e-08 5529.33 0 0 0 37.7322 0 0 2.52584e-07 -5.34619e-18 2.262e-06 2.52089e-08 -0.390457 -1.59912e-07 4.95174 20.4245 -1.99378e-08 5533.74 20.4245 -1.99373e-08 5533.74 
38.1 18.2521 -1.93192e-07 5529.17 0 0 0 37.7322 0 0 2.52584e-07 -5.34619e-18 2.262e-06 7.80559e-08 -0.107814 -5.29198e-07 4.95174 20.4441 -1.96009e-07 5533.57 20.4441 -1.96009e-07 5533.57 
38.2 18.274 1.82943e-07 5529.2 0 0 0 37.7322 0 0 2.52596e-07 3.69676e-17 2.26192e-06 1.91801e-08 -0.135906 1.75365e-07 4.95175 20.4652 1.78983e-07 5533.62 20.4652 1.78983e-07 5533.62 
38.3 18.2878 2.06129e-07 5529.31 0 0 0 37.7322 0 0 2.52618e-07 -2.36137e-17 2.26149e-06 -4.93856e-08 -0.2569 2.43287e-07 4.95172 20.4828 2.05807e-07 5533.7 20.4828 2.05807e-07 5533.7 
38.4 18.3058 1.42156e-07 5529.38 0 0 0 37.7322 0 0 2.52595e-07 -8.016e-18 2.26236e-06 -4.46393e-08 -0.301135 8.03056e-08 4.95173 20.4993 1.34498e-07 5533.79 20.4993 1.34498e-07 5533.79 
38.5 18.3254 9.10261e-08 5529.44 0 0 0 37.7322 0 0 2.52618e-07 -1.71648e-17 2.26189e-06 -1.61082e-08 -0.287782 -1.12293e-08 4.95176 20.5192 9.34903e-08 5533.86 20.5192 9.34903e-08 5533.86 
38.6 18.3268 8.78905e-08 5529.63 0 0 0 37.7322 0 0 2.52628e-07 -2.97009e-17 2.26172e-06 -1.10219e-08 -0.4996 -4.7407e-08 4.9517 20.5272 7.83862e-08 5534 20.5272 7.8386e-08 5534 
38.7 18.3116 7.01786e-08 5529.44 0 0 0 37.7322 0 0 2.52628e-07 -2.97009e-17 2.26172e-06 -1.10416e-08 -0.708927 -7.54116e-08 4.9517 20.5198 6.11156e-08 5533.77 20.5198 6.11158e-08 5533.77 
38.8 18.4435 2.56587e-08 5528.92 0 0 0 37.7322 0 0 2.52623e-07 -6.09381e-18 2.26221e-06 1.33494e-08 1.64279 -1.55087e-07 4.95171 20.6477 1.82556e-08 5533.26 20.6477 1.82556e-08 5533.26 
38.9 18.3886 6.15532e-08 5529.22 0 0 0 37.7322 0 0 2.52645e-07 -2.39142e-18 2.26184e-06 1.34971e-09 0.0696497 -9.53162e-08 4.95175 20.5859 5.78655e-08 5533.62 20.5859 5.78651e-08 5533.62 
39 18.3873 5.186e-08 5529.26 0 0 0 37.7322 0 0 2.52654e-07 -3.56759e-18 2.26176e-06 1.02436e-09 -0.282832 -9.78065e-08 4.95177 20.5836 4.97689e-08 5533.68 20.5836 4.97679e-08 5533.68 
39.1 18.3926 4.16934e-08 5529.24 0 0 0 37.7322 0 0 2.52654e-07 -4.56739e-18 2.26184e-06 8.45111e-10 -0.339386 -9.09858e-08 4.95175 20.5888 4.04769e-08 5533.66 20.5888 4.04773e-08 5533.66 
39.2 18.4003 3.04867e-08 5529.23 0 0 0 37.7322 0 0 2.52653e-07 -4.91361e-18 2.2619e-06 1.15456e-09 -0.275769 -9.30363e-08 4.95173 20.5962 3.00768e-08 5533.66 20.5962 3.00775e-08 5533.66 
39.3 18.4016 1.56721e-08 5529.18 0 0 0 37.7322 0 0 2.5265e-07 -4.7478e-18 2.26197e-06 1.98257e-09 -0.209128 -9.79529e-08 4.95172 20.5975 1.61397e-08 5533.62 20.5975 1.61394e-08 5533.62 
39.4 18.4009 8.09758e-09 5529.16 0 0 0 37.7322 0 0 2.52646e-07 -4.21508e-18 2.26201e-06 1.58351e-09 -0.116955 -8.89536e-08 4.95172 20.5971 9.3068e-09 5533.61 20.5971 9.30677e-09 5533.61 
39.5 18.3978 3.40156e-09 5529.22 0 0 0 37.7322 0 0 2.52643e-07 -4.17751e-18 2.26203e-06 1.20033e-09 -0.0403372 -7.88458e-08 4.95174 20.5943 5.07814e-09 5533.68 20.5943 5.07817e-09 5533.68 
39.6 18.3909 -2.18881e-09 5529.18 0 0 0 37.7322 0 0 2.52642e-07 -4.09653e-18 2.26201e-06 1.24247e-09 0.00162366 -7.15754e-08 4.95175 20.5874 -2.96739e-10 5533.63 20.5874 -2.96399e-10 5533.63 
39.7 18.3837 -1.1267e-08 5529.37 0 0 0 37.7322 0 0 2.5264e-07 -4.43252e-18 2.26198e-06 2.3162e-09 0.082225 -7.26947e-08 4.95178 20.5801 -9.35609e-09 5533.82 20.5801 -9.35608e-09 5533.82 
39.8 18.3726 -2.12346e-08 5529.22 0 0 0 37.7322 0 0 2.52636e-07 -3.84829e-18 2.26203e-06 3.89761e-09 0.055787 -7.44901e-08 4.95179 20.5685 -1.92465e-08 5533.68 20.5685 -1.92462e-08 5533.68 
39.9 18.3616 -3.07491e-08 5529.27 0 0 0 37.7322 0 0 2.5263e-07 -3.59336e-18 2.26212e-06 4.91151e-09 0.0633503 -7.52601e-08 4.9518 20.5569 -2.8746e-08 5533.73 20.5569 -2.87463e-08 5533.73 
40 18.3496 -3.87753e-08 5529.31 0 0 0 37.7322 0 0 2.52636e-07 -3.76681e-18 2.26192e-06 5.87685e-09 0.0623492 -7.48659e-08 4.9518 20.5442 -3.67598e-08 5533.76 20.5442 -3.67602e-08 5533.76 
40.1 18.3366 -4.50902e-08 5529.3 0 0 0 37.7322 0 0 2.52634e-07 -4.03346e-18 2.26191e-06 6.41236e-09 0.0425858 -7.05533e-08 4.9518 20.5304 -4.30108e-08 5533.75 20.5304 -4.30104e-08 5533.75 
40.2 18.3229 -4.92054e-08 5529.28 0 0 0 37.7322 0 0 2.52629e-07 -4.42297e-18 2.26194e-06 6.43625e-09 0.0184513 -6.19169e-08 4.95179 20.516 -4.70639e-08 5533.74 20.516 -4.70646e-08 5533.74 
40.3 18.3089 -5.21198e-08 5529.26 0 0 0 37.7322 0 0 2.52628e-07 -4.18586e-18 2.26187e-06 6.1021e-09 0.0101236 -5.09247e-08 4.95179 20.5013 -4.98613e-08 5533.71 20.5013 -4.98615e-08 5533.71 
40.4 18.2938 -5.47355e-08 5529.19 0 0 0 37.7322 0 0 2.52625e-07 -4.24361e-18 2.26189e-06 5.63353e-09 -0.0469556 -3.88987e-08 4.95179 20.4857 -5.23131e-08 5533.65 20.4857 -5.23136e-08 5533.65 
40.5 18.2797 -5.66724e-08 5529.21 0 0 0 37.7322 0 0 2.52617e-07 -4.16721e-18 2.26192e-06 5.08442e-09 0.00992094 -2.62644e-08 4.95179 20.4711 -5.40672e-08 5533.67 20.4711 -5.40675e-08 5533.67 
40.6 18.2602 -6.02264e-08 5529.16 0 0 0 37.7322 0 0 2.52611e-07 -3.98176e-18 2.26189e-06 4.6878e-09 0.0503986 -1.24253e-08 4.95181 20.4513 -5.7491e-08 5533.62 20.4513 -5.7491e-08 5533.62 
40.7 18.2487 -6.08226e-08 5529.18 0 0 0 37.7322 0 0 2.52609e-07 -4.02689e-18 2.26189e-06 4.20879e-09 -0.0226008 -3.45415e-09 4.95181 20.4393 -5.80132e-08 5533.64 20.4393 -5.80133e-08 5533.64 
40.8 18.2335 -6.21894e-08 5529.18 0 0 0 37.7322 0 0 2.52603e-07 -4.0515e-18 2.26189e-06 3.87765e-09 0.00547888 6.76325e-09 4.95182 20.4237 -5.93876e-08 5533.65 20.4237 -5.93878e-08 5533.65 
40.9 18.2194 -6.28142e-08 5529.18 0 0 0 37.7322 0 0 2.52595e-07 -4.14673e-18 2.26189e-06 3.56241e-09 0.098289 1.67872e-08 4.95183 20.4091 -6.00859e-08 5533.64 20.4091 -6.00859e-08 5533.64 
41 18.2057 -6.29678e-08 5529.12 0 0 0 37.7322 0 0 2.52584e-07 -4.02957e-18 2.26191e-06 3.36839e-09 0.314618 2.57239e-08 4.95184 20.3949 -6.041e-08 5533.58 20.3949 -6.04105e-08 5533.58 
41.1 18.1905 -6.26031e-08 5529.18 0 0 0 37.7322 0 0 2.52584e-07 -4.02957e-18 2.26191e-06 3.08535e-09 0.110488 3.4045e-08 4.95184 20.3791 -6.02564e-08 5533.64 20.3791 -6.02569e-08 5533.64 
41.2 18.1747 -6.15028e-08 5529.15 0 0 0 37.7322 0 0 2.52576e-07 -3.74342e-18 2.26195e-06 2.83369e-09 0.133655 4.26814e-08 4.95184 20.3627 -5.9407e-08 5533.61 20.3627 -5.94069e-08 5533.61 
41.3 18.1618 -5.9607e-08 5529.16 0 0 0 37.7322 0 0 2.52571e-07 -4.00511e-18 2.26193e-06 2.5411e-09 0.187624 4.8721e-08 4.95184 20.3493 -5.78826e-08 5533.61 20.3493 -5.78824e-08 5533.61 
41.4 18.1503 -5.61151e-08 5529.12 0 0 0 37.7322 0 0 2.52563e-07 -3.8791e-18 2.26198e-06 2.52831e-09 0.203282 5.52792e-08 4.95183 20.3374 -5.47242e-08 5533.57 20.3374 -5.47241e-08 5533.57 
41.5 18.1441 -5.37068e-08 5529.21 0 0 0 37.7322 0 0 2.52563e-07 -3.8791e-18 2.26198e-06 2.3136e-09 0.101651 5.93923e-08 4.95183 20.3308 -5.25524e-08 5533.67 20.3308 -5.25525e-08 5533.67 
41.6 18.1349 -5.04308e-08 5529.17 0 0 0 37.7322 0 0 2.5256e-07 -4.05924e-18 2.26197e-06 2.0837e-09 0.077252 6.28186e-08 4.95183 20.3213 -4.97777e-08 5533.62 20.3213 -4.97776e-08 5533.62 
41.7 18.128 -4.54637e-08 5529.16 0 0 0 37.7322 0 0 2.52556e-07 -3.77397e-18 2.26198e-06 1.60815e-09 0.104728 6.87393e-08 4.95182 20.3141 -4.50219e-08 5533.61 20.3141 -4.50224e-08 5533.61 
41.8 18.1227 -4.8153e-08 5529.03 0 0 0 37.7322 0 0 2.52552e-07 2.78687e-18 2.26195e-06 5.6569e-09 0.136116 3.96202e-08 4.95181 20.3085 -4.94936e-08 5533.47 20.3085 -4.94938e-08 5533.47 
41.9 18.1201 -5.10542e-08 5529.12 0 0 0 37.7322 0 0 2.52552e-07 2.78687e-18 2.26195e-06 9.1219e-09 0.085121 1.54679e-08 4.95181 20.3058 -5.74818e-08 5533.56 20.3058 -5.74819e-08 5533.56 
42 18.1191 -4.3531e-08 5529.01 0 0 0 37.7322 0 0 2.52541e-07 2.06003e-17 2.26207e-06 2.66462e-09 0.181578 1.75566e-08 4.9518 20.3047 -4.59694e-08 5533.45 20.3047 -4.59694e-08 5533.45 
42.1 18.1182 -4.48971e-08 5529.09 0 0 0 37.7322 0 0 2.52541e-07 2.06003e-17 2.26207e-06 1.23048e-09 0.153477 2.93253e-08 4.9518 20.3038 -4.01398e-08 5533.53 20.3038 -4.01401e-08 5533.53 
42.2 18.1202 -3.04058e-08 5528.97 0 0 0 37.7322 0 0 2.53029e-07 -1.79942e-17 2.24195e-06 4.51646e-09 0.134752 1.4451e-08 4.9518 20.3057 -3.43236e-08 5533.41 20.3057 -3.43238e-08 5533.41 
42.3 18.121 -2.53089e-08 5529.05 0 0 0 37.7322 0 0 2.53029e-07 -1.79942e-17 2.24195e-06 7.12214e-09 0.131834 -5.07725e-09 4.9518 20.3066 -4.13708e-08 5533.49 20.3066 -4.13712e-08 5533.49 
42.4 18.1218 -2.02133e-08 5529.13 0 0 0 37.7322 0 0 2.53029e-07 -1.79942e-17 2.24195e-06 9.72666e-09 0.128916 -2.4602e-08 4.9518 20.3075 -4.84125e-08 5533.56 20.3075 -4.84125e-08 5533.56 
42.5 18.1215 2.0029e-07 5528.6 0 0 0 37.7322 0 0 2.51888e-07 -3.38774e-16 2.28253e-06 -4.36276e-08 -0.10698 4.64606e-07 4.95178 20.3073 1.4789e-07 5533.04 20.3073 1.4789e-07 5533.04 
42.6 18.1265 2.84155e-07 5528.75 0 0 0 37.7322 0 0 2.51888e-07 -3.38774e-16 2.28253e-06 -1.02699e-07 -0.0774723 9.43725e-07 4.95178 20.3124 3.35248e-07 5533.18 20.3124 3.35248e-07 5533.18 
42.7 18.1319 3.85358e-07 5528.9 0 0 0 37.7322 0 0 2.51888e-07 -3.38774e-16 2.28253e-06 -1.82366e-07 -0.0415226 1.5919e-06 4.95178 20.3179 5.86319e-07 5533.33 20.3179 5.8632e-07 5533.33 
42.8 18.1378 5.03913e-07 5529.04 0 0 0 37.7322 0 0 2.51888e-07 -3.38774e-16 2.28253e-06 -2.82625e-07 0.000869216 2.40913e-06 4.95178 20.324 9.01104e-07 5533.47 20.324 9.01104e-07 5533.47 
42.9 18.1409 -2.96653e-08 5528.73 0 0 0 37.7322 0 0 2.52278e-07 4.25955e-16 2.26896e-06 -1.24204e-07 -0.275624 1.80804e-06 4.95176 20.3274 6.3688e-07 5533.15 20.3274 6.3688e-07 5533.15 
43 18.1489 -1.55419e-07 5528.85 0 0 0 37.7322 0 0 2.52278e-07 4.25955e-16 2.26896e-06 4.26191e-08 -0.203325 4.06521e-07 4.95176 20.3356 1.12821e-07 5533.28 20.3356 1.12821e-07 5533.28 
43.1 18.1574 -3.1546e-07 5528.98 0 0 0 37.7322 0 0 2.52278e-07 4.25955e-16 2.26896e-06 2.78487e-07 -0.123 -1.56791e-06 4.95176 20.3444 -6.21909e-07 5533.4 20.3444 -6.21909e-07 5533.4 
43.2 18.1663 -5.0975e-07 5529.09 0 0 0 37.7322 0 0 2.52278e-07 4.25955e-16 2.26896e-06 5.83405e-07 -0.0346478 -4.11529e-06 4.95176 20.3536 -1.56731e-06 5533.52 20.3536 -1.56731e-06 5533.52 
43.3 18.1728 -1.1475e-06 5528.96 0 0 0 37.7322 0 0 2.52572e-07 1.153e-15 2.26182e-06 1.90647e-07 -0.328529 -6.95497e-06 4.95176 20.3605 -2.64398e-06 5533.38 20.3605 -2.64398e-06 5533.38 
43.4 18.1827 -1.57815e-06 5529.03 0 0 0 37.7322 0 0 2.52572e-07 1.153e-15 2.26182e-06 4.05087e-07 -0.221213 -8.48342e-06 4.95176 20.3707 -3.30584e-06 5533.45 20.3707 -3.30584e-06 5533.45 
43.5 18.1928 -2.09169e-06 5529.09 0 0 0 37.7322 0 0 2.52572e-07 1.153e-15 2.26182e-06 6.04144e-07 -0.10959 -9.82078e-06 4.95176 20.3812 -3.92479e-06 5533.51 20.3812 -3.92479e-06 5533.51 
43.6 18.2003 -1.0041e-06 5529.11 0 0 0 37.7322 0 0 2.52577e-07 1.85386e-15 2.26194e-06 -1.27289e-06 -0.497129 -7.60599e-06 4.95176 20.3891 -2.62769e-06 5533.53 20.3891 -2.62769e-06 5533.53 
43.7 18.2105 1.32359e-07 5529.11 0 0 0 37.7322 0 0 2.52577e-07 1.85386e-15 2.26194e-06 -1.67638e-06 -0.368237 -4.48283e-06 4.95176 20.3997 -1.07293e-06 5533.53 20.3997 -1.07293e-06 5533.53 
43.8 18.2209 1.54613e-06 5529.11 0 0 0 37.7322 0 0 2.52577e-07 1.85386e-15 2.26194e-06 -2.22438e-06 -0.236862 -2.34784e-07 4.95176 20.4105 9.98627e-07 5533.53 20.4105 9.98627e-07 5533.53 
43.9 18.2313 3.23726e-06 5529.1 0 0 0 37.7322 0 0 2.52577e-07 1.85386e-15 2.26194e-06 -2.91691e-06 -0.103001 5.13821e-06 4.95176 20.4214 3.58699e-06 5533.52 20.4214 3.58699e-06 5533.52 
44 18.2457 -1.33393e-06 5529.17 0 0 0 37.7322 0 0 2.52592e-07 4.86692e-16 2.26183e-06 4.93166e-07 -0.122515 -4.101e-06 4.95175 20.4363 -1.58186e-06 5533.59 20.4363 -1.58186e-06 5533.59 
44.1 18.2511 -1.33082e-06 5529.15 0 0 0 37.7322 0 0 2.52592e-07 4.86692e-16 2.26183e-06 7.44059e-07 -0.0489618 -6.54728e-06 4.95175 20.442 -2.64067e-06 5533.57 20.442 -2.64067e-06 5533.57 
44.2 18.2613 -1.20222e-06 5529.09 0 0 0 37.7322 0 0 2.52585e-07 1.29563e-15 2.26211e-06 2.30646e-06 -0.124428 -7.12578e-06 4.95176 20.4528 -2.44261e-06 5533.51 20.4528 -2.44261e-06 5533.51 
44.3 18.2659 -2.03936e-06 5529.06 0 0 0 37.7322 0 0 2.52585e-07 1.29563e-15 2.26211e-06 2.46674e-06 -0.0578261 -7.94586e-06 4.95176 20.4579 -2.87729e-06 5533.48 20.4579 -2.87729e-06 5533.48 
44.4 18.2754 8.04398e-07 5529.17 0 0 0 37.7322 0 0 2.52598e-07 4.47173e-16 2.26194e-06 1.71559e-07 -0.0855237 -1.54847e-06 4.95176 20.4677 4.05925e-07 5533.6 20.4677 4.05924e-07 5533.6 
44.5 18.2827 -1.81396e-06 5529.16 0 0 0 37.7322 0 0 2.52605e-07 -3.16708e-16 2.2619e-06 7.96169e-07 -0.137019 -4.35589e-06 4.95176 20.4753 -1.82317e-06 5533.58 20.4753 -1.82317e-06 5533.58 
44.6 18.286 -1.53455e-06 5529.12 0 0 0 37.7322 0 0 2.52605e-07 -3.16708e-16 2.2619e-06 6.15176e-07 -0.08919 -3.1663e-06 4.95176 20.4789 -1.53805e-06 5533.54 20.4789 -1.53805e-06 5533.54 
44.7 18.2908 -4.75785e-07 5529.16 0 0 0 37.7322 0 0 2.52607e-07 -1.96243e-16 2.26195e-06 9.69433e-07 -0.114421 -9.92769e-07 4.95176 20.4843 -4.64703e-07 5533.58 20.4843 -4.64702e-07 5533.58 
44.8 18.2929 -2.82674e-07 5529.12 0 0 0 37.7322 0 0 2.52607e-07 -1.96243e-16 2.26195e-06 8.09751e-07 -0.0799408 1.82741e-07 4.95176 20.4868 -1.4124e-07 5533.55 20.4868 -1.4124e-07 5533.55 
44.9 18.2966 1.72112e-06 5529.16 0 0 0 37.7322 0 0 2.52617e-07 -5.8923e-16 2.26177e-06 -8.92835e-07 -0.0917816 3.66966e-06 4.95177 20.4903 1.91626e-06 5533.59 20.4903 1.91626e-06 5533.59 
45 18.2981 1.80386e-06 5529.13 0 0 0 37.7322 0 0 2.52617e-07 -5.8923e-16 2.26177e-06 -9.24992e-07 -0.0660063 3.70445e-06 4.95177 20.492 2.06707e-06 5533.56 20.492 2.06707e-06 5533.56 
45.1 18.299 4.53105e-07 5529.16 0 0 0 37.7322 0 0 2.52612e-07 -1.08638e-15 2.26198e-06 1.08343e-07 -0.0648696 -2.98797e-07 4.95177 20.4933 1.5937e-07 5533.59 20.4933 1.5937e-07 5533.59 
45.2 18.2982 -8.42583e-07 5529.2 0 0 0 37.7322 0 0 2.52616e-07 1.93183e-15 2.2619e-06 4.05563e-07 -0.0678107 -2.92312e-06 4.95178 20.4927 -8.04487e-07 5533.63 20.4927 -8.04487e-07 5533.63 
45.3 18.2976 -9.42494e-07 5529.17 0 0 0 37.7322 0 0 2.52616e-07 1.93183e-15 2.2619e-06 3.8894e-07 -0.0680276 -2.58018e-06 4.95178 20.4925 -7.09205e-07 5533.6 20.4925 -7.09205e-07 5533.6 
45.4 18.2985 1.66595e-07 5529.44 0 0 0 37.7322 0 0 2.52616e-07 2.13773e-16 2.26191e-06 8.51363e-08 -0.0549319 -5.72685e-07 4.95178 20.4936 1.48917e-07 5533.87 20.4936 1.48917e-07 5533.87 
45.5 18.2961 6.75823e-07 5529.24 0 0 0 37.7322 0 0 2.52616e-07 2.13773e-16 2.26191e-06 -2.18324e-07 -0.033768 1.07599e-06 4.95178 20.491 8.86092e-07 5533.67 20.491 8.86092e-07 5533.67 
45.6 18.2958 -4.3992e-08 5529.44 0 0 0 37.7322 0 0 2.52617e-07 -4.25533e-17 2.26186e-06 3.5772e-08 -0.0301457 8.22002e-07 4.95179 20.4904 1.48891e-07 5533.88 20.4904 1.48891e-07 5533.88 
45.7 18.2907 -7.25314e-07 5529.19 0 0 0 37.7322 0 0 2.52617e-07 -4.25533e-17 2.26186e-06 2.26897e-07 -0.0323877 -2.21365e-07 4.95179 20.4854 -6.92767e-07 5533.63 20.4854 -6.92766e-07 5533.63 
45.8 18.2869 6.87839e-07 5529.41 0 0 0 37.7322 0 0 2.52614e-07 -9.95378e-16 2.26191e-06 1.3763e-06 -0.0390854 2.20372e-07 4.95179 20.4818 2.66887e-08 5533.85 20.4818 2.66885e-08 5533.85 
45.9 18.2829 5.13977e-07 5529.39 0 0 0 37.7322 0 0 2.52615e-07 3.57162e-16 2.26186e-06 2.18261e-07 0.0163097 -2.91539e-06 4.9518 20.4794 -3.49856e-08 5533.82 20.4794 -3.4986e-08 5533.82 
46 18.2743 -7.8699e-07 5529.41 0 0 0 37.7322 0 0 2.52612e-07 1.81084e-17 2.26194e-06 3.58145e-07 -0.0503359 -2.86275e-06 4.95178 20.4712 -8.19467e-07 5533.83 20.4712 -8.19467e-07 5533.83 
46.1 18.2743 -1.23881e-06 5529.31 0 0 0 37.7322 0 0 2.52645e-07 2.09489e-16 2.26066e-06 2.73122e-07 -0.0368854 -1.96718e-06 4.95184 20.4618 -1.13956e-06 5533.81 20.4618 -1.13956e-06 5533.81 
46.2 18.2702 2.85515e-07 5529.1 0 0 0 37.7322 0 0 2.52604e-07 9.97899e-17 2.262e-06 -4.25935e-08 0.133591 4.69846e-07 4.95178 20.4604 2.91702e-07 5533.58 20.4604 2.91702e-07 5533.58 
46.3 18.2546 2.01654e-07 5529.21 0 0 0 37.7322 0 0 2.52614e-07 4.82197e-17 2.26166e-06 -3.64428e-08 0.0169241 2.83635e-07 4.95182 20.4458 2.18436e-07 5533.68 20.4458 2.18435e-07 5533.68 
46.4 18.2515 9.3619e-08 5529.17 0 0 0 37.7322 0 0 2.52615e-07 1.12274e-19 2.26159e-06 -1.1791e-08 -0.0030371 1.47729e-08 4.95185 20.442 1.02916e-07 5533.63 20.442 1.02916e-07 5533.63 
46.5 18.2455 1.50811e-08 5529.16 0 0 0 37.7322 0 0 2.52607e-07 -3.95503e-17 2.26168e-06 -2.2552e-08 0.120604 -1.29968e-07 4.9518 20.4391 1.87579e-08 5533.61 20.4391 1.87575e-08 5533.61 
46.6 18.2382 -6.2071e-08 5529.2 0 0 0 37.7322 0 0 2.52604e-07 -6.96002e-18 2.26181e-06 1.37784e-08 0.0533927 -2.42535e-07 4.95183 20.4289 -5.73869e-08 5533.66 20.4289 -5.73871e-08 5533.66 
46.7 18.234 -7.70432e-08 5529.19 0 0 0 37.7322 0 0 2.52605e-07 -1.18566e-17 2.26174e-06 1.30617e-08 0.0131181 -2.35394e-07 4.95185 20.4234 -7.52617e-08 5533.65 20.4234 -7.52612e-08 5533.65 
46.8 18.224 -9.95318e-08 5529.2 0 0 0 37.7322 0 0 2.52606e-07 -5.49778e-18 2.26161e-06 2.01067e-08 -0.0494947 -2.35518e-07 4.9518 20.4172 -9.95164e-08 5533.65 20.4172 -9.95162e-08 5533.65 
46.9 18.2191 -1.23695e-07 5529.22 0 0 0 37.7322 0 0 2.52592e-07 -2.57435e-18 2.26193e-06 2.25693e-08 0.0886908 -2.18675e-07 4.9518 20.4123 -1.22588e-07 5533.64 20.4123 -1.22589e-07 5533.64 
47 18.2206 -1.36186e-07 5529.17 0 0 0 37.7322 0 0 2.52591e-07 -6.22106e-18 2.26196e-06 2.27829e-08 0.0956959 -2.0261e-07 4.95183 20.4087 -1.35391e-07 5533.63 20.4087 -1.35391e-07 5533.63 
47.1 18.2003 -1.53487e-07 5529.28 0 0 0 37.7322 0 0 2.526e-07 -3.65302e-18 2.26163e-06 2.44585e-08 -0.157005 -1.85318e-07 4.95179 20.3963 -1.52199e-07 5533.69 20.3963 -1.52199e-07 5533.69 
47.2 18.213 -1.73222e-07 5529.14 0 0 0 37.7322 0 0 2.52612e-07 -5.06915e-18 2.26093e-06 2.55412e-08 0.145507 -1.64898e-07 4.95184 20.3987 -1.7194e-07 5533.62 20.3987 -1.7194e-07 5533.62 
47.3 18.2005 -1.87e-07 5529.19 0 0 0 37.7322 0 0 2.52595e-07 -4.49048e-18 2.26159e-06 2.68723e-08 -0.0192465 -1.45059e-07 4.9518 20.3912 -1.86289e-07 5533.64 20.3912 -1.86289e-07 5533.64 
47.4 18.2032 -2.0375e-07 5529.19 0 0 0 37.7322 0 0 2.52585e-07 -4.6432e-18 2.2619e-06 2.7813e-08 0.162595 -1.2186e-07 4.95181 20.3931 -2.03525e-07 5533.63 20.3931 -2.03525e-07 5533.63 
47.5 18.1994 -2.14041e-07 5529.19 0 0 0 37.7322 0 0 2.52585e-07 -5.51653e-18 2.26187e-06 2.78255e-08 -0.0402889 -9.81225e-08 4.95183 20.3824 -2.13815e-07 5533.68 20.3824 -2.13815e-07 5533.68 
