0 3.30205 4.54557e-13 5184.6 0 0 0 33.2672 0 0 2.14491e-07 -7.49281e-21 2.44335e-06 7.4718e-14 -53.067 -3.56909e-13 4.8121 4.26824 -1.34368e-13 5188.35 4.26824 -3.40433e-13 5188.35 
0.1 2.83629 2.80235e-06 5439.3 0 0 0 33.2672 0 0 2.22898e-07 -5.00578e-15 2.36363e-06 -5.97024e-07 -16.6532 6.205e-06 4.8421 4.37727 2.59865e-06 5442.44 4.37727 2.59865e-06 5442.44 
0.2 10.4526 1.30004e-06 5478.38 0 0 0 33.2672 0 0 2.372e-07 -3.34799e-16 2.23038e-06 -4.15102e-07 16.5085 3.04362e-06 4.90341 12.6419 1.2893e-06 5482.61 12.6419 1.28931e-06 5482.61 
0.3 17.6987 8.94968e-07 5531.46 0 0 0 33.2672 0 0 2.20346e-07 2.03404e-17 2.08067e-06 -2.63746e-07 48.831 2.20201e-06 4.95306 20.6675 9.15674e-07 5536.67 20.6675 9.15674e-07 5536.67 
0.4 21.5704 2.04945e-07 5573.82 0 0 0 33.2672 0 0 2.39725e-07 1.25616e-17 2.17754e-06 -1.12821e-07 57.0564 6.39594e-07 4.96845 24.5572 2.50255e-07 5578.06 24.5572 2.50255e-07 5578.06 
0.5 26.2326 2.27359e-07 5608.95 0 0 0 33.2672 0 0 2.42617e-07 -1.14936e-17 2.13761e-06 -7.8971e-08 55.5187 5.05001e-07 4.98306 28.6844 2.40596e-07 5611.11 28.6844 2.40596e-07 5611.11 
0.6 28.8059 2.83983e-07 5611.69 0 0 0 33.2672 0 0 2.4485e-07 -7.9988e-18 2.14715e-06 -8.97154e-08 34.5135 6.32342e-07 4.98068 30.5454 2.97179e-07 5612.06 30.5454 2.97179e-07 5612.06 
0.7 29.327 -6.02575e-08 5594.24 0 0 0 33.2672 0 0 2.48633e-07 -4.49006e-17 2.24975e-06 -2.86122e-09 -10.7224 -1.89626e-07 4.95281 30.2878 -5.31246e-08 5593.81 30.2878 -5.31246e-08 5593.81 
0.8 29.8255 -8.66029e-08 5564.77 0 0 0 33.2672 0 0 2.48726e-07 -3.99002e-17 2.19599e-06 2.42935e-08 -39.57 -3.03212e-07 4.93186 30.2352 -8.90532e-08 5564.92 30.2352 -8.90531e-08 5564.92 
0.9 29.5717 7.40229e-08 5527.33 0 0 0 33.2672 0 0 2.49741e-07 -1.03978e-17 2.20308e-06 -7.48471e-09 -69.9103 7.05784e-08 4.91172 29.795 7.32159e-08 5529.22 29.795 7.3216e-08 5529.22 
1 29.1443 5.84819e-08 5499.57 0 0 0 33.2672 0 0 2.50525e-07 -7.02129e-18 2.21256e-06 -6.43375e-09 -82.0446 3.72156e-08 4.8989 29.4884 5.59253e-08 5503.75 29.4884 5.59256e-08 5503.75 
1.1 29.3125 -0.00210226 5485.17 0 0 0 33.2672 0 0 2.52834e-07 -1.78309e-17 2.22445e-06 0.000518304 -95.5952 -0.00445258 4.899 30.6871 -0.00231465 5491.84 30.6871 -0.00231465 5491.84 
1.2 29.6611 2.8826e-06 5484.39 0 0 0 33.2672 0 0 2.56983e-07 -7.61892e-16 2.24095e-06 -1.23138e-07 -69.3097 -4.61704e-07 4.91167 31.4724 3.61713e-06 5492.57 31.4724 3.61713e-06 5492.57 
1.3 29.1611 -1.4674e-05 5494.49 0 0 0 33.2672 0 0 2.61486e-07 -7.41005e-17 2.22806e-06 -3.05271e-07 -44.3767 3.83655e-05 4.92497 31.386 -1.57248e-05 5504.58 31.386 -1.57248e-05 5504.58 
1.4 28.0652 7.87101e-06 5511.14 0 0 0 33.2672 0 0 2.52839e-07 -6.0642e-18 2.15885e-06 -1.43657e-07 -14.333 -1.83599e-05 4.9387 30.6174 7.90668e-06 5522.52 30.6174 7.90668e-06 5522.52 
1.5 26.6501 -4.9106e-06 5527.71 0 0 0 33.2672 0 0 2.52677e-07 -4.69992e-18 2.15129e-06 4.19619e-08 11.5361 1.03056e-05 4.95229 29.255 -4.7311e-06 5539.16 29.255 -4.7311e-06 5539.16 
1.6 25.5338 -3.15087e-07 5547.8 0 0 0 33.2672 0 0 2.50647e-07 -9.82368e-18 2.21633e-06 5.11443e-08 42.8164 4.82464e-07 4.97167 28.0176 -5.27341e-07 5558.47 28.0176 -5.27341e-07 5558.47 
1.7 23.5635 3.08552e-07 5556.99 0 0 0 33.2672 0 0 2.50399e-07 -9.14971e-18 2.20092e-06 -5.46722e-08 60.2104 -1.06873e-06 4.97952 25.7664 4.28545e-07 5566.24 25.7664 4.28544e-07 5566.24 
1.8 21.7742 -1.19466e-06 5553.41 0 0 0 33.2672 0 0 2.49284e-07 -8.87545e-18 2.1975e-06 1.28914e-07 63.0896 1.3976e-06 4.97259 23.6246 -1.25155e-06 5560.8 23.6246 -1.25155e-06 5560.8 
1.9 20.3404 9.14386e-07 5544.74 0 0 0 33.2672 0 0 2.45792e-07 -8.74027e-18 2.17155e-06 -1.0334e-07 63.2589 -1.32009e-06 4.94985 21.9243 9.1377e-07 5550.15 21.9243 9.1377e-07 5550.15 
2 17.9881 0.0175861 5532.75 0 0 0 33.2672 0 0 2.48102e-07 -3.14048e-18 2.27662e-06 -0.00445142 44.3274 0.0485776 4.93004 19.6802 0.0161314 5536.39 19.6802 0.0161314 5536.39 
2.1 15.8555 -4.88213e-06 5530.58 0 0 0 33.2672 0 0 2.51283e-07 4.9809e-15 2.21635e-06 -1.39224e-06 12.2053 -7.54105e-06 4.9349 17.5062 1.28559e-06 5533.06 17.5062 1.28559e-06 5533.06 
2.2 13.8048 -8.67811e-06 5530.54 0 0 0 33.2672 0 0 2.53973e-07 -3.48354e-18 2.18466e-06 -3.87208e-07 -19.8463 2.35006e-05 4.94557 15.4455 -8.99768e-06 5533.21 15.4455 -8.99768e-06 5533.21 
2.3 12.7047 2.51217e-06 5526.85 0 0 0 33.2672 0 0 2.54502e-07 -1.61553e-16 2.17924e-06 4.57371e-07 -38.3507 -1.5992e-05 4.94948 14.3717 2.50303e-06 5530.53 14.3717 2.50304e-06 5530.53 
2.4 12.2523 -6.45644e-06 5521.19 0 0 0 33.2672 0 0 2.5347e-07 -8.35948e-17 2.19424e-06 3.38943e-07 -40.1675 7.88103e-06 4.94665 13.9847 -6.37631e-06 5526.11 13.9847 -6.37631e-06 5526.11 
2.5 12.1754 8.15441e-07 5515.7 0 0 0 33.2672 0 0 2.5432e-07 -2.80352e-17 2.14639e-06 1.06597e-07 -26.813 -2.89972e-06 4.93802 14.0113 7.82957e-07 5521.73 14.0113 7.82957e-07 5521.73 
2.6 12.1539 3.07885e-07 5514.65 0 0 0 33.2672 0 0 2.44532e-07 -1.22337e-17 2.42156e-06 9.41823e-09 -8.31358 -3.56807e-07 4.93234 14.1292 3.9781e-07 5521.18 14.1292 3.97811e-07 5521.18 
2.7 11.6079 -1.65465e-06 5519.81 0 0 0 33.2672 0 0 2.49735e-07 -1.02722e-17 2.22105e-06 9.38403e-08 5.42143 -3.52059e-07 4.94038 13.7057 -1.66927e-06 5526.31 13.7057 -1.66927e-06 5526.31 
2.8 10.5524 -7.27252e-07 5528.28 0 0 0 33.2672 0 0 2.45646e-07 -7.64974e-18 2.31824e-06 2.88284e-08 8.11529 -8.19128e-07 4.95228 12.6904 -7.0492e-07 5534.6 12.6904 -7.0492e-07 5534.6 
2.9 9.58954 1.06998e-06 5534.77 0 0 0 33.2672 0 0 2.50284e-07 -3.01972e-18 2.1947e-06 -7.50795e-08 12.3195 6.44633e-07 4.95614 11.6826 1.09289e-06 5540.81 11.6826 1.09289e-06 5540.81 
3 8.59428 0.0202422 5538.49 0 0 0 33.2672 0 0 2.47922e-07 1.34784e-18 2.25031e-06 -0.00633871 16.4677 0.0578084 4.95278 10.546 0.0207855 5544.25 10.546 0.0207855 5544.25 
3.1 7.91277 -6.32409e-06 5538.3 0 0 0 33.2672 0 0 2.47528e-07 2.54106e-15 2.25375e-06 -1.62629e-06 18.4031 -1.79443e-06 4.95101 9.75342 -1.86204e-06 5543.3 9.75342 -1.86204e-06 5543.3 
3.2 6.86495 -1.11622e-06 5536.33 0 0 0 33.2672 0 0 2.47302e-07 -4.48981e-16 2.25516e-06 5.38353e-08 13.512 -6.92232e-07 4.9504 8.60091 -5.36703e-07 5540.93 8.60091 -5.36703e-07 5540.93 
3.3 6.17931 -2.07841e-06 5531.15 0 0 0 33.2672 0 0 2.4717e-07 -1.34572e-16 2.25077e-06 6.32949e-07 11.7846 -4.06844e-06 4.94556 7.85357 -2.06661e-06 5535.43 7.85357 -2.06661e-06 5535.43 
3.4 5.78274 -9.89132e-07 5526.27 0 0 0 33.2672 0 0 2.46349e-07 -5.23269e-17 2.26769e-06 3.17497e-07 11.3989 -2.89869e-06 4.94046 7.46113 -9.55499e-07 5530.13 7.46113 -9.55499e-07 5530.13 
3.5 5.62152 -6.38607e-07 5523.31 0 0 0 33.2672 0 0 2.45268e-07 -1.46442e-17 2.27603e-06 1.53677e-07 10.121 -8.02269e-07 4.93657 7.34958 -6.35726e-07 5526.72 7.34958 -6.35726e-07 5526.72 
3.6 5.65933 -8.37016e-07 5523.02 0 0 0 33.2672 0 0 2.45239e-07 -7.10955e-18 2.28774e-06 7.46123e-08 7.34515 -4.47662e-07 4.93502 7.45941 -8.4103e-07 5526.05 7.45941 -8.4103e-07 5526.05 
3.7 5.70503 -5.63607e-07 5524.98 0 0 0 33.2672 0 0 2.44933e-07 -1.52991e-17 2.31025e-06 2.1204e-07 0.750172 -1.67436e-06 4.93775 7.57436 -5.70771e-07 5527.77 7.57436 -5.70772e-07 5527.77 
3.8 5.93777 3.43319e-08 5527.79 0 0 0 33.2672 0 0 2.46997e-07 2.03262e-18 2.23188e-06 7.99443e-08 -5.63123 -2.54969e-07 4.93964 7.85044 1.90765e-08 5530.59 7.85044 1.90764e-08 5530.59 
3.9 6.42533 -1.698e-07 5529.95 0 0 0 33.2672 0 0 2.45942e-07 2.43045e-17 2.26375e-06 -4.64046e-08 -6.38571 4.56577e-07 4.93959 8.35863 -1.71149e-07 5532.89 8.35863 -1.71149e-07 5532.89 
4 6.84347 0.0240624 5531.53 0 0 0 33.2672 0 0 2.45433e-07 -1.42847e-18 2.263e-06 -0.00671099 -5.79171 0.0608255 4.94062 8.73773 0.0219835 5534.66 8.73773 0.0219835 5534.66 
4.1 7.45874 -1.13693e-05 5532.34 0 0 0 33.2672 0 0 2.45656e-07 2.38931e-15 2.25621e-06 5.10266e-08 -6.39446 -1.41003e-05 4.94185 9.3218 -6.21035e-06 5535.67 9.3218 -6.21035e-06 5535.67 
4.2 7.90046 7.18839e-07 5531.61 0 0 0 33.2672 0 0 2.45472e-07 -2.70908e-16 2.25648e-06 -1.30274e-07 -4.50736 -4.25821e-06 4.94062 9.74448 1.50562e-06 5535.15 9.74448 1.50562e-06 5535.15 
4.3 8.4206 -3.68713e-06 5530.32 0 0 0 33.2672 0 0 2.45089e-07 -7.53486e-17 2.263e-06 8.52161e-07 -0.266412 -3.15087e-06 4.9385 10.2527 -3.73478e-06 5533.92 10.2527 -3.73478e-06 5533.92 
4.4 8.88338 -2.89255e-07 5529.4 0 0 0 33.2672 0 0 2.44898e-07 -2.78193e-17 2.27107e-06 2.05297e-07 3.34522 -2.53969e-06 4.93745 10.7199 -2.73651e-07 5532.92 10.7199 -2.73652e-07 5532.92 
4.5 9.29352 -7.35071e-07 5528.75 0 0 0 33.2672 0 0 2.44639e-07 -1.92404e-17 2.27178e-06 1.92181e-07 5.26127 -1.61284e-06 4.93664 11.1407 -7.22981e-07 5532.11 11.1407 -7.22981e-07 5532.11 
4.6 9.73148 -8.06947e-07 5528.28 0 0 0 33.2672 0 0 2.44668e-07 -1.35653e-17 2.27176e-06 2.22232e-07 4.99881 -1.42965e-06 4.93636 11.5939 -8.23023e-07 5531.43 11.5939 -8.23022e-07 5531.43 
4.7 10.2375 -7.29267e-08 5528.65 0 0 0 33.2672 0 0 2.4482e-07 -6.20189e-18 2.26944e-06 7.53139e-08 4.1866 -4.98297e-07 4.93643 12.1157 -8.84225e-08 5531.59 12.1157 -8.84222e-08 5531.59 
4.8 10.8399 -1.69646e-08 5529.23 0 0 0 33.2672 0 0 2.4501e-07 1.87093e-18 2.26488e-06 3.12901e-08 4.55153 -1.07338e-08 4.93618 12.732 -3.18695e-08 5532 12.732 -3.18693e-08 5532 
4.9 11.5127 -6.52961e-08 5529.57 0 0 0 33.2672 0 0 2.45167e-07 -1.43198e-17 2.26869e-06 7.18852e-08 1.46308 -4.54213e-07 4.93578 13.4179 -9.53334e-08 5532.21 13.4179 -9.53335e-08 5532.21 
5 12.2277 6.15737e-08 5530.09 0 0 0 33.2672 0 0 2.4553e-07 -9.04649e-18 2.26156e-06 6.20764e-08 -1.84136 -3.51516e-07 4.93566 14.1443 2.36045e-08 5532.65 14.1443 2.36048e-08 5532.65 
5.1 12.8524 0.0206191 5529.7 0 0 0 33.2672 0 0 2.45434e-07 1.52616e-18 2.2596e-06 -0.00590983 -0.323471 0.0546187 4.93584 14.7773 0.0197023 5532.23 14.7773 0.0197023 5532.23 
5.2 13.8046 -8.50943e-06 5529.85 0 0 0 33.2672 0 0 2.4583e-07 2.85523e-15 2.25603e-06 1.81614e-06 -3.11725 -1.77659e-05 4.93565 15.7099 -5.9407e-06 5532.48 15.7099 -5.9407e-06 5532.48 
5.3 14.5349 2.92376e-06 5529.46 0 0 0 33.2672 0 0 2.46077e-07 -1.26903e-16 2.25297e-06 -2.05389e-07 -4.49351 -6.23235e-06 4.93519 16.4504 3.54361e-06 5532.21 16.4504 3.54361e-06 5532.21 
5.4 15.2796 -3.58065e-06 5529.92 0 0 0 33.2672 0 0 2.4655e-07 -8.59415e-17 2.253e-06 7.13304e-07 -7.37085 -9.12273e-07 4.93521 17.2065 -3.74543e-06 5532.82 17.2065 -3.74543e-06 5532.82 
5.5 16.0044 2.81971e-07 5529.69 0 0 0 33.2672 0 0 2.4659e-07 -4.85633e-17 2.24958e-06 2.46373e-07 -6.78835 -3.7395e-06 4.93538 17.9445 3.27727e-07 5532.75 17.9445 3.27727e-07 5532.75 
5.6 16.6563 1.29185e-07 5529.54 0 0 0 33.2672 0 0 2.46823e-07 -4.25147e-17 2.2483e-06 1.36633e-07 -5.92123 -1.80282e-06 4.93556 18.609 8.96295e-08 5532.77 18.609 8.96296e-08 5532.77 
5.7 17.2397 -4.57998e-07 5529.24 0 0 0 33.2672 0 0 2.47032e-07 -1.13088e-17 2.24646e-06 1.25816e-07 -4.50583 -1.11912e-07 4.93589 19.2033 -4.81474e-07 5532.61 19.2033 -4.81474e-07 5532.61 
5.8 17.7451 1.77049e-07 5531.01 0 0 0 33.2672 0 0 2.47279e-07 -1.05843e-17 2.24449e-06 4.89519e-08 -4.9992 -9.64042e-07 4.93646 19.7158 1.27412e-07 5534.51 19.7158 1.27412e-07 5534.51 
5.9 18.1646 -5.69844e-08 5530.43 0 0 0 33.2672 0 0 2.47463e-07 -7.75934e-18 2.24272e-06 3.24973e-08 -3.49029 -8.50119e-08 4.93685 20.1382 -5.28076e-08 5534.05 20.1382 -5.28076e-08 5534.05 
6 18.4986 6.85422e-08 5530.8 0 0 0 33.2672 0 0 2.4766e-07 -4.78414e-18 2.24091e-06 7.66573e-09 -3.01545 8.62613e-08 4.93729 20.4709 5.84005e-08 5534.52 20.4709 5.84014e-08 5534.52 
6.1 18.5413 0.017557 5529.65 0 0 0 33.2672 0 0 2.47783e-07 -1.51873e-18 2.23933e-06 -0.0045099 -3.05794 0.0458548 4.93765 20.5348 0.0164312 5533.52 20.5348 0.0164312 5533.52 
6.2 18.913 -8.87723e-06 5530.11 0 0 0 33.2672 0 0 2.48017e-07 3.32569e-15 2.23691e-06 9.5789e-07 -2.98432 -1.39931e-05 4.93777 20.8744 -5.76203e-06 5534.03 20.8744 -5.76203e-06 5534.03 
6.3 19.0114 3.01594e-07 5530.26 0 0 0 33.2672 0 0 2.48207e-07 -5.53687e-16 2.23412e-06 -6.16056e-07 -3.18953 3.18464e-06 4.93798 20.9677 9.54843e-07 5534.29 20.9677 9.54844e-07 5534.29 
6.4 19.0369 -2.05108e-06 5530.38 0 0 0 33.2672 0 0 2.48307e-07 -9.71536e-17 2.23398e-06 6.3536e-07 -3.25162 -4.54636e-06 4.93836 20.9888 -2.05243e-06 5534.53 20.9888 -2.05243e-06 5534.53 
6.5 18.9896 -8.83417e-07 5530.72 0 0 0 33.2672 0 0 2.48422e-07 -5.35118e-17 2.23312e-06 2.02907e-07 -3.08084 -1.08671e-06 4.93884 20.9372 -8.20067e-07 5534.99 20.9372 -8.20067e-07 5534.99 
6.6 18.8585 -6.70716e-07 5529.6 0 0 0 33.2672 0 0 2.48504e-07 -6.34342e-17 2.23086e-06 7.55037e-08 -3.51416 -5.50154e-07 4.93924 20.8014 -6.30983e-07 5533.99 20.8014 -6.30983e-07 5533.99 
6.7 18.6813 -4.15522e-07 5530.89 0 0 0 33.2672 0 0 2.48623e-07 -5.60839e-18 2.22847e-06 2.10668e-08 -2.08554 -1.57641e-07 4.93995 20.618 -3.76938e-07 5535.41 20.618 -3.76938e-07 5535.41 
6.8 18.4126 -3.14257e-07 5529.96 0 0 0 33.2672 0 0 2.48633e-07 -4.48291e-17 2.22791e-06 -4.24972e-08 -2.62686 1.86167e-07 4.94036 20.3421 -2.46126e-07 5534.6 20.3421 -2.46126e-07 5534.6 
6.9 18.0876 -4.80453e-07 5530.05 0 0 0 33.2672 0 0 2.48673e-07 -1.83791e-17 2.22603e-06 -3.90754e-08 -1.9068 1.87592e-07 4.94092 20.0085 -4.15912e-07 5534.8 20.0085 -4.15912e-07 5534.8 
7 17.7038 -3.96434e-07 5530.12 0 0 0 33.2672 0 0 2.48662e-07 -4.60513e-18 2.22396e-06 -7.20143e-08 -0.924851 5.93316e-07 4.94145 19.615 -3.18172e-07 5534.96 19.615 -3.18172e-07 5534.96 
7.1 16.9915 0.0165078 5528.98 0 0 0 33.2672 0 0 2.48876e-07 4.03847e-18 2.22487e-06 -0.00400938 -3.18122 0.0430447 4.94168 18.9319 0.0152847 5534.03 18.9319 0.0152847 5534.03 
7.2 16.7358 -1.93052e-05 5529.56 0 0 0 33.2672 0 0 2.488e-07 5.40293e-15 2.22227e-06 -7.06921e-06 -1.52895 9.97019e-05 4.94191 18.6536 -7.35085e-06 5534.52 18.6536 -7.35085e-06 5534.52 
7.3 16.2249 -2.17904e-05 5529.53 0 0 0 33.2672 0 0 2.48848e-07 -3.40828e-16 2.2252e-06 -2.06976e-07 0.0701411 5.21754e-05 4.94243 18.1321 -2.4338e-05 5534.55 18.1321 -2.4338e-05 5534.55 
7.4 15.6878 1.86775e-05 5529.47 0 0 0 33.2672 0 0 2.49103e-07 2.6382e-16 2.22559e-06 -9.91114e-08 1.45924 -4.6072e-05 4.94283 17.5893 2.00494e-05 5534.52 17.5893 2.00494e-05 5534.52 
7.5 15.1052 -1.06338e-05 5529.41 0 0 0 33.2672 0 0 2.48441e-07 -7.31213e-17 2.22426e-06 -4.04495e-07 2.72245 2.43295e-05 4.9431 16.9978 -1.12423e-05 5534.48 16.9978 -1.12423e-05 5534.48 
7.6 14.5156 -8.4108e-06 5529.56 0 0 0 33.2672 0 0 2.48403e-07 3.25842e-17 2.22411e-06 5.25167e-07 1.94372 1.50388e-05 4.94351 16.3986 -8.21861e-06 5534.62 16.3986 -8.21861e-06 5534.62 
7.7 13.9156 7.48811e-06 5529.49 0 0 0 33.2672 0 0 2.48174e-07 1.88763e-18 2.2244e-06 -7.29438e-07 3.0305 -1.41956e-05 4.94384 15.7865 7.02306e-06 5534.52 15.7865 7.02306e-06 5534.52 
7.8 13.3135 -1.67653e-06 5529.13 0 0 0 33.2672 0 0 2.47999e-07 3.35625e-18 2.22476e-06 -1.5767e-07 4.4847 3.54402e-06 4.94398 15.1719 -1.3931e-06 5534.13 15.1719 -1.3931e-06 5534.13 
7.9 12.719 2.11247e-07 5529.2 0 0 0 33.2672 0 0 2.48006e-07 6.89936e-18 2.22717e-06 -2.11204e-07 3.84063 -7.43354e-07 4.94406 14.5646 5.91716e-07 5534.14 14.5646 5.91716e-07 5534.14 
8 12.1373 2.66084e-06 5529.28 0 0 0 33.2672 0 0 2.47714e-07 9.97626e-18 2.21801e-06 -3.56011e-07 3.1318 -3.67609e-06 4.94404 13.9712 2.61124e-06 5534.18 13.9712 2.61124e-06 5534.18 
8.1 11.3415 0.0177544 5529.19 0 0 0 33.2672 0 0 2.47777e-07 1.05701e-18 2.22653e-06 -0.0044775 0.660712 0.0464404 4.9439 13.1876 0.0165391 5534.18 13.1876 0.0165391 5534.18 
8.2 11.0327 9.563e-06 5529.11 0 0 0 33.2672 0 0 2.4765e-07 -1.46198e-15 2.22788e-06 -5.89388e-06 1.94712 2.02756e-05 4.94374 12.8653 8.24087e-06 5533.85 12.8653 8.24087e-06 5533.85 
8.3 10.5602 -5.77873e-06 5528.61 0 0 0 33.2672 0 0 2.47393e-07 -3.89633e-16 2.22839e-06 9.46727e-07 2.29631 7.01787e-08 4.94367 12.3864 -7.09457e-06 5533.31 12.3864 -7.09457e-06 5533.31 
8.4 10.1337 6.48459e-07 5528.21 0 0 0 33.2672 0 0 2.47241e-07 4.10558e-17 2.22971e-06 8.14706e-07 2.82299 -1.37709e-05 4.94362 11.9586 7.35675e-07 5532.86 11.9586 7.35675e-07 5532.86 
8.5 9.74604 -2.14018e-06 5529.28 0 0 0 33.2672 0 0 2.46988e-07 1.43569e-16 2.22991e-06 -2.36943e-07 1.97859 6.32516e-06 4.94351 11.5701 -2.03632e-06 5533.87 11.5701 -2.03632e-06 5533.87 
8.6 9.42328 -9.7766e-07 5529.03 0 0 0 33.2672 0 0 2.46807e-07 -5.43052e-17 2.23131e-06 7.90708e-08 2.81664 3.26939e-07 4.94348 11.2472 -8.90165e-07 5533.53 11.2472 -8.90166e-07 5533.53 
8.7 9.14537 5.30497e-07 5528.82 0 0 0 33.2672 0 0 2.46625e-07 -2.75185e-17 2.23283e-06 2.81498e-08 3.50826 -4.21451e-06 4.94346 10.9697 5.36163e-07 5533.22 10.9697 5.36164e-07 5533.22 
8.8 8.92064 -1.50558e-06 5528.62 0 0 0 33.2672 0 0 2.45561e-07 8.72124e-18 2.2324e-06 -2.19169e-08 3.92503 2.43692e-06 4.94321 10.7456 -1.5395e-06 5532.91 10.7456 -1.5395e-06 5532.91 
8.9 8.76422 -1.18151e-06 5528.42 0 0 0 33.2672 0 0 2.45431e-07 4.60704e-18 2.2369e-06 5.14725e-08 4.08516 1.94878e-06 4.94296 10.5904 -1.05792e-06 5532.58 10.5904 -1.05792e-06 5532.58 
9 8.67315 8.81024e-07 5528.19 0 0 0 33.2672 0 0 2.44775e-07 -6.7545e-18 2.23661e-06 -1.63275e-08 3.93949 -1.74334e-06 4.94265 10.5012 8.84999e-07 5532.21 10.5012 8.84999e-07 5532.21 
9.1 8.64926 1.36876e-07 5527.96 0 0 0 33.2672 0 0 2.4868e-07 5.7398e-18 2.23853e-06 5.88016e-08 3.46017 -5.46125e-07 4.94222 10.4809 1.06964e-08 5531.86 10.4809 1.06964e-08 5531.86 
9.2 8.69681 -5.91813e-07 5527.76 0 0 0 33.2672 0 0 2.46533e-07 1.38471e-20 2.23845e-06 3.92171e-08 2.72599 -2.68613e-08 4.94183 10.5337 -5.80484e-07 5531.53 10.5337 -5.80484e-07 5531.53 
9.3 8.82079 -4.70506e-07 5528.31 0 0 0 33.2672 0 0 2.45485e-07 -5.8264e-18 2.24396e-06 7.73582e-08 2.27275 -2.62678e-07 4.9415 10.6642 -5.15997e-07 5531.96 10.6642 -5.15997e-07 5531.96 
9.4 9.0118 3.72421e-07 5528.84 0 0 0 33.2672 0 0 2.45916e-07 -7.30808e-18 2.24047e-06 5.57623e-08 2.18994 -6.9124e-07 4.94118 10.8634 2.34902e-07 5532.39 10.8634 2.34902e-07 5532.39 
9.5 9.24928 3.9391e-07 5527.15 0 0 0 33.2672 0 0 2.45934e-07 -4.02289e-18 2.24204e-06 2.15737e-08 -1.25002 -1.05711e-07 4.94062 11.1111 3.38884e-07 5530.61 11.1111 3.38884e-07 5530.61 
9.6 9.57067 1.12114e-07 5528.15 0 0 0 33.2672 0 0 2.45957e-07 -6.46952e-18 2.24283e-06 5.27954e-08 -0.616181 -1.23604e-07 4.94039 11.4434 9.24126e-08 5531.54 11.4434 9.24129e-08 5531.54 
9.7 9.93999 2.403e-07 5528.94 0 0 0 33.2672 0 0 2.45876e-07 -7.09134e-18 2.24425e-06 8.49925e-08 0.429436 -1.17353e-06 4.94018 11.8239 1.73667e-07 5532.27 11.8239 1.73667e-07 5532.27 
9.8 10.3453 2.73141e-07 5528.96 0 0 0 33.2672 0 0 2.46035e-07 -9.57428e-18 2.24284e-06 8.92831e-08 -0.523239 -1.07316e-06 4.9399 12.2409 1.66331e-07 5532.24 12.2409 1.66331e-07 5532.24 
9.9 10.7759 4.61332e-07 5529 0 0 0 33.2672 0 0 2.4614e-07 9.45665e-19 2.24295e-06 6.64047e-08 -3.5258 -8.37465e-07 4.93961 12.6831 3.84359e-07 5532.25 12.6831 3.84359e-07 5532.25 
10 11.2568 4.46291e-07 5529.3 0 0 0 33.2672 0 0 2.46254e-07 -2.07103e-17 2.2423e-06 4.11122e-08 -1.4166 -3.95397e-07 4.93948 13.1744 3.84437e-07 5532.53 13.1744 3.84437e-07 5532.53 
10.1 11.7385 4.22802e-07 5529.57 0 0 0 33.2672 0 0 2.46343e-07 -7.18308e-18 2.24285e-06 5.49705e-08 -2.25144 -3.66997e-07 4.93927 13.6664 3.28871e-07 5532.78 13.6664 3.28871e-07 5532.78 
10.2 12.2354 5.99485e-07 5529.6 0 0 0 33.2672 0 0 2.46458e-07 -6.01803e-18 2.24298e-06 3.98383e-08 -1.44536 -4.96961e-07 4.93912 14.1725 5.10721e-07 5532.82 14.1725 5.10721e-07 5532.82 
10.3 12.7106 5.98636e-07 5531.12 0 0 0 33.2672 0 0 2.46709e-07 -1.40281e-17 2.24124e-06 3.18258e-08 -6.82679 -5.20562e-07 4.93891 14.6564 5.25983e-07 5534.35 14.6564 5.25983e-07 5534.35 
10.4 13.1977 4.71124e-07 5531.17 0 0 0 33.2672 0 0 2.47005e-07 -1.10332e-17 2.23926e-06 2.82107e-08 -5.94837 -5.93898e-07 4.93881 15.1506 3.92533e-07 5534.42 15.1506 3.92533e-07 5534.42 
10.5 13.6687 3.87864e-07 5531.06 0 0 0 33.2672 0 0 2.4695e-07 -3.6739e-18 2.24673e-06 5.12627e-08 -5.06525 -6.15478e-07 4.93874 15.6278 3.03163e-07 5534.35 15.6278 3.03162e-07 5534.35 
10.6 14.1173 4.1373e-07 5530.83 0 0 0 33.2672 0 0 2.47114e-07 -5.80865e-18 2.23015e-06 5.877e-08 -4.22367 -6.16087e-07 4.93871 16.0816 3.3885e-07 5534.17 16.0816 3.3885e-07 5534.17 
10.7 14.5381 5.25017e-07 5530.15 0 0 0 33.2672 0 0 2.47224e-07 -7.92213e-18 2.24079e-06 1.29648e-08 -2.82196 -3.17675e-07 4.93871 16.5065 4.59981e-07 5533.54 16.5065 4.59982e-07 5533.54 
10.8 14.9182 4.75308e-07 5531.1 0 0 0 33.2672 0 0 2.47408e-07 -9.6292e-18 2.23939e-06 1.85398e-08 -4.33092 -3.68669e-07 4.93875 16.8896 4.12319e-07 5534.56 16.8896 4.12319e-07 5534.56 
10.9 15.2594 3.58406e-07 5531.21 0 0 0 33.2672 0 0 2.47513e-07 -1.55286e-17 2.23987e-06 1.24206e-08 -4.32099 -3.63011e-07 4.93882 17.2326 3.06965e-07 5534.76 17.2326 3.06964e-07 5534.76 
11 15.5501 3.00865e-07 5531.28 0 0 0 33.2672 0 0 2.47699e-07 -1.07639e-17 2.2377e-06 1.57095e-08 -4.22963 -3.47329e-07 4.93894 17.5239 2.59796e-07 5534.9 17.5239 2.59796e-07 5534.9 
11.1 15.7934 2.93435e-07 5531.36 0 0 0 33.2672 0 0 2.47878e-07 6.05461e-18 2.2356e-06 1.06386e-08 -4.05037 -2.03269e-07 4.93909 17.7666 2.65641e-07 5535.08 17.7666 2.65641e-07 5535.08 
11.2 15.9858 2.99901e-07 5531.37 0 0 0 33.2672 0 0 2.48134e-07 -8.58219e-18 2.23309e-06 -2.26036e-08 -3.69718 -7.86246e-08 4.93926 17.9571 2.7856e-07 5535.19 17.9571 2.7856e-07 5535.19 
11.3 16.1226 2.78973e-07 5531.33 0 0 0 33.2672 0 0 2.48137e-07 7.58403e-18 2.24284e-06 -3.0157e-08 -3.24135 2.07779e-08 4.93946 18.091 2.69418e-07 5535.25 18.091 2.69418e-07 5535.25 
11.4 16.2041 2.32815e-07 5531.25 0 0 0 33.2672 0 0 2.48745e-07 -4.95946e-17 2.20316e-06 -4.75443e-08 -2.71197 9.82417e-08 4.93966 18.1684 2.3159e-07 5535.25 18.1684 2.31589e-07 5535.25 
11.5 16.2305 1.89811e-07 5531.13 0 0 0 33.2672 0 0 2.47386e-07 2.13662e-17 2.27e-06 -6.21434e-08 -2.12891 1.95875e-07 4.93989 18.1899 1.94703e-07 5535.23 18.1899 1.94703e-07 5535.23 
11.6 16.2021 1.1672e-07 5530.23 0 0 0 33.2672 0 0 2.48414e-07 -1.36721e-17 2.22618e-06 -6.29348e-08 -2.02532 2.24914e-07 4.94004 18.1558 1.32894e-07 5534.41 18.1558 1.32894e-07 5534.41 
11.7 16.1228 5.11325e-08 5530.12 0 0 0 33.2672 0 0 2.48371e-07 -9.57333e-18 2.22947e-06 -6.1856e-08 -1.69111 2.20536e-07 4.94027 18.0702 7.23107e-08 5534.38 18.0702 7.23109e-08 5534.38 
11.8 15.9984 8.81808e-09 5530.3 0 0 0 33.2672 0 0 2.48264e-07 -3.47948e-18 2.23218e-06 -6.8799e-08 -0.812965 2.86875e-07 4.94055 17.9389 4.06582e-08 5534.63 17.9389 4.06585e-08 5534.63 
11.9 15.8498 -1.98928e-08 5530.96 0 0 0 33.2672 0 0 2.48013e-07 -2.93335e-18 2.23731e-06 -7.62723e-08 3.73194 3.6426e-07 4.94101 17.7826 1.75589e-08 5535.35 17.7826 1.75593e-08 5535.35 
12 15.6182 -6.02399e-08 5530.08 0 0 0 33.2672 0 0 2.48013e-07 -2.93335e-18 2.23731e-06 -7.77661e-08 0.282265 3.92097e-07 4.94101 17.5443 -1.72739e-08 5534.52 17.5443 -1.72738e-08 5534.52 
12.1 15.3726 -2.91405e-08 5529.76 0 0 0 33.2672 0 0 2.48202e-07 -1.26535e-18 2.23165e-06 -1.02077e-07 -0.708612 5.52357e-07 4.94116 17.2917 1.14954e-08 5534.24 17.2917 1.14958e-08 5534.24 
12.2 15.1238 -1.06556e-07 5529.45 0 0 0 33.2672 0 0 2.47381e-07 -1.16179e-18 2.26152e-06 -9.2576e-08 4.42926 4.88234e-07 4.94154 17.0357 -5.33678e-08 5533.96 17.0357 -5.33677e-08 5533.96 
12.3 14.8125 -1.42773e-07 5529.66 0 0 0 33.2672 0 0 2.47381e-07 -1.16179e-18 2.26152e-06 -9.28804e-08 -0.102757 4.89147e-07 4.94154 16.7186 -8.58365e-08 5534.19 16.7186 -8.58365e-08 5534.19 
12.4 14.5113 -2.19041e-07 5529.39 0 0 0 33.2672 0 0 2.47946e-07 7.48728e-19 2.2355e-06 -6.88423e-08 1.23131 3.50555e-07 4.94175 16.4115 -1.65685e-07 5533.94 16.4115 -1.65685e-07 5533.94 
12.5 14.1998 -2.22585e-07 5528.99 0 0 0 33.2672 0 0 2.47943e-07 1.13063e-17 2.2314e-06 -6.00911e-08 2.72769 3.8771e-07 4.94193 16.0948 -1.7071e-07 5533.54 16.0948 -1.70709e-07 5533.54 
12.6 13.8828 -2.2743e-07 5528.53 0 0 0 33.2672 0 0 2.48312e-07 -6.92255e-18 2.21878e-06 -7.85836e-08 3.98706 3.99259e-07 4.94209 15.7732 -1.80349e-07 5533.07 15.7732 -1.80349e-07 5533.07 
12.7 13.5533 -2.29699e-07 5528.91 0 0 0 33.2672 0 0 2.47525e-07 2.75813e-19 2.23938e-06 -7.37002e-08 2.34231 4.21066e-07 4.94215 15.4402 -1.80545e-07 5533.45 15.4402 -1.80545e-07 5533.45 
12.8 13.231 -2.72395e-07 5529.34 0 0 0 33.2672 0 0 2.48344e-07 -3.79573e-18 2.2138e-06 -5.80934e-08 0.946998 3.21884e-07 4.94221 15.1152 -2.25958e-07 5533.86 15.1152 -2.25958e-07 5533.86 
12.9 12.9272 -2.77493e-07 5528.95 0 0 0 33.2672 0 0 2.47393e-07 -1.05652e-18 2.2391e-06 -5.3118e-08 2.0378 3.02015e-07 4.94229 14.8093 -2.35025e-07 5533.43 14.8093 -2.35025e-07 5533.43 
13 12.6369 -2.79565e-07 5528.54 0 0 0 33.2672 0 0 2.47817e-07 -5.14063e-19 2.22295e-06 -4.79007e-08 2.9532 2.80112e-07 4.94234 14.5176 -2.39934e-07 5532.99 14.5176 -2.39934e-07 5532.99 
13.1 12.3683 -2.78893e-07 5528.13 0 0 0 33.2672 0 0 2.47285e-07 -1.40738e-18 2.23647e-06 -4.06853e-08 3.6879 2.46236e-07 4.94235 14.2484 -2.43938e-07 5532.53 14.2484 -2.43938e-07 5532.53 
13.2 12.1154 -2.75181e-07 5528.54 0 0 0 33.2672 0 0 2.47367e-07 -2.20063e-18 2.23256e-06 -3.37569e-08 2.79383 2.09347e-07 4.94233 13.9958 -2.4516e-07 5532.9 13.9958 -2.4516e-07 5532.9 
13.3 11.8847 -2.73099e-07 5528.99 0 0 0 33.2672 0 0 2.47373e-07 -2.39387e-18 2.23057e-06 -2.55778e-08 2.00896 1.65575e-07 4.94231 13.7662 -2.48121e-07 5533.29 13.7662 -2.48121e-07 5533.29 
13.4 11.6905 -2.66526e-07 5528.25 0 0 0 33.2672 0 0 2.47196e-07 -3.39007e-18 2.23288e-06 -1.73771e-08 2.97678 1.17123e-07 4.94223 13.5736 -2.47541e-07 5532.5 13.5736 -2.47541e-07 5532.5 
13.5 11.526 -2.59343e-07 5527.75 0 0 0 33.2672 0 0 2.4709e-07 -3.40599e-18 2.23298e-06 -8.68288e-09 3.26668 6.91313e-08 4.94211 13.4112 -2.46035e-07 5531.94 13.4112 -2.46036e-07 5531.94 
13.6 11.3904 -2.49774e-07 5527.6 0 0 0 33.2672 0 0 2.46982e-07 -3.30891e-18 2.23537e-06 -8.05116e-10 2.94051 2.61973e-08 4.94198 13.2783 -2.42202e-07 5531.73 13.2783 -2.42202e-07 5531.73 
13.7 11.2806 -2.39443e-07 5529.01 0 0 0 33.2672 0 0 2.46982e-07 -3.30891e-18 2.23537e-06 6.6982e-09 1.75664 -1.208e-08 4.94198 13.1716 -2.3702e-07 5533.09 13.1716 -2.3702e-07 5533.09 
13.8 11.2097 -2.26459e-07 5528.77 0 0 0 33.2672 0 0 2.46998e-07 -4.31231e-18 2.23306e-06 1.33399e-08 1.6341 -4.70166e-08 4.94183 13.1042 -2.29691e-07 5532.79 13.1042 -2.29691e-07 5532.79 
13.9 11.1682 -2.12156e-07 5528.86 0 0 0 33.2672 0 0 2.47251e-07 -4.04903e-18 2.21789e-06 2.02018e-08 1.29026 -7.89604e-08 4.94168 13.0665 -2.2082e-07 5532.83 13.0665 -2.2082e-07 5532.83 
14 11.1577 -1.96186e-07 5528.93 0 0 0 33.2672 0 0 2.46716e-07 -3.07602e-18 2.24182e-06 2.57209e-08 0.819972 -1.04327e-07 4.94153 13.0601 -2.09854e-07 5532.85 13.0601 -2.09853e-07 5532.85 
14.1 11.1771 -1.79385e-07 5529.09 0 0 0 33.2672 0 0 2.46607e-07 -3.33763e-18 2.25126e-06 3.06411e-08 0.281997 -1.2566e-07 4.94137 13.0836 -1.97574e-07 5532.96 13.0836 -1.97575e-07 5532.96 
14.2 11.2458 -1.61086e-07 5529.25 0 0 0 33.2672 0 0 2.46829e-07 -4.19789e-18 2.23713e-06 3.43078e-08 0.961796 -1.41237e-07 4.94129 13.1563 -1.83393e-07 5533.08 13.1563 -1.83393e-07 5533.08 
14.3 11.3109 -1.45266e-07 5529.47 0 0 0 33.2672 0 0 2.46776e-07 -4.2673e-18 2.23707e-06 3.79231e-08 0.385833 -1.55382e-07 4.94113 13.2255 -1.7139e-07 5533.26 13.2255 -1.7139e-07 5533.26 
14.4 11.4129 -1.26109e-07 5529.55 0 0 0 33.2672 0 0 2.46774e-07 -4.25357e-18 2.2373e-06 4.04366e-08 0.499739 -1.64199e-07 4.94101 13.3314 -1.55611e-07 5533.31 13.3314 -1.55611e-07 5533.31 
14.5 11.534 -1.07614e-07 5529.59 0 0 0 33.2672 0 0 2.46752e-07 -4.34075e-18 2.23826e-06 4.21656e-08 0.654494 -1.68229e-07 4.94088 13.4564 -1.39995e-07 5533.31 13.4564 -1.39995e-07 5533.31 
14.6 11.6717 -8.40664e-08 5530.03 0 0 0 33.2672 0 0 2.46792e-07 -4.70899e-18 2.23794e-06 4.21845e-08 -1.3553 -1.6268e-07 4.94065 13.5978 -1.18918e-07 5533.73 13.5978 -1.18918e-07 5533.73 
14.7 11.8303 -7.00907e-08 5530.11 0 0 0 33.2672 0 0 2.46773e-07 -6.52245e-18 2.23917e-06 4.18963e-08 -1.38726 -1.70899e-07 4.94054 13.7597 -1.06346e-07 5533.8 13.7597 -1.06345e-07 5533.8 
14.8 12.0027 -4.43597e-08 5530.16 0 0 0 33.2672 0 0 2.46781e-07 -3.35756e-18 2.23965e-06 4.3835e-08 -1.33706 -1.53187e-07 4.94041 13.935 -8.19501e-08 5533.83 13.935 -8.19504e-08 5533.83 
14.9 12.1859 -2.12968e-08 5530.16 0 0 0 33.2672 0 0 2.4688e-07 -3.99302e-18 2.23759e-06 3.94349e-08 -1.23673 -1.40298e-07 4.94031 14.1208 -5.99928e-08 5533.82 14.1208 -5.99932e-08 5533.82 
15 12.3764 6.93667e-09 5530.13 0 0 0 33.2672 0 0 2.4686e-07 -4.51899e-18 2.23952e-06 3.5245e-08 -1.09578 -1.13513e-07 4.94024 14.3135 -3.22581e-08 5533.79 14.3135 -3.22581e-08 5533.79 
15.1 12.5712 2.58494e-08 5530.08 0 0 0 33.2672 0 0 2.46912e-07 -3.60417e-18 2.23898e-06 3.28563e-08 -0.963447 -1.03085e-07 4.94014 14.5101 -1.27358e-08 5533.74 14.5101 -1.2736e-08 5533.74 
15.2 12.7672 5.3494e-08 5530.11 0 0 0 33.2672 0 0 2.46979e-07 -4.3863e-18 2.23838e-06 2.79694e-08 -1.0615 -8.01382e-08 4.94007 14.7076 1.43994e-08 5533.78 14.7076 1.43995e-08 5533.78 
15.3 12.9611 9.1536e-08 5530.18 0 0 0 33.2672 0 0 2.46989e-07 -1.13569e-18 2.23958e-06 2.05975e-08 -1.23141 -2.36489e-08 4.94 14.9025 5.47626e-08 5533.86 14.9025 5.47627e-08 5533.86 
15.4 13.1506 1.10273e-07 5530.21 0 0 0 33.2672 0 0 2.47118e-07 -7.93636e-18 2.23701e-06 1.04149e-08 -1.34091 -1.47369e-08 4.93996 15.0926 7.44197e-08 5533.91 15.0926 7.44202e-08 5533.91 
15.5 13.3332 1.26818e-07 5530.24 0 0 0 33.2672 0 0 2.47144e-07 -4.11773e-18 2.23805e-06 1.12817e-08 -1.41528 -3.4536e-09 4.93994 15.2754 9.37947e-08 5533.96 15.2754 9.37942e-08 5533.96 
15.6 13.5062 1.60762e-07 5530.25 0 0 0 33.2672 0 0 2.47235e-07 -2.5565e-18 2.236e-06 2.7225e-09 -1.4649 4.58206e-08 4.93991 15.4483 1.30165e-07 5533.99 15.4483 1.30164e-07 5533.99 
15.7 13.6678 1.82523e-07 5530.26 0 0 0 33.2672 0 0 2.47268e-07 -5.53511e-18 2.23736e-06 -7.15273e-09 -1.48173 6.6255e-08 4.93992 15.6094 1.52723e-07 5534.03 15.6094 1.52723e-07 5534.03 
15.8 13.8161 2.29323e-07 5530.11 0 0 0 33.2672 0 0 2.47306e-07 -4.25599e-18 2.23716e-06 -2.18321e-08 -1.246 1.53887e-07 4.93994 15.7567 2.03981e-07 5533.9 15.7567 2.03981e-07 5533.9 
15.9 13.9492 2.05851e-07 5530.05 0 0 0 33.2672 0 0 2.47361e-07 -3.82853e-18 2.23683e-06 -1.37439e-08 -1.21157 7.71501e-08 4.93997 15.8887 1.834e-07 5533.88 15.8887 1.834e-07 5533.88 
16 14.0642 2.46889e-07 5530.06 0 0 0 33.2672 0 0 2.47434e-07 3.34604e-18 2.23606e-06 -2.13265e-08 -1.20312 1.60629e-07 4.94001 16.002 2.29192e-07 5533.92 16.002 2.29192e-07 5533.92 
16.1 14.1616 2.63324e-07 5530.01 0 0 0 33.2672 0 0 2.47458e-07 -8.0862e-18 2.23658e-06 -4.02425e-08 -1.15201 1.72411e-07 4.94006 16.0978 2.45883e-07 5533.91 16.0978 2.45882e-07 5533.91 
16.2 14.2402 2.70652e-07 5529.97 0 0 0 33.2672 0 0 2.47544e-07 5.0762e-19 2.23532e-06 -3.81358e-08 -1.08022 1.80772e-07 4.94013 16.1748 2.58388e-07 5533.9 16.1748 2.58388e-07 5533.9 
16.3 14.301 2.83093e-07 5530.4 0 0 0 33.2672 0 0 2.47575e-07 -3.41039e-18 2.23539e-06 -4.66686e-08 -1.1783 1.9337e-07 4.94026 16.2326 2.72914e-07 5534.36 16.2326 2.72914e-07 5534.36 
16.4 14.3402 2.91272e-07 5530.12 0 0 0 33.2672 0 0 2.47605e-07 -4.19131e-18 2.23498e-06 -5.32863e-08 -0.948895 2.02042e-07 4.94033 16.2689 2.84754e-07 5534.12 16.2689 2.84753e-07 5534.12 
16.5 14.36 2.91117e-07 5530.3 0 0 0 33.2672 0 0 2.4765e-07 -2.82026e-18 2.23441e-06 -5.56342e-08 -0.531517 1.96286e-07 4.94046 16.2876 2.88257e-07 5534.32 16.2876 2.88258e-07 5534.32 
16.6 14.3641 2.89415e-07 5530.28 0 0 0 33.2672 0 0 2.47705e-07 -3.21307e-18 2.23298e-06 -5.94768e-08 -0.0297166 1.92402e-07 4.94061 16.2838 2.89081e-07 5534.38 16.2838 2.8908e-07 5534.38 
16.7 14.3476 2.90646e-07 5529.82 0 0 0 33.2672 0 0 2.47705e-07 -3.21307e-18 2.23298e-06 -6.27162e-08 -0.381982 1.85124e-07 4.94061 16.2699 2.92845e-07 5533.9 16.2699 2.92844e-07 5533.9 
16.8 14.3148 2.88095e-07 5529.72 0 0 0 33.2672 0 0 2.47706e-07 -3.15651e-18 2.23348e-06 -6.46952e-08 -0.314499 1.68672e-07 4.94071 16.2309 2.93033e-07 5533.86 16.2309 2.93033e-07 5533.86 
16.9 14.2739 2.72003e-07 5529.61 0 0 0 33.2672 0 0 2.47726e-07 -3.14298e-18 2.23284e-06 -6.38645e-08 0.0367088 1.42755e-07 4.9408 16.1977 2.78389e-07 5533.68 16.1977 2.78389e-07 5533.68 
17 14.1883 2.66078e-07 5529.69 0 0 0 33.2672 0 0 2.47727e-07 -3.25775e-18 2.2331e-06 -6.50168e-08 -0.219329 1.22538e-07 4.94089 16.111 2.74771e-07 5533.79 16.111 2.74771e-07 5533.79 
17.1 14.1033 2.46438e-07 5529.65 0 0 0 33.2672 0 0 2.47727e-07 -3.02724e-18 2.23299e-06 -6.47827e-08 -0.440799 1.00902e-07 4.941 16.0139 2.57684e-07 5533.84 16.0139 2.57684e-07 5533.84 
17.2 14.0096 2.28735e-07 5529.54 0 0 0 33.2672 0 0 2.47723e-07 -3.1499e-18 2.2327e-06 -6.44166e-08 -0.0813328 7.9827e-08 4.94111 15.9183 2.42113e-07 5533.75 15.9183 2.42113e-07 5533.75 
17.3 13.9058 2.02102e-07 5529.39 0 0 0 33.2672 0 0 2.47724e-07 -3.10412e-18 2.23184e-06 -6.2651e-08 0.399055 5.52929e-08 4.94119 15.8142 2.17251e-07 5533.59 15.8142 2.17251e-07 5533.59 
17.4 13.792 1.72653e-07 5529.21 0 0 0 33.2672 0 0 2.47711e-07 -2.85584e-18 2.23143e-06 -6.01831e-08 0.871863 2.9068e-08 4.9413 15.6977 1.89418e-07 5533.44 15.6977 1.89418e-07 5533.44 
17.5 13.6645 1.44139e-07 5529.46 0 0 0 33.2672 0 0 2.47671e-07 -3.20742e-18 2.23258e-06 -5.63697e-08 -0.0165317 -8.75269e-10 4.94134 15.5668 1.61977e-07 5533.71 15.5668 1.61977e-07 5533.71 
17.6 13.533 1.11037e-07 5529.46 0 0 0 33.2672 0 0 2.47642e-07 -3.17393e-18 2.23267e-06 -5.10446e-08 0.0887724 -3.71603e-08 4.94142 15.4343 1.29032e-07 5533.7 15.4343 1.29032e-07 5533.7 
17.7 13.4143 7.09993e-08 5529.21 0 0 0 33.2672 0 0 2.47606e-07 -3.05834e-18 2.23274e-06 -4.64071e-08 0.607078 -6.2601e-08 4.94151 15.3017 8.98624e-08 5533.56 15.3017 8.98626e-08 5533.56 
17.8 13.2593 3.76439e-08 5529.32 0 0 0 33.2672 0 0 2.47595e-07 -3.11997e-18 2.23163e-06 -4.06837e-08 0.66849 -9.39577e-08 4.94155 15.1654 5.60528e-08 5533.5 15.1654 5.60531e-08 5533.5 
17.9 13.1446 -5.54689e-09 5529.35 0 0 0 33.2672 0 0 2.47535e-07 -3.23755e-18 2.2331e-06 -3.25684e-08 0.776807 -1.30334e-07 4.94157 15.0435 1.17154e-08 5533.57 15.0435 1.17154e-08 5533.57 
18 13.0147 -3.6597e-08 5529.42 0 0 0 33.2672 0 0 2.47505e-07 -3.39441e-18 2.23304e-06 -2.38264e-08 0.812804 -1.73834e-07 4.9416 14.9139 -2.17538e-08 5533.62 14.9139 -2.17536e-08 5533.62 
18.1 12.8842 -7.57131e-08 5529.49 0 0 0 33.2672 0 0 2.47473e-07 -3.40675e-18 2.23314e-06 -1.43375e-08 0.814991 -2.1286e-07 4.94164 14.7827 -6.34739e-08 5533.66 14.7827 -6.34739e-08 5533.66 
18.2 12.774 -1.09887e-07 5529.43 0 0 0 33.2672 0 0 2.47441e-07 -3.59578e-18 2.23312e-06 -5.99205e-09 0.958085 -2.41664e-07 4.94166 14.6722 -1.00038e-07 5533.58 14.6722 -1.00038e-07 5533.58 
18.3 12.6758 -1.41098e-07 5529.43 0 0 0 33.2672 0 0 2.47411e-07 -3.65095e-18 2.23333e-06 1.06143e-09 0.820966 -2.59274e-07 4.94165 14.5738 -1.33213e-07 5533.56 14.5738 -1.33213e-07 5533.56 
18.4 12.5903 -1.67679e-07 5529.52 0 0 0 33.2672 0 0 2.47386e-07 -3.72382e-18 2.23347e-06 6.94819e-09 0.556253 -2.69818e-07 4.94162 14.4882 -1.61478e-07 5533.63 14.4882 -1.61478e-07 5533.63 
18.5 12.5144 -1.96519e-07 5529.49 0 0 0 33.2672 0 0 2.47357e-07 -3.70914e-18 2.23357e-06 1.23329e-08 0.489296 -2.71877e-07 4.94158 14.4125 -1.91766e-07 5533.58 14.4125 -1.91766e-07 5533.58 
18.6 12.4439 -2.43535e-07 5529.22 0 0 0 33.2672 0 0 2.47299e-07 -3.59156e-18 2.23412e-06 1.87825e-08 0.82871 -2.58733e-07 4.94149 14.3427 -2.40152e-07 5533.3 14.3427 -2.40153e-07 5533.3 
18.7 12.3944 -2.59145e-07 5529.47 0 0 0 33.2672 0 0 2.47286e-07 -3.73432e-18 2.23423e-06 2.23482e-08 0.449029 -2.54254e-07 4.94147 14.2944 -2.57121e-07 5533.53 14.2944 -2.57121e-07 5533.53 
18.8 12.3548 -2.83585e-07 5529.43 0 0 0 33.2672 0 0 2.4725e-07 -3.85139e-18 2.23454e-06 2.64723e-08 0.530756 -2.40306e-07 4.94142 14.2561 -2.83106e-07 5533.48 14.2561 -2.83106e-07 5533.48 
18.9 12.3315 -3.1295e-07 5529.31 0 0 0 33.2672 0 0 2.47208e-07 -3.70645e-18 2.23495e-06 3.08631e-08 0.672345 -2.16416e-07 4.94134 14.2344 -3.14273e-07 5533.33 14.2344 -3.14273e-07 5533.33 
19 12.3158 -3.21815e-07 5529.48 0 0 0 33.2672 0 0 2.47197e-07 -3.97963e-18 2.23492e-06 3.3544e-08 0.596872 -2.01612e-07 4.94131 14.2201 -3.2493e-07 5533.48 14.2201 -3.2493e-07 5533.48 
19.1 12.3131 -3.38014e-07 5529.44 0 0 0 33.2672 0 0 2.47169e-07 -3.74983e-18 2.23524e-06 3.68883e-08 0.62729 -1.77679e-07 4.94123 14.2191 -3.43339e-07 5533.42 14.2191 -3.43339e-07 5533.42 
19.2 12.3218 -3.42039e-07 5529.54 0 0 0 33.2672 0 0 2.4715e-07 -3.71973e-18 2.2356e-06 3.91022e-08 0.578208 -1.57815e-07 4.94119 14.2291 -3.49396e-07 5533.49 14.2291 -3.49396e-07 5533.49 
19.3 12.3435 -3.4355e-07 5529.55 0 0 0 33.2672 0 0 2.47135e-07 -3.90668e-18 2.23583e-06 4.07137e-08 0.57621 -1.3183e-07 4.94112 14.2521 -3.53042e-07 5533.49 14.2521 -3.53043e-07 5533.49 
19.4 12.3719 -3.4026e-07 5529.62 0 0 0 33.2672 0 0 2.47125e-07 -4.07692e-18 2.23601e-06 4.14467e-08 0.512864 -1.03373e-07 4.94105 14.2816 -3.51727e-07 5533.53 14.2816 -3.51727e-07 5533.53 
19.5 12.4145 -3.31308e-07 5529.62 0 0 0 33.2672 0 0 2.4712e-07 -4.22361e-18 2.23612e-06 4.10728e-08 0.418757 -6.95194e-08 4.94097 14.3253 -3.44604e-07 5533.52 14.3253 -3.44604e-07 5533.52 
19.6 12.4565 -3.16023e-07 5529.42 0 0 0 33.2672 0 0 2.47124e-07 -4.01279e-18 2.23628e-06 4.04029e-08 -0.967475 -3.51283e-08 4.94081 14.3684 -3.31012e-07 5533.3 14.3684 -3.31013e-07 5533.3 
19.7 12.5207 -2.9831e-07 5529.63 0 0 0 33.2672 0 0 2.47124e-07 -4.01279e-18 2.23628e-06 3.76817e-08 0.0124395 2.43517e-09 4.94081 14.4333 -3.14543e-07 5533.51 14.4333 -3.14543e-07 5533.51 
19.8 12.5852 -2.75618e-07 5529.63 0 0 0 33.2672 0 0 2.47122e-07 -4.0021e-18 2.23662e-06 3.47295e-08 -0.279335 4.10141e-08 4.94072 14.4985 -2.92933e-07 5533.49 14.4985 -2.92932e-07 5533.49 
19.9 12.6567 -2.48062e-07 5529.64 0 0 0 33.2672 0 0 2.47132e-07 -3.69729e-18 2.23656e-06 3.0859e-08 -0.603971 8.12367e-08 4.94061 14.571 -2.66197e-07 5533.5 14.571 -2.66197e-07 5533.5 
20 12.7333 -2.16807e-07 5529.65 0 0 0 33.2672 0 0 2.4723e-07 -3.71665e-18 2.23383e-06 2.61491e-08 -0.867845 1.214e-07 4.94062 14.6483 -2.35513e-07 5533.51 14.6483 -2.35512e-07 5533.51 
20.1 12.8129 -1.82759e-07 5529.69 0 0 0 33.2672 0 0 2.47139e-07 -3.68711e-18 2.23741e-06 2.08932e-08 -1.15434 1.61269e-07 4.94052 14.7285 -2.01692e-07 5533.54 14.7285 -2.01692e-07 5533.54 
20.2 12.8954 -1.45684e-07 5529.7 0 0 0 33.2672 0 0 2.47262e-07 -3.76774e-18 2.23336e-06 1.48512e-08 -1.35822 2.00536e-07 4.9405 14.8115 -1.64625e-07 5533.56 14.8115 -1.64625e-07 5533.56 
20.3 12.9786 -1.07272e-07 5529.72 0 0 0 33.2672 0 0 2.47109e-07 -3.69105e-18 2.23974e-06 8.56453e-09 -1.5379 2.36035e-07 4.94045 14.8949 -1.25942e-07 5533.58 14.8949 -1.25942e-07 5533.58 
20.4 13.0685 -6.79093e-08 5529.72 0 0 0 33.2672 0 0 2.47109e-07 -3.69105e-18 2.23974e-06 9.15203e-10 -0.366753 2.68941e-07 4.94045 14.9847 -8.62764e-08 5533.59 14.9847 -8.62763e-08 5533.59 
20.5 13.1489 -2.55221e-08 5529.72 0 0 0 33.2672 0 0 2.47251e-07 -3.56902e-18 2.23556e-06 -5.85231e-09 -0.536514 2.98599e-07 4.94044 15.0653 -4.33059e-08 5533.6 15.0653 -4.3306e-08 5533.6 
20.6 13.2258 1.57359e-08 5529.72 0 0 0 33.2672 0 0 2.4726e-07 -3.62294e-18 2.23582e-06 -1.27534e-08 -0.691764 3.20729e-07 4.94041 15.1419 -1.4067e-09 5533.61 15.1419 -1.40722e-09 5533.61 
20.7 13.2987 5.67987e-08 5529.7 0 0 0 33.2672 0 0 2.47277e-07 -3.56964e-18 2.2362e-06 -1.90723e-08 -0.78739 3.38064e-07 4.94041 15.2145 4.0455e-08 5533.6 15.2145 4.04552e-08 5533.6 
20.8 13.3658 9.67909e-08 5529.68 0 0 0 33.2672 0 0 2.47311e-07 -3.43907e-18 2.23567e-06 -2.53897e-08 -0.864183 3.49965e-07 4.9404 15.2815 8.13571e-08 5533.59 15.2815 8.13577e-08 5533.59 
20.9 13.4281 1.34898e-07 5529.64 0 0 0 33.2672 0 0 2.47304e-07 -3.70049e-18 2.23657e-06 -3.14346e-08 -0.878734 3.55297e-07 4.94043 15.3427 1.20412e-07 5533.57 15.3427 1.20412e-07 5533.57 
21 13.4823 1.70869e-07 5529.6 0 0 0 33.2672 0 0 2.47395e-07 -3.37832e-18 2.23382e-06 -3.65934e-08 -0.856924 3.54716e-07 4.94044 15.3973 1.57476e-07 5533.54 15.3973 1.57476e-07 5533.54 
21.1 13.5306 2.03861e-07 5529.55 0 0 0 33.2672 0 0 2.47318e-07 -3.38398e-18 2.23771e-06 -4.17543e-08 -0.801729 3.47955e-07 4.94047 15.4439 1.91512e-07 5533.5 15.4439 1.91512e-07 5533.5 
21.2 13.575 2.35095e-07 5529.65 0 0 0 33.2672 0 0 2.47318e-07 -3.38398e-18 2.23771e-06 -4.65674e-08 -0.417375 3.33457e-07 4.94047 15.4884 2.22909e-07 5533.61 15.4884 2.22909e-07 5533.61 
21.3 13.6073 2.63829e-07 5529.6 0 0 0 33.2672 0 0 2.4743e-07 -1.0733e-18 2.23398e-06 -5.05915e-08 -0.466491 3.24859e-07 4.94051 15.5185 2.5387e-07 5533.59 15.5185 2.5387e-07 5533.59 
21.4 13.6304 2.86744e-07 5529.45 0 0 0 33.2672 0 0 2.47413e-07 -3.71372e-18 2.23547e-06 -5.50623e-08 -0.412324 3.06241e-07 4.94057 15.5399 2.78084e-07 5533.47 15.5399 2.78084e-07 5533.47 
21.5 13.6408 3.04489e-07 5529.49 0 0 0 33.2672 0 0 2.47438e-07 -3.13497e-18 2.23477e-06 -5.74581e-08 -0.344742 2.77995e-07 4.94061 15.5553 2.97253e-07 5533.48 15.5553 2.97253e-07 5533.48 
21.6 13.6544 3.1398e-07 5529.47 0 0 0 33.2672 0 0 2.47447e-07 -3.05787e-18 2.23463e-06 -5.9259e-08 -0.200723 2.48999e-07 4.94065 15.5632 3.08034e-07 5533.51 15.5632 3.08034e-07 5533.51 
21.7 13.6424 3.32136e-07 5529.54 0 0 0 33.2672 0 0 2.47462e-07 -3.3495e-18 2.23451e-06 -6.14892e-08 -0.640719 2.16386e-07 4.94071 15.5468 3.27549e-07 5533.62 15.5468 3.27549e-07 5533.62 
21.8 13.6127 3.33133e-07 5529.64 0 0 0 33.2672 0 0 2.47459e-07 -3.20186e-18 2.23454e-06 -6.41272e-08 -0.888937 1.95776e-07 4.94072 15.5233 3.31573e-07 5533.71 15.5233 3.31573e-07 5533.71 
21.9 13.6392 3.14713e-07 5529.3 0 0 0 33.2672 0 0 2.47461e-07 -3.22778e-18 2.23475e-06 -6.08653e-08 0.670709 1.46989e-07 4.94076 15.5523 3.13159e-07 5533.33 15.5523 3.13159e-07 5533.33 
22 13.6102 3.28594e-07 5529.45 0 0 0 33.2672 0 0 2.47474e-07 -3.57018e-18 2.23436e-06 -5.79616e-08 0.112299 8.36881e-08 4.9408 15.5176 3.26252e-07 5533.53 15.5176 3.26252e-07 5533.53 
22.1 13.5618 3.20777e-07 5529.53 0 0 0 33.2672 0 0 2.47491e-07 -3.19314e-18 2.23406e-06 -5.55535e-08 -0.110645 3.54104e-08 4.94093 15.4701 3.18981e-07 5533.6 15.4701 3.18981e-07 5533.6 
22.2 13.5197 3.08446e-07 5529.62 0 0 0 33.2672 0 0 2.47499e-07 -3.42699e-18 2.23374e-06 -5.38549e-08 -0.30515 -2.1788e-09 4.94097 15.4325 3.07953e-07 5533.66 15.4325 3.07953e-07 5533.66 
22.3 13.4838 2.89716e-07 5529.45 0 0 0 33.2672 0 0 2.47498e-07 -3.5479e-18 2.2335e-06 -5.29201e-08 -0.269819 -2.98022e-08 4.941 15.3827 2.91437e-07 5533.6 15.3827 2.91437e-07 5533.6 
22.4 13.4278 2.67807e-07 5529.52 0 0 0 33.2672 0 0 2.47495e-07 -3.41058e-18 2.23322e-06 -5.09848e-08 -0.300824 -5.92998e-08 4.94102 15.3359 2.7126e-07 5533.61 15.3359 2.7126e-07 5533.61 
22.5 13.386 2.38486e-07 5529.28 0 0 0 33.2672 0 0 2.4747e-07 -3.2221e-18 2.23383e-06 -4.84678e-08 0.196364 -8.81594e-08 4.94107 15.2859 2.43771e-07 5533.45 15.2859 2.43771e-07 5533.45 
22.6 13.3396 2.06689e-07 5529.3 0 0 0 33.2672 0 0 2.47457e-07 -3.43708e-18 2.23394e-06 -4.33291e-08 0.396536 -1.26991e-07 4.94108 15.2439 2.12217e-07 5533.44 15.2439 2.12217e-07 5533.44 
22.7 13.2729 1.81083e-07 5529.35 0 0 0 33.2672 0 0 2.47439e-07 -3.58595e-18 2.2342e-06 -3.74436e-08 0.592366 -1.7252e-07 4.94111 15.1857 1.85876e-07 5533.42 15.1857 1.85876e-07 5533.42 
22.8 13.2215 1.47911e-07 5529.41 0 0 0 33.2672 0 0 2.47435e-07 -3.52593e-18 2.23399e-06 -3.01959e-08 0.660084 -2.17441e-07 4.94116 15.1305 1.51711e-07 5533.5 15.1305 1.51711e-07 5533.5 
22.9 13.1644 1.199e-07 5529.48 0 0 0 33.2672 0 0 2.47431e-07 -3.41126e-18 2.23392e-06 -2.2724e-08 0.609681 -2.62717e-07 4.94122 15.0732 1.22151e-07 5533.56 15.0732 1.22152e-07 5533.56 
23 13.1076 8.93616e-08 5529.57 0 0 0 33.2672 0 0 2.47432e-07 -3.79414e-18 2.23372e-06 -1.58457e-08 0.453249 -2.98406e-07 4.94126 15.0163 9.04334e-08 5533.64 15.0163 9.04335e-08 5533.64 
23.1 13.0562 5.87813e-08 5529.62 0 0 0 33.2672 0 0 2.47427e-07 -3.73704e-18 2.23372e-06 -1.00404e-08 0.289845 -3.22401e-07 4.94128 14.9639 5.91773e-08 5533.67 14.9639 5.91769e-08 5533.67 
23.2 13.0081 2.70485e-08 5529.61 0 0 0 33.2672 0 0 2.47419e-07 -4.03263e-18 2.23374e-06 -5.34125e-09 0.155922 -3.34546e-07 4.94127 14.9148 2.73244e-08 5533.66 14.9148 2.73244e-08 5533.66 
23.3 12.9642 -8.4017e-09 5529.61 0 0 0 33.2672 0 0 2.47408e-07 -3.87722e-18 2.23382e-06 -1.19146e-09 0.0232654 -3.35178e-07 4.94124 14.87 -7.8137e-09 5533.66 14.87 -7.81378e-09 5533.66 
23.4 12.9242 -3.94876e-08 5529.6 0 0 0 33.2672 0 0 2.47393e-07 -3.66076e-18 2.23395e-06 1.80359e-09 -0.0444986 -3.29642e-07 4.94121 14.8295 -3.83886e-08 5533.65 14.8295 -3.83887e-08 5533.65 
23.5 12.8867 -7.48942e-08 5529.55 0 0 0 33.2672 0 0 2.47374e-07 -3.88537e-18 2.23409e-06 4.99426e-09 0.0103202 -3.17943e-07 4.94118 14.792 -7.33349e-08 5533.6 14.792 -7.33349e-08 5533.6 
23.6 12.8525 -1.05929e-07 5529.36 0 0 0 33.2672 0 0 2.47346e-07 -3.83393e-18 2.23435e-06 7.64961e-09 0.254091 -3.05183e-07 4.94115 14.7582 -1.04107e-07 5533.42 14.7582 -1.04107e-07 5533.42 
23.7 12.8214 -1.37473e-07 5529.52 0 0 0 33.2672 0 0 2.47334e-07 -3.78556e-18 2.23445e-06 1.1057e-08 0.14355 -2.90524e-07 4.94115 14.7277 -1.35728e-07 5533.57 14.7277 -1.35728e-07 5533.57 
23.8 12.7932 -1.67015e-07 5529.46 0 0 0 33.2672 0 0 2.47309e-07 -3.83734e-18 2.23464e-06 1.42555e-08 0.319454 -2.74597e-07 4.94114 14.7002 -1.65697e-07 5533.5 14.7002 -1.65697e-07 5533.5 
23.9 12.7702 -1.93405e-07 5529.41 0 0 0 33.2672 0 0 2.47276e-07 -3.56382e-18 2.23517e-06 1.75255e-08 0.455365 -2.5806e-07 4.94114 14.6777 -1.92894e-07 5533.44 14.6777 -1.92895e-07 5533.44 
24 12.7513 -2.16752e-07 5529.59 0 0 0 33.2672 0 0 2.4728e-07 -3.79528e-18 2.23484e-06 2.09855e-08 0.382895 -2.40478e-07 4.94113 14.6591 -2.17322e-07 5533.61 14.6591 -2.17322e-07 5533.61 
24.1 12.7376 -2.35486e-07 5529.62 0 0 0 33.2672 0 0 2.47268e-07 -3.66408e-18 2.23488e-06 2.38851e-08 0.402684 -2.20847e-07 4.94112 14.6455 -2.37348e-07 5533.62 14.6455 -2.37348e-07 5533.62 
24.2 12.7307 -2.50332e-07 5529.63 0 0 0 33.2672 0 0 2.4728e-07 -3.90768e-18 2.2342e-06 2.63335e-08 0.403914 -1.98857e-07 4.94108 14.6387 -2.53578e-07 5533.62 14.6387 -2.53577e-07 5533.62 
24.3 12.7292 -2.60776e-07 5529.63 0 0 0 33.2672 0 0 2.47299e-07 -3.76217e-18 2.23343e-06 2.81192e-08 0.35972 -1.73866e-07 4.94103 14.637 -2.65386e-07 5533.61 14.637 -2.65386e-07 5533.61 
24.4 12.7367 -2.67293e-07 5529.62 0 0 0 33.2672 0 0 2.47245e-07 -3.7937e-18 2.23503e-06 2.88412e-08 0.308641 -1.41452e-07 4.94098 14.6447 -2.73118e-07 5533.58 14.6447 -2.73118e-07 5533.58 
24.5 12.7466 -2.70123e-07 5529.64 0 0 0 33.2672 0 0 2.47228e-07 -3.88788e-18 2.23548e-06 2.89656e-08 0.197681 -1.09472e-07 4.94093 14.655 -2.76982e-07 5533.59 14.655 -2.76982e-07 5533.59 
24.6 12.7634 -2.69014e-07 5529.59 0 0 0 33.2672 0 0 2.47223e-07 -4.01401e-18 2.2356e-06 2.83882e-08 0.137331 -7.62447e-08 4.94089 14.6723 -2.76735e-07 5533.54 14.6723 -2.76735e-07 5533.54 
24.7 12.7852 -2.62682e-07 5529.45 0 0 0 33.2672 0 0 2.47208e-07 -3.57653e-18 2.23603e-06 2.71734e-08 -0.160671 -4.12951e-08 4.94081 14.695 -2.7117e-07 5533.39 14.695 -2.7117e-07 5533.39 
24.8 12.813 -2.56829e-07 5529.5 0 0 0 33.2672 0 0 2.47182e-07 -3.76334e-18 2.23701e-06 2.517e-08 -0.110384 -2.99397e-09 4.94078 14.7236 -2.6581e-07 5533.44 14.7236 -2.6581e-07 5533.44 
24.9 12.8521 -2.42171e-07 5529.56 0 0 0 33.2672 0 0 2.47214e-07 -2.72568e-18 2.23606e-06 2.28816e-08 -0.247012 3.69844e-08 4.94075 14.7639 -2.51859e-07 5533.49 14.7639 -2.51859e-07 5533.49 
25 12.8849 -2.22043e-07 5529.56 0 0 0 33.2672 0 0 2.4722e-07 -3.80589e-18 2.23589e-06 1.6615e-08 -0.151284 9.06771e-08 4.94073 14.7978 -2.32573e-07 5533.49 14.7978 -2.32573e-07 5533.49 
25.1 12.92 -2.19582e-07 5529.53 0 0 0 33.2672 0 0 2.47225e-07 -3.83647e-18 2.23586e-06 1.67993e-08 -0.0807447 1.02254e-07 4.94071 14.8341 -2.29559e-07 5533.46 14.8341 -2.29559e-07 5533.46 
25.2 12.9559 -2.03064e-07 5529.58 0 0 0 33.2672 0 0 2.47242e-07 -4.03973e-18 2.23527e-06 1.3557e-08 -0.120092 1.36654e-07 4.9407 14.8713 -2.13393e-07 5533.51 14.8713 -2.13393e-07 5533.51 
25.3 12.9953 -1.84351e-07 5529.58 0 0 0 33.2672 0 0 2.47231e-07 -3.66723e-18 2.23631e-06 1.00786e-08 -0.12094 1.68826e-07 4.94068 14.912 -1.94913e-07 5533.51 14.912 -1.94913e-07 5533.51 
25.4 13.0347 -1.64001e-07 5529.58 0 0 0 33.2672 0 0 2.47244e-07 -3.65317e-18 2.23583e-06 6.50421e-09 -0.132441 1.96291e-07 4.94066 14.9526 -1.74805e-07 5533.51 14.9526 -1.74805e-07 5533.51 
25.5 13.0744 -1.4174e-07 5529.59 0 0 0 33.2672 0 0 2.47211e-07 -3.37088e-18 2.23903e-06 2.82442e-09 -0.145829 2.20403e-07 4.94065 14.9935 -1.52704e-07 5533.52 14.9935 -1.52704e-07 5533.52 
25.6 13.1135 -1.18916e-07 5529.6 0 0 0 33.2672 0 0 2.47261e-07 -3.81498e-18 2.23585e-06 -9.13607e-10 -0.157362 2.41885e-07 4.94063 15.0337 -1.30035e-07 5533.53 15.0337 -1.30034e-07 5533.53 
25.7 13.152 -9.38892e-08 5529.57 0 0 0 33.2672 0 0 2.47359e-07 -3.8723e-18 2.23239e-06 -4.8307e-09 -0.159304 2.60133e-07 4.94062 15.0734 -1.05098e-07 5533.5 15.0734 -1.05098e-07 5533.5 
25.8 13.188 -6.77945e-08 5530.02 0 0 0 33.2672 0 0 2.47298e-07 -3.70379e-18 2.23561e-06 -8.2405e-09 -0.731703 2.74659e-07 4.94061 15.1107 -7.89391e-08 5533.96 15.1107 -7.89395e-08 5533.96 
25.9 13.2226 -4.21888e-08 5529.54 0 0 0 33.2672 0 0 2.47298e-07 -3.70379e-18 2.23561e-06 -1.28959e-08 -0.171047 2.88489e-07 4.94061 15.1465 -5.30854e-08 5533.48 15.1465 -5.30854e-08 5533.48 
26 13.2552 -1.48756e-08 5529.59 0 0 0 33.2672 0 0 2.4731e-07 -3.79058e-18 2.2356e-06 -1.73662e-08 -0.204719 3.01345e-07 4.94062 15.1803 -2.55566e-08 5533.53 15.1803 -2.55566e-08 5533.53 
26.1 13.284 9.58811e-09 5529.59 0 0 0 33.2672 0 0 2.4733e-07 -3.88821e-18 2.23529e-06 -2.07913e-08 -0.254454 3.01513e-07 4.94063 15.2101 -8.85326e-10 5533.54 15.2101 -8.85381e-10 5533.54 
26.2 13.3102 3.48116e-08 5529.61 0 0 0 33.2672 0 0 2.47464e-07 -3.34727e-18 2.23071e-06 -2.42463e-08 -0.273586 3.04225e-07 4.94063 15.2373 2.49336e-08 5533.57 15.2373 2.49335e-08 5533.57 
26.3 13.3327 6.05814e-08 5529.63 0 0 0 33.2672 0 0 2.46945e-07 -3.49215e-18 2.25032e-06 -2.83605e-08 -0.278591 3.05941e-07 4.94066 15.2608 5.11912e-08 5533.6 15.2608 5.1191e-08 5533.6 
26.4 13.3507 8.4843e-08 5529.65 0 0 0 33.2672 0 0 2.47884e-07 -3.30253e-18 2.21521e-06 -3.19225e-08 -0.279568 3.02698e-07 4.94067 15.2797 7.60841e-08 5533.62 15.2797 7.60844e-08 5533.62 
26.5 13.3668 1.06583e-07 5530.53 0 0 0 33.2672 0 0 2.47391e-07 -3.41376e-18 2.23482e-06 -3.47474e-08 -0.497465 2.9542e-07 4.94072 15.2964 9.85838e-08 5534.51 15.2964 9.85838e-08 5534.51 
26.6 13.3716 1.28696e-07 5529.67 0 0 0 33.2672 0 0 2.47391e-07 -3.41376e-18 2.23482e-06 -3.83237e-08 -0.270637 2.8625e-07 4.94072 15.3018 1.21616e-07 5533.66 15.3018 1.21615e-07 5533.66 
26.7 13.379 1.6899e-07 5530.41 0 0 0 33.2672 0 0 2.47463e-07 -7.02583e-18 2.2325e-06 -5.44018e-08 -0.318868 3.46714e-07 4.94077 15.3095 1.72705e-07 5534.4 15.3095 1.72705e-07 5534.4 
26.8 13.3831 1.64329e-07 5531.21 0 0 0 33.2672 0 0 2.47352e-07 -6.77107e-17 2.23694e-06 -9.51017e-08 -0.213977 2.94992e-07 4.94082 15.3138 1.73012e-07 5535.21 15.3138 1.73012e-07 5535.21 
26.9 13.3726 1.04875e-07 5530.31 0 0 0 33.2672 0 0 2.47352e-07 -6.77107e-17 2.23694e-06 -5.71367e-08 -0.174287 -1.61931e-08 4.94082 15.3034 7.27027e-08 5534.32 15.3034 7.27027e-08 5534.32 
27 13.3673 -4.97888e-08 5531.01 0 0 0 33.2672 0 0 2.47389e-07 2.33713e-16 2.23579e-06 1.21207e-07 0.00869414 -4.71914e-07 4.94088 15.2972 -5.7436e-08 5535.03 15.2972 -5.7436e-08 5535.03 
27.1 13.3475 -2.19487e-08 5530.13 0 0 0 33.2672 0 0 2.47389e-07 2.33713e-16 2.23579e-06 1.26518e-07 -0.0769696 -4.89939e-07 4.94088 15.2769 -2.7744e-08 5534.16 15.2769 -2.7744e-08 5534.16 
27.2 13.3327 1.63193e-07 5530.77 0 0 0 33.2672 0 0 2.47448e-07 2.30408e-17 2.23337e-06 -7.08007e-08 0.169136 -6.23545e-08 4.94093 15.2623 1.18587e-07 5534.8 15.2623 1.18587e-07 5534.8 
27.3 13.3052 2.59397e-07 5529.95 0 0 0 33.2672 0 0 2.47448e-07 2.30408e-17 2.23337e-06 -1.31406e-07 -0.0286666 2.84656e-07 4.94093 15.2338 2.5025e-07 5533.99 15.2338 2.5025e-07 5533.99 
27.4 13.2826 2.85067e-07 5530.53 0 0 0 33.2672 0 0 2.47393e-07 -8.47323e-17 2.23531e-06 -6.71692e-09 0.256165 3.14514e-07 4.94096 15.2106 2.67401e-07 5534.57 15.2106 2.67401e-07 5534.57 
27.5 13.2477 2.65076e-07 5529.81 0 0 0 33.2672 0 0 2.47393e-07 -8.47323e-17 2.23531e-06 -2.93365e-10 -0.0169172 2.04021e-07 4.94096 15.1761 2.33678e-07 5533.84 15.1761 2.33678e-07 5533.84 
27.6 13.2204 2.82096e-07 5530.22 0 0 0 33.2672 0 0 2.47412e-07 -1.85733e-18 2.23431e-06 -7.34256e-08 0.307795 1.17067e-07 4.94101 15.1476 2.78912e-07 5534.26 15.1476 2.78912e-07 5534.26 
27.7 13.1879 1.90727e-07 5530.09 0 0 0 33.2672 0 0 2.47399e-07 -3.29368e-18 2.2345e-06 -4.07601e-08 0.254602 -1.38946e-08 4.94103 15.1087 1.8921e-07 5534.17 15.1087 1.8921e-07 5534.17 
27.8 13.1504 2.10847e-07 5529.99 0 0 0 33.2672 0 0 2.47404e-07 1.99867e-18 2.23398e-06 -3.63059e-08 0.313478 4.9435e-09 4.94108 15.0739 2.15092e-07 5534.04 15.0739 2.15092e-07 5534.04 
27.9 13.115 2.63091e-07 5529.79 0 0 0 33.2672 0 0 2.47393e-07 -4.31346e-18 2.23419e-06 -5.29442e-08 0.216513 6.2639e-08 4.94107 15.035 2.6149e-07 5533.84 15.035 2.6149e-07 5533.84 
28 13.0733 2.02147e-07 5529.68 0 0 0 33.2672 0 0 2.47379e-07 -4.71574e-18 2.23439e-06 -3.82941e-08 0.231745 -7.52783e-08 4.94108 14.992 2.01777e-07 5533.73 14.992 2.01777e-07 5533.73 
28.1 13.0404 1.67539e-07 5529.72 0 0 0 33.2672 0 0 2.4737e-07 -4.21277e-18 2.2344e-06 -3.09517e-08 0.218734 -1.51593e-07 4.94109 14.9576 1.66788e-07 5533.77 14.9576 1.66788e-07 5533.77 
28.2 13.0081 1.60956e-07 5529.72 0 0 0 33.2672 0 0 2.47362e-07 -3.31247e-18 2.23443e-06 -2.81708e-08 0.169767 -1.61979e-07 4.9411 14.9235 1.6021e-07 5533.77 14.9235 1.6021e-07 5533.77 
28.3 12.9727 1.3598e-07 5529.7 0 0 0 33.2672 0 0 2.47346e-07 -2.96303e-18 2.23442e-06 -2.38847e-08 0.426047 -1.76848e-07 4.9411 14.8861 1.35066e-07 5533.75 14.8861 1.35066e-07 5533.75 
28.4 12.9476 1.25133e-07 5529.4 0 0 0 33.2672 0 0 2.47322e-07 -3.46e-18 2.23475e-06 -2.18166e-08 0.687191 -1.96291e-07 4.9411 14.8591 1.23949e-07 5533.44 14.8591 1.23949e-07 5533.44 
28.5 12.9227 1.09854e-07 5529.64 0 0 0 33.2672 0 0 2.47322e-07 -3.46e-18 2.23475e-06 -1.83806e-08 0.324299 -2.12816e-07 4.9411 14.8326 1.08403e-07 5533.68 14.8326 1.08403e-07 5533.68 
28.6 12.9 8.6584e-08 5529.42 0 0 0 33.2672 0 0 2.47312e-07 -3.78403e-18 2.23466e-06 -1.44395e-08 0.463524 -2.34718e-07 4.94108 14.8082 8.46235e-08 5533.46 14.8082 8.46233e-08 5533.46 
28.7 12.8803 6.4529e-08 5529.45 0 0 0 33.2672 0 0 2.47304e-07 -3.88817e-18 2.23472e-06 -1.05164e-08 0.367673 -2.49602e-07 4.94107 14.787 6.21239e-08 5533.48 14.787 6.2124e-08 5533.48 
28.8 12.8638 4.0262e-08 5529.52 0 0 0 33.2672 0 0 2.47296e-07 -4.32784e-18 2.2348e-06 -6.28045e-09 0.281834 -2.65488e-07 4.94106 14.7691 3.76396e-08 5533.55 14.7691 3.764e-08 5533.55 
28.9 12.8529 1.49728e-08 5529.64 0 0 0 33.2672 0 0 2.47291e-07 -3.81566e-18 2.23476e-06 -1.32078e-09 0.217927 -2.77479e-07 4.94105 14.7568 1.19253e-08 5533.66 14.7568 1.19256e-08 5533.66 
29 12.8447 -7.4227e-09 5529.32 0 0 0 33.2672 0 0 2.47285e-07 -3.97567e-18 2.23469e-06 1.70755e-09 0.295585 -2.77472e-07 4.94103 14.7477 -1.09706e-08 5533.34 14.7477 -1.09706e-08 5533.34 
29.1 12.8432 -3.05462e-08 5529.48 0 0 0 33.2672 0 0 2.47232e-07 -3.53422e-18 2.2362e-06 5.33981e-09 0.250562 -2.77267e-07 4.94102 14.7452 -3.46099e-08 5533.49 14.7452 -3.46093e-08 5533.49 
29.2 12.8446 -5.36639e-08 5529.14 0 0 0 33.2672 0 0 2.47266e-07 -3.78659e-18 2.2351e-06 8.61283e-09 0.246194 -2.7582e-07 4.94099 14.7461 -5.83723e-08 5533.14 14.7461 -5.83724e-08 5533.14 
29.3 12.8497 -7.578e-08 5528.75 0 0 0 33.2672 0 0 2.47209e-07 -4.05653e-18 2.23658e-06 1.15818e-08 0.162831 -2.71027e-07 4.94096 14.7509 -8.12009e-08 5532.74 14.7509 -8.12009e-08 5532.74 
29.4 12.8655 -9.7808e-08 5529.49 0 0 0 33.2672 0 0 2.47209e-07 -4.05653e-18 2.23658e-06 1.51618e-08 0.217963 -2.6381e-07 4.94096 14.7667 -1.03863e-07 5533.47 14.7667 -1.03863e-07 5533.47 
29.5 12.8813 -1.16888e-07 5529.12 0 0 0 33.2672 0 0 2.47264e-07 -4.08337e-18 2.23522e-06 1.76652e-08 0.102823 -2.5171e-07 4.94094 14.7815 -1.23622e-07 5533.1 14.7815 -1.23622e-07 5533.1 
29.6 12.8992 -1.34662e-07 5528.78 0 0 0 33.2672 0 0 2.47261e-07 -4.0555e-18 2.23539e-06 1.97282e-08 -0.0858965 -2.3646e-07 4.94089 14.8008 -1.42001e-07 5532.75 14.8008 -1.42001e-07 5532.75 
29.7 12.9292 -1.52619e-07 5529.51 0 0 0 33.2672 0 0 2.47261e-07 -4.0555e-18 2.23539e-06 2.20348e-08 0.13668 -2.18651e-07 4.94089 14.8312 -1.60524e-07 5533.46 14.8312 -1.60524e-07 5533.46 
29.8 12.956 -1.65726e-07 5529.19 0 0 0 33.2672 0 0 2.4728e-07 -4.10414e-18 2.23511e-06 2.31626e-08 -0.0745131 -1.96391e-07 4.94085 14.8582 -1.74134e-07 5533.14 14.8582 -1.74134e-07 5533.14 
29.9 12.9899 -1.76753e-07 5528.88 0 0 0 33.2672 0 0 2.47277e-07 -4.24516e-18 2.23567e-06 2.3748e-08 -0.290263 -1.71703e-07 4.94086 14.8908 -1.85664e-07 5532.84 14.8908 -1.85664e-07 5532.84 
30 13.0173 -1.81466e-07 5528.73 0 0 0 33.2672 0 0 2.47304e-07 -3.91363e-18 2.2348e-06 2.26953e-08 -0.631066 -1.35113e-07 4.94077 14.9244 -1.90839e-07 5532.65 14.9244 -1.90839e-07 5532.65 
30.1 13.0536 -1.84436e-07 5529.34 0 0 0 33.2672 0 0 2.47304e-07 -3.91363e-18 2.2348e-06 1.80982e-08 -0.34979 -7.40349e-08 4.94077 14.964 -1.88134e-07 5533.24 14.964 -1.88134e-07 5533.24 
30.2 13.107 -2.16656e-07 5529.18 0 0 0 33.2672 0 0 2.47316e-07 -4.27689e-18 2.23542e-06 2.51356e-08 -0.397716 -8.99252e-08 4.94078 15.0146 -2.17681e-07 5533.11 15.0146 -2.17681e-07 5533.11 
30.3 13.1458 -1.99242e-07 5529.52 0 0 0 33.2672 0 0 2.4732e-07 -2.51306e-18 2.23549e-06 2.61938e-08 -0.171611 -7.13037e-08 4.94077 15.0567 -2.11345e-07 5533.42 15.0567 -2.11345e-07 5533.42 
30.4 13.1905 -1.95487e-07 5529.52 0 0 0 33.2672 0 0 2.47341e-07 -4.01403e-18 2.23533e-06 2.0904e-08 -0.376969 -2.16648e-08 4.94077 15.1011 -2.06419e-07 5533.44 15.1011 -2.06418e-07 5533.44 
30.5 13.2444 -1.96511e-07 5529.6 0 0 0 33.2672 0 0 2.47354e-07 -4.41799e-18 2.23531e-06 1.90377e-08 -0.327292 1.23742e-08 4.94076 15.1544 -2.07071e-07 5533.53 15.1544 -2.0707e-07 5533.53 
30.6 13.2862 -1.91268e-07 5529.58 0 0 0 33.2672 0 0 2.47366e-07 -4.01131e-18 2.23532e-06 1.5601e-08 -0.358077 5.3574e-08 4.94073 15.1975 -2.01146e-07 5533.52 15.1975 -2.01146e-07 5533.52 
30.7 13.3272 -1.81994e-07 5529.58 0 0 0 33.2672 0 0 2.47378e-07 -3.57996e-18 2.23534e-06 1.16454e-08 -0.384614 9.33657e-08 4.94071 15.24 -1.91156e-07 5533.53 15.24 -1.91156e-07 5533.53 
30.8 13.3597 -1.73455e-07 5529.53 0 0 0 33.2672 0 0 2.47387e-07 -3.74404e-18 2.23534e-06 8.04424e-09 -0.322283 1.28386e-07 4.94071 15.274 -1.82007e-07 5533.49 15.274 -1.82007e-07 5533.49 
30.9 13.3895 -1.62996e-07 5529.5 0 0 0 33.2672 0 0 2.47397e-07 -3.73386e-18 2.23532e-06 4.41093e-09 -0.255343 1.60733e-07 4.94071 15.3055 -1.71035e-07 5533.46 15.3055 -1.71035e-07 5533.46 
31 13.4197 -1.37328e-07 5529.72 0 0 0 33.2672 0 0 2.47416e-07 -3.58238e-18 2.23521e-06 -6.00003e-10 -0.457876 1.90717e-07 4.94073 15.3373 -1.44963e-07 5533.69 15.3373 -1.44963e-07 5533.69 
31.1 13.4383 -1.21956e-07 5529.71 0 0 0 33.2672 0 0 2.47426e-07 -3.56837e-18 2.23515e-06 -4.20943e-09 -0.405087 2.146e-07 4.94074 15.3571 -1.29224e-07 5533.67 15.3571 -1.29224e-07 5533.67 
31.2 13.4526 -1.05227e-07 5529.69 0 0 0 33.2672 0 0 2.47434e-07 -3.50893e-18 2.2351e-06 -7.84312e-09 -0.364293 2.35909e-07 4.94075 15.3726 -1.12117e-07 5533.66 15.3726 -1.12117e-07 5533.66 
31.3 13.4627 -8.78515e-08 5529.67 0 0 0 33.2672 0 0 2.47442e-07 -3.66405e-18 2.23506e-06 -1.14658e-08 -0.335274 2.54492e-07 4.94077 15.3835 -9.4341e-08 5533.65 15.3835 -9.43409e-08 5533.65 
31.4 13.4683 -6.86131e-08 5529.65 0 0 0 33.2672 0 0 2.47452e-07 -3.43811e-18 2.23495e-06 -1.52273e-08 -0.316254 2.70395e-07 4.94078 15.3897 -7.46485e-08 5533.64 15.3897 -7.4648e-08 5533.64 
31.5 13.4692 -4.98512e-08 5529.63 0 0 0 33.2672 0 0 2.47453e-07 -3.45878e-18 2.23497e-06 -1.88651e-08 -0.304623 2.83601e-07 4.94079 15.3911 -5.53814e-08 5533.62 15.3911 -5.53807e-08 5533.62 
31.6 13.4683 -3.18377e-08 5529.71 0 0 0 33.2672 0 0 2.47457e-07 -3.43794e-18 2.23495e-06 -2.23078e-08 -0.230836 2.95258e-07 4.9408 15.3905 -3.67871e-08 5533.71 15.3905 -3.67872e-08 5533.71 
31.7 13.4611 -1.20757e-08 5529.75 0 0 0 33.2672 0 0 2.47462e-07 -3.39726e-18 2.23485e-06 -2.58722e-08 -0.22983 3.03264e-07 4.94082 15.3835 -1.64154e-08 5533.76 15.3835 -1.64157e-08 5533.76 
31.8 13.4452 1.21798e-08 5529.6 0 0 0 33.2672 0 0 2.47464e-07 -3.37486e-18 2.23474e-06 -2.9978e-08 -0.251352 3.07432e-07 4.94083 15.3677 8.47115e-09 5533.62 15.3677 8.47126e-09 5533.62 
31.9 13.4249 3.45041e-08 5529.65 0 0 0 33.2672 0 0 2.47459e-07 -3.36213e-18 2.2348e-06 -3.33706e-08 -0.214978 3.06674e-07 4.94085 15.3471 3.14086e-08 5533.68 15.3471 3.14089e-08 5533.68 
32 13.4048 5.06835e-08 5529.63 0 0 0 33.2672 0 0 2.47458e-07 -2.99735e-18 2.23474e-06 -3.61024e-08 -0.256559 3.05142e-07 4.94086 15.3267 4.82173e-08 5533.66 15.3267 4.82175e-08 5533.66 
32.1 13.3757 7.22378e-08 5529.98 0 0 0 33.2672 0 0 2.4744e-07 -3.35505e-18 2.23479e-06 -3.86741e-08 0.277304 2.9605e-07 4.9409 15.297 7.04157e-08 5534.02 15.297 7.04159e-08 5534.02 
32.2 13.3453 8.63621e-08 5529.7 0 0 0 33.2672 0 0 2.4744e-07 -3.35505e-18 2.23479e-06 -4.10253e-08 -0.0694856 2.8839e-07 4.9409 15.2659 8.50654e-08 5533.75 15.2659 8.50657e-08 5533.75 
32.3 13.311 1.02224e-07 5529.83 0 0 0 33.2672 0 0 2.47433e-07 -2.97545e-18 2.23463e-06 -4.27641e-08 0.210637 2.74614e-07 4.94093 15.2307 1.01434e-07 5533.89 15.2307 1.01434e-07 5533.89 
32.4 13.2754 -4.28986e-08 5529.9 0 0 0 33.2672 0 0 2.47406e-07 1.16865e-16 2.23463e-06 -1.29337e-08 0.889296 -7.4609e-08 4.94096 15.1941 -4.19384e-08 5533.96 15.1941 -4.19379e-08 5533.96 
32.5 13.2307 -1.4552e-07 5529.75 0 0 0 33.2672 0 0 2.47406e-07 1.16865e-16 2.23463e-06 8.34724e-08 0.345153 -8.53149e-07 4.94096 15.1485 -3.45972e-07 5533.81 15.1485 -3.45972e-07 5533.81 
32.6 13.1908 1.37753e-07 5529.74 0 0 0 33.2672 0 0 2.47375e-07 3.58228e-16 2.23471e-06 6.65459e-07 1.10675 -1.00677e-06 4.94099 15.1073 -2.70168e-07 5533.8 15.1073 -2.70168e-07 5533.8 
32.7 13.1431 4.29885e-07 5529.7 0 0 0 33.2672 0 0 2.47375e-07 3.58228e-16 2.23471e-06 5.84375e-07 0.497715 -3.64189e-07 4.94099 15.0584 1.29612e-07 5533.78 15.0584 1.29612e-07 5533.78 
32.8 13.1001 1.66028e-07 5529.48 0 0 0 33.2672 0 0 2.47359e-07 1.84015e-16 2.23406e-06 -1.27413e-06 1.25462 -5.41701e-07 4.94103 15.0139 9.25851e-08 5533.56 15.0139 9.25849e-08 5533.56 
32.9 13.0516 4.18733e-08 5529.6 0 0 0 33.2672 0 0 2.47359e-07 1.84015e-16 2.23406e-06 -1.25873e-06 0.610453 -6.05398e-07 4.94103 14.9641 3.32744e-08 5533.67 14.9641 3.32747e-08 5533.67 
33 13.0078 -4.37872e-07 5529.23 0 0 0 33.2672 0 0 2.47314e-07 -4.40498e-17 2.23475e-06 1.3644e-06 1.27559 -1.45583e-06 4.94101 14.9189 -5.07711e-07 5533.3 14.9189 -5.07711e-07 5533.3 
33.1 12.9611 -1.17925e-06 5529.49 0 0 0 33.2672 0 0 2.47314e-07 -4.40498e-17 2.23475e-06 1.61354e-06 0.626716 -3.33487e-06 4.94101 14.8709 -1.39388e-06 5533.56 14.8709 -1.39388e-06 5533.56 
33.2 12.9198 -9.0385e-07 5529.08 0 0 0 33.2672 0 0 2.47284e-07 2.9843e-16 2.23483e-06 2.9752e-07 1.07773 -3.18838e-06 4.94102 14.8281 -1.22785e-06 5533.14 14.8281 -1.22785e-06 5533.14 
33.3 12.8778 -4.5802e-07 5529.47 0 0 0 33.2672 0 0 2.47284e-07 2.9843e-16 2.23483e-06 1.89388e-07 0.462964 -2.14812e-06 4.94102 14.7849 -7.49314e-07 5533.53 14.7849 -7.49313e-07 5533.53 
33.4 12.8372 -6.83731e-06 5529.68 0 0 0 33.2672 0 0 2.47275e-07 3.7534e-16 2.23483e-06 1.63266e-06 0.176357 -1.46803e-05 4.94103 14.7431 -6.77328e-06 5533.74 14.7431 -6.77328e-06 5533.74 
33.5 12.8032 -1.30408e-06 5529.61 0 0 0 33.2672 0 0 2.47257e-07 2.17397e-16 2.23489e-06 3.17263e-07 0.247599 -2.75826e-06 4.94102 14.7079 -1.14158e-06 5533.66 14.7079 -1.14158e-06 5533.66 
33.6 12.7782 -7.01161e-07 5529.62 0 0 0 33.2672 0 0 2.47245e-07 1.56557e-16 2.23493e-06 4.09044e-08 0.248704 -8.48236e-07 4.94101 14.6821 -6.5312e-07 5533.66 14.6821 -6.5312e-07 5533.66 
33.7 12.749 -1.72438e-07 5529.05 0 0 0 33.2672 0 0 2.47217e-07 4.96132e-17 2.23504e-06 -1.17573e-08 0.546278 -1.09502e-07 4.94099 14.652 -1.64855e-07 5533.08 14.652 -1.64854e-07 5533.08 
33.8 12.741 -1.00783e-07 5529.38 0 0 0 33.2672 0 0 2.47217e-07 4.96132e-17 2.23504e-06 -2.45179e-08 0.374924 -6.86732e-08 4.94099 14.6436 -1.30292e-07 5533.41 14.6436 -1.30292e-07 5533.41 
33.9 12.7332 2.67898e-06 5529.53 0 0 0 33.2672 0 0 2.47214e-07 7.62021e-18 2.23505e-06 -6.12605e-07 0.303405 3.84015e-06 4.94098 14.6354 2.67119e-06 5533.55 14.6354 2.67119e-06 5533.55 
34 12.7282 -2.68861e-07 5529.4 0 0 0 33.2672 0 0 2.47204e-07 1.19042e-17 2.23511e-06 8.47276e-09 0.317114 -5.60294e-07 4.94096 14.6302 -2.49673e-07 5533.41 14.6302 -2.49673e-07 5533.41 
34.1 12.7419 -4.18015e-08 5529.15 0 0 0 33.2672 0 0 2.47201e-07 -1.80163e-16 2.23515e-06 -3.07547e-08 0.294557 4.85449e-08 4.94094 14.644 -2.40617e-08 5533.15 14.644 -2.4061e-08 5533.15 
34.2 12.7425 2.8827e-07 5529.43 0 0 0 33.2672 0 0 2.47201e-07 -1.80163e-16 2.23515e-06 -2.05959e-07 0.252574 1.33746e-06 4.94094 14.6448 4.32981e-07 5533.43 14.6448 4.32982e-07 5533.43 
34.3 12.7711 6.79114e-07 5529.09 0 0 0 33.2672 0 0 2.47199e-07 -6.25972e-16 2.23513e-06 7.83436e-08 0.436475 2.01903e-06 4.94091 14.6738 7.07158e-07 5533.07 14.6738 7.07157e-07 5533.07 
34.4 12.7756 4.821e-07 5529.33 0 0 0 33.2672 0 0 2.47199e-07 -6.25972e-16 2.23513e-06 1.88023e-07 0.458036 1.10024e-06 4.94091 14.6788 3.88435e-07 5533.3 14.6788 3.88435e-07 5533.3 
34.5 12.7965 -2.16003e-09 5529.49 0 0 0 33.2672 0 0 2.47207e-07 -7.05257e-17 2.23524e-06 5.87102e-08 0.16885 -5.58348e-07 4.94089 14.7002 -1.71685e-08 5533.46 14.7002 -1.71687e-08 5533.46 
34.6 12.8208 -6.92752e-08 5529.44 0 0 0 33.2672 0 0 2.47208e-07 7.61127e-17 2.2349e-06 1.46461e-07 0.193599 -2.72115e-07 4.94088 14.7253 -7.52265e-08 5533.4 14.7253 -7.52267e-08 5533.4 
34.7 12.8492 -1.20391e-07 5529.45 0 0 0 33.2672 0 0 2.47216e-07 -1.88935e-17 2.23497e-06 -2.86846e-08 0.167422 -4.7084e-07 4.94087 14.7546 -1.41667e-07 5533.41 14.7546 -1.41667e-07 5533.41 
34.8 12.8769 3.11325e-08 5529.4 0 0 0 33.2672 0 0 2.47229e-07 2.67552e-17 2.23524e-06 -4.65027e-08 -0.0344524 5.28141e-08 4.94085 14.7832 3.55231e-08 5533.35 14.7832 3.55235e-08 5533.35 
34.9 12.9257 -4.01955e-07 5529.51 0 0 0 33.2672 0 0 2.47243e-07 2.76937e-17 2.23514e-06 1.41732e-07 -0.0331393 -9.45608e-07 4.94083 14.8331 -4.01837e-07 5533.45 14.8331 -4.01837e-07 5533.45 
35 12.9634 2.96136e-07 5529.52 0 0 0 33.2672 0 0 2.47251e-07 5.15649e-18 2.23528e-06 -1.06803e-07 -0.0345346 6.08295e-07 4.94082 14.8719 2.64043e-07 5533.46 14.8719 2.64042e-07 5533.46 
35.1 12.998 -1.68231e-07 5529.48 0 0 0 33.2672 0 0 2.47262e-07 -4.55676e-17 2.23528e-06 -3.21911e-08 -0.0380177 -3.96526e-07 4.94081 14.9076 -1.76569e-07 5533.42 14.9076 -1.76569e-07 5533.42 
35.2 13.0587 -1.64623e-07 5529.6 0 0 0 33.2672 0 0 2.47288e-07 7.37613e-17 2.23525e-06 6.46373e-08 -0.283643 -5.13977e-07 4.94079 14.9696 -1.49424e-07 5533.54 14.9696 -1.49424e-07 5533.54 
35.3 13.0745 -3.36059e-07 5529.55 0 0 0 33.2672 0 0 2.47288e-07 7.37613e-17 2.23525e-06 1.32356e-07 -0.0543673 -1.00799e-06 4.94079 14.9865 -3.2397e-07 5533.49 14.9865 -3.2397e-07 5533.49 
35.4 13.1128 -1.87184e-06 5529.55 0 0 0 33.2672 0 0 2.47301e-07 1.27884e-16 2.23523e-06 6.61497e-07 -0.0647163 -3.47685e-06 4.94079 15.026 -1.79184e-06 5533.49 15.026 -1.79184e-06 5533.49 
35.5 13.1497 2.35987e-07 5529.49 0 0 0 33.2672 0 0 2.47313e-07 3.34989e-17 2.23523e-06 3.20318e-07 -0.0796098 7.51092e-07 4.94078 15.0641 2.37656e-07 5533.43 15.0641 2.37657e-07 5533.43 
35.6 13.1937 4.76101e-07 5529.94 0 0 0 33.2672 0 0 2.47354e-07 -1.53487e-17 2.23526e-06 -1.45173e-07 -0.945176 1.09186e-06 4.94077 15.1093 4.72543e-07 5533.88 15.1093 4.72543e-07 5533.88 
35.7 13.2263 4.48881e-07 5529.73 0 0 0 33.2672 0 0 2.47354e-07 -1.53487e-17 2.23526e-06 -1.2783e-07 -0.494215 9.77291e-07 4.94077 15.1429 4.50536e-07 5533.67 15.1429 4.50536e-07 5533.67 
35.8 13.2584 1.813e-07 5530.04 0 0 0 33.2672 0 0 2.47376e-07 -4.55026e-17 2.23525e-06 6.18359e-08 -0.951892 4.06094e-07 4.94077 15.176 1.71208e-07 5533.98 15.176 1.71208e-07 5533.98 
35.9 13.2904 -2.21027e-07 5529.75 0 0 0 33.2672 0 0 2.47376e-07 -4.55026e-17 2.23525e-06 1.78567e-07 -0.494923 -4.09886e-07 4.94077 15.2089 -2.34227e-07 5533.69 15.2089 -2.34226e-07 5533.69 
36 13.3192 -7.31145e-08 5530.15 0 0 0 33.2672 0 0 2.47384e-07 9.32925e-18 2.23542e-06 -2.24753e-07 -0.811664 -1.3036e-07 4.94078 15.2385 -8.82062e-08 5534.1 15.2385 -8.82059e-08 5534.1 
36.1 13.3464 4.069e-08 5529.78 0 0 0 33.2672 0 0 2.47384e-07 9.32925e-18 2.23542e-06 -2.51754e-07 -0.405104 8.32869e-08 4.94078 15.2663 1.99536e-08 5533.74 15.2663 1.99533e-08 5533.74 
36.2 13.3673 -1.42405e-07 5530.19 0 0 0 33.2672 0 0 2.4743e-07 7.88005e-17 2.23487e-06 2.1919e-07 -0.648186 -1.83854e-07 4.94079 15.2878 -1.25563e-07 5534.15 15.2878 -1.25563e-07 5534.15 
36.3 13.3865 -2.24851e-07 5529.77 0 0 0 33.2672 0 0 2.4743e-07 7.88005e-17 2.23487e-06 2.4031e-07 -0.334796 -3.1745e-07 4.94079 15.3073 -2.02329e-07 5533.74 15.3073 -2.02329e-07 5533.74 
36.4 13.3988 -5.52783e-08 5530.16 0 0 0 33.2672 0 0 2.47443e-07 -7.6656e-17 2.23463e-06 -5.50887e-08 -0.484596 -3.84334e-08 4.9408 15.32 -7.54027e-08 5534.14 15.32 -7.54029e-08 5534.14 
36.5 13.4089 1.85614e-08 5529.71 0 0 0 33.2672 0 0 2.47443e-07 -7.6656e-17 2.23463e-06 -7.97619e-08 -0.278995 1.17959e-07 4.9408 15.3303 -5.68063e-09 5533.7 15.3303 -5.68083e-09 5533.7 
36.6 13.4137 2.17726e-08 5529.64 0 0 0 33.2672 0 0 2.47443e-07 4.2895e-18 2.23479e-06 -3.03707e-08 -0.224382 2.26671e-07 4.94081 15.3351 2.6615e-08 5533.63 15.3351 2.6615e-08 5533.63 
36.7 13.4139 -4.45659e-08 5529.95 0 0 0 33.2672 0 0 2.4745e-07 1.23727e-17 2.23471e-06 4.02969e-09 -0.213083 5.28407e-08 4.94084 15.3353 -4.6822e-08 5533.95 15.3353 -4.68221e-08 5533.95 
36.8 13.4083 2.99643e-08 5529.86 0 0 0 33.2672 0 0 2.47522e-07 1.56739e-18 2.23266e-06 -3.03945e-08 -0.17277 1.92295e-07 4.94084 15.3293 2.38046e-08 5533.87 15.3293 2.38044e-08 5533.87 
36.9 13.3991 4.11272e-08 5530.09 0 0 0 33.2672 0 0 2.47451e-07 -2.59126e-18 2.23462e-06 -3.26957e-08 -0.00802675 2.16522e-07 4.94086 15.3198 4.17668e-08 5534.11 15.3198 4.17672e-08 5534.11 
37 13.3821 3.87832e-08 5529.71 0 0 0 33.2672 0 0 2.47451e-07 -2.59126e-18 2.23462e-06 -3.10687e-08 -0.160651 1.92138e-07 4.94086 15.3023 4.07211e-08 5533.73 15.3023 4.07212e-08 5533.73 
37.1 13.3644 2.68258e-08 5529.93 0 0 0 33.2672 0 0 2.47612e-07 -9.35089e-18 2.22961e-06 -3.14821e-08 0.0693789 1.61489e-07 4.94088 15.2841 2.74476e-08 5533.96 15.2841 2.74472e-08 5533.96 
37.2 13.3438 3.13354e-08 5530.04 0 0 0 33.2672 0 0 2.47411e-07 -2.82815e-18 2.23522e-06 -2.41343e-08 0.400492 1.35989e-07 4.94091 15.2624 2.84633e-08 5534.08 15.2624 2.84636e-08 5534.08 
37.3 13.3156 4.26526e-08 5529.78 0 0 0 33.2672 0 0 2.47411e-07 -2.82815e-18 2.23522e-06 -2.72957e-08 0.0796678 1.35701e-07 4.94091 15.2332 4.03805e-08 5533.82 15.2332 4.0381e-08 5533.82 
37.4 13.2863 3.85112e-08 5529.85 0 0 0 33.2672 0 0 2.47416e-07 -1.83435e-18 2.23455e-06 -2.66126e-08 0.41883 1.11488e-07 4.94091 15.2041 3.6e-08 5533.89 15.2041 3.60003e-08 5533.89 
37.5 13.2521 3.92953e-08 5529.69 0 0 0 33.2672 0 0 2.47416e-07 -1.83435e-18 2.23455e-06 -2.3002e-08 0.0135579 8.48305e-08 4.94091 15.1693 3.22315e-08 5533.73 15.1693 3.22315e-08 5533.73 
37.6 13.2191 6.97705e-08 5529.71 0 0 0 33.2672 0 0 2.47385e-07 2.2206e-19 2.23504e-06 -1.20127e-08 0.366532 1.22711e-07 4.94093 15.1343 6.4162e-08 5533.76 15.1343 6.41622e-08 5533.76 
37.7 13.1841 4.99602e-08 5529.66 0 0 0 33.2672 0 0 2.47392e-07 -5.85662e-19 2.23475e-06 -2.95943e-08 0.0293023 8.26415e-08 4.94094 15.0986 5.30967e-08 5533.71 15.0986 5.30969e-08 5533.71 
37.8 13.1316 6.07229e-08 5529.61 0 0 0 33.2672 0 0 2.47371e-07 -5.02599e-18 2.23479e-06 -2.89398e-08 0.132024 7.28769e-08 4.94095 15.0454 5.97399e-08 5533.66 15.0454 5.97397e-08 5533.66 
37.9 13.0858 6.90485e-08 5529.55 0 0 0 33.2672 0 0 2.47353e-07 -3.78626e-18 2.23481e-06 -2.81848e-08 0.226752 4.91834e-08 4.94096 14.9986 6.74505e-08 5533.61 14.9986 6.74504e-08 5533.61 
38 13.045 7.91853e-08 5529.54 0 0 0 33.2672 0 0 2.47334e-07 -2.16428e-18 2.23482e-06 -2.77342e-08 0.384351 3.19623e-08 4.94096 14.957 7.75509e-08 5533.59 14.957 7.75512e-08 5533.59 
38.1 13.0307 7.9688e-08 5529.67 0 0 0 33.2672 0 0 2.47334e-07 -2.16428e-18 2.23482e-06 -2.68886e-08 0.164385 1.95556e-08 4.94096 14.9421 7.79403e-08 5533.73 14.9421 7.79405e-08 5533.73 
38.2 12.9906 8.6143e-08 5529.6 0 0 0 33.2672 0 0 2.47315e-07 -1.98416e-18 2.2348e-06 -2.63463e-08 0.259075 -3.54731e-09 4.94096 14.9012 8.46213e-08 5533.65 14.9012 8.46212e-08 5533.65 
38.3 12.9626 4.645e-07 5529.02 0 0 0 33.2672 0 0 2.47283e-07 -2.95996e-16 2.23494e-06 -1.3644e-07 0.954478 7.59765e-07 4.94096 14.8725 4.37869e-07 5533.07 14.8725 4.37869e-07 5533.07 
38.4 12.9373 7.45294e-07 5529.28 0 0 0 33.2672 0 0 2.47283e-07 -2.95996e-16 2.23494e-06 -2.95007e-07 0.591334 1.9444e-06 4.94096 14.8467 9.46415e-07 5533.32 14.8467 9.46415e-07 5533.32 
38.5 12.9126 1.1067e-06 5529.55 0 0 0 33.2672 0 0 2.47283e-07 -2.95996e-16 2.23494e-06 -5.31151e-07 0.236182 3.71206e-06 4.94096 14.8216 1.67576e-06 5533.59 14.8216 1.67576e-06 5533.59 
38.6 12.8896 1.36754e-06 5529.09 0 0 0 33.2672 0 0 2.47257e-07 -6.74021e-16 2.23495e-06 -5.40225e-07 0.682488 5.10416e-06 4.94095 14.7982 2.09324e-06 5533.13 14.7982 2.09324e-06 5533.13 
38.7 12.8679 1.57248e-06 5529.41 0 0 0 33.2672 0 0 2.47257e-07 -6.74021e-16 2.23495e-06 -6.98552e-07 0.36541 6.05969e-06 4.94095 14.7764 2.46534e-06 5533.43 14.7764 2.46534e-06 5533.43 
38.8 12.8521 6.99583e-07 5528.86 0 0 0 33.2672 0 0 2.47236e-07 -8.53698e-16 2.23509e-06 -1.07778e-06 0.682518 4.50635e-06 4.94093 14.7604 1.58273e-06 5532.89 14.7604 1.58273e-06 5532.89 
38.9 12.8378 7.90706e-08 5529.18 0 0 0 33.2672 0 0 2.47236e-07 -8.53698e-16 2.23509e-06 -8.32366e-07 0.458659 2.66892e-06 4.94093 14.746 6.11751e-07 5533.2 14.746 6.11751e-07 5533.2 
39 12.8283 5.47693e-07 5529.07 0 0 0 33.2672 0 0 2.47227e-07 1.92034e-16 2.23514e-06 -3.47716e-07 0.366277 1.83913e-06 4.94092 14.7362 7.13953e-07 5533.08 14.7362 7.13953e-07 5533.08 
39.1 12.8212 9.56973e-07 5529.38 0 0 0 33.2672 0 0 2.47227e-07 1.92034e-16 2.23514e-06 -2.58789e-07 0.249229 1.27814e-06 4.94092 14.7298 9.32978e-07 5533.38 14.7298 9.32978e-07 5533.38 
39.2 12.8199 1.21099e-06 5529.18 0 0 0 33.2672 0 0 2.47209e-07 1.04344e-16 2.2357e-06 -1.65494e-06 0.176529 1.42346e-06 4.94091 14.7282 1.07701e-06 5533.18 14.7282 1.07701e-06 5533.18 
39.3 12.8222 1.8634e-06 5529.44 0 0 0 33.2672 0 0 2.47209e-07 1.04344e-16 2.2357e-06 -1.83264e-06 0.176059 2.53733e-06 4.94091 14.7305 1.67815e-06 5533.44 14.7305 1.67815e-06 5533.44 
39.4 12.8292 -1.51199e-07 5529.32 0 0 0 33.2672 0 0 2.47231e-07 2.74681e-16 2.23493e-06 8.20317e-07 0.0662303 -1.55634e-06 4.94089 14.7398 -2.0398e-07 5533.3 14.7398 -2.0398e-07 5533.3 
39.5 12.8418 3.45211e-08 5529.32 0 0 0 33.2672 0 0 2.47234e-07 -1.53228e-16 2.23502e-06 -8.33093e-09 -0.255926 -1.92538e-07 4.94088 14.7489 1.50166e-07 5533.32 14.7489 1.50166e-07 5533.32 
39.6 12.8578 4.36368e-07 5529.47 0 0 0 33.2672 0 0 2.47234e-07 -1.53228e-16 2.23502e-06 -1.60995e-07 0.0208093 9.15646e-07 4.94088 14.7683 5.61952e-07 5533.45 14.7683 5.61952e-07 5533.45 
39.7 12.8732 3.01662e-07 5529.54 0 0 0 33.2672 0 0 2.47239e-07 -4.14184e-17 2.23502e-06 -5.50247e-08 -0.00643467 7.21974e-08 4.94087 14.7906 3.38679e-07 5533.45 14.7906 3.38679e-07 5533.45 
39.8 12.9062 3.46012e-07 5529.53 0 0 0 33.2672 0 0 2.47246e-07 -1.29902e-17 2.23506e-06 -2.0011e-08 -0.098014 -2.98459e-07 4.94084 14.8167 3.19211e-07 5533.5 14.8167 3.19211e-07 5533.5 
39.9 12.9239 2.22915e-07 5529.61 0 0 0 33.2672 0 0 2.47256e-07 -1.16821e-17 2.2349e-06 -3.47112e-09 -0.0334994 -5.19393e-07 4.94085 14.8393 2.01768e-07 5533.54 14.8393 2.01768e-07 5533.54 
40 12.93 5.07061e-10 5529.73 0 0 0 33.2672 0 0 2.47258e-07 -7.589e-18 2.2352e-06 4.43166e-08 -0.546221 -8.31565e-07 4.94082 14.8425 -1.15208e-08 5533.69 14.8425 -1.15207e-08 5533.69 
40.1 12.9957 2.2003e-07 5529.6 0 0 0 33.2672 0 0 2.47273e-07 -5.80698e-19 2.23511e-06 -1.13516e-08 -0.010792 -3.0111e-07 4.94082 14.9124 2.0933e-07 5533.53 14.9124 2.0933e-07 5533.53 
40.2 13.0306 2.73051e-07 5529.54 0 0 0 33.2672 0 0 2.47279e-07 -5.09531e-19 2.23514e-06 -2.56146e-08 0.0861261 -1.85644e-07 4.94081 14.9464 2.63909e-07 5533.49 14.9464 2.6391e-07 5533.49 
40.3 13.0626 1.8736e-07 5529.55 0 0 0 33.2672 0 0 2.4729e-07 -4.14463e-18 2.23517e-06 -1.31111e-08 -0.136228 -3.06564e-07 4.94079 14.9791 1.7835e-07 5533.5 14.9791 1.7835e-07 5533.5 
40.4 13.0992 1.49709e-07 5529.6 0 0 0 33.2672 0 0 2.47303e-07 -4.62907e-18 2.23518e-06 -9.09555e-09 -0.18335 -3.06273e-07 4.94079 15.0167 1.40921e-07 5533.55 15.0167 1.4092e-07 5533.55 
40.5 13.1267 1.31799e-07 5529.61 0 0 0 33.2672 0 0 2.47312e-07 -4.8333e-18 2.23517e-06 -7.96965e-09 -0.130398 -2.97294e-07 4.94079 15.045 1.23039e-07 5533.56 15.045 1.23039e-07 5533.56 
40.6 13.1528 1.08511e-07 5529.58 0 0 0 33.2672 0 0 2.4732e-07 -5.93018e-18 2.23517e-06 -5.09189e-09 -0.0858982 -3.02331e-07 4.94079 15.0718 9.96955e-08 5533.53 15.0718 9.96954e-08 5533.53 
40.7 13.1783 8.50686e-08 5529.58 0 0 0 33.2672 0 0 2.4733e-07 -4.21016e-18 2.23512e-06 -1.43826e-09 -0.0496038 -3.0422e-07 4.9408 15.0979 7.64554e-08 5533.53 15.0979 7.64555e-08 5533.53 
40.8 13.2082 5.30588e-08 5529.82 0 0 0 33.2672 0 0 2.47349e-07 -4.60298e-18 2.23509e-06 1.59899e-09 -0.276985 -2.98691e-07 4.94081 15.1283 4.45981e-08 5533.77 15.1283 4.4598e-08 5533.77 
40.9 13.2323 2.65643e-08 5530.12 0 0 0 33.2672 0 0 2.47369e-07 -4.65907e-18 2.23501e-06 3.41422e-09 -0.54941 -2.93617e-07 4.94081 15.1528 1.81815e-08 5534.08 15.1528 1.81814e-08 5534.08 
41 13.2553 -3.5336e-09 5529.73 0 0 0 33.2672 0 0 2.47369e-07 -4.65907e-18 2.23501e-06 6.66172e-09 -0.180018 -2.85736e-07 4.94081 15.1758 -1.12723e-08 5533.69 15.1758 -1.12726e-08 5533.69 
41.1 13.2771 -3.79297e-08 5530.01 0 0 0 33.2672 0 0 2.47383e-07 -6.42868e-18 2.23507e-06 8.00355e-09 -0.43432 -2.81524e-07 4.9408 15.1977 -4.56163e-08 5533.97 15.1977 -4.56163e-08 5533.97 
41.2 13.2968 -7.35328e-08 5530.26 0 0 0 33.2672 0 0 2.47369e-07 -3.63209e-18 2.23589e-06 1.39433e-08 -0.597513 -2.76556e-07 4.94082 15.2175 -8.05162e-08 5534.22 15.2175 -8.05163e-08 5534.22 
41.3 13.3133 -1.08892e-07 5529.84 0 0 0 33.2672 0 0 2.47369e-07 -3.63209e-18 2.23589e-06 1.77168e-08 -0.309639 -2.66666e-07 4.94082 15.234 -1.15688e-07 5533.81 15.234 -1.15688e-07 5533.81 
41.4 13.3271 -1.38597e-07 5530.08 0 0 0 33.2672 0 0 2.47402e-07 -4.96857e-18 2.23518e-06 1.71596e-08 -0.424979 -2.46627e-07 4.94082 15.2475 -1.45343e-07 5534.05 15.2475 -1.45344e-07 5534.05 
41.5 13.3383 -1.71102e-07 5529.67 0 0 0 33.2672 0 0 2.47402e-07 -4.96857e-18 2.23518e-06 1.94102e-08 -0.212921 -2.24625e-07 4.94082 15.2583 -1.76859e-07 5533.65 15.2583 -1.76859e-07 5533.65 
41.6 13.3449 -2.02285e-07 5529.89 0 0 0 33.2672 0 0 2.47478e-07 -5.39e-18 2.23325e-06 2.15631e-08 -0.278812 -2.06234e-07 4.94084 15.2648 -2.07226e-07 5533.88 15.2648 -2.07226e-07 5533.88 
41.7 13.3484 -2.31488e-07 5530.07 0 0 0 33.2672 0 0 2.47421e-07 -5.14597e-18 2.23513e-06 2.24945e-08 -0.23907 -1.84039e-07 4.94085 15.2681 -2.35764e-07 5534.06 15.2681 -2.35763e-07 5534.06 
41.8 13.348 -2.61719e-07 5529.73 0 0 0 33.2672 0 0 2.47421e-07 -5.14597e-18 2.23513e-06 2.4788e-08 -0.185481 -1.62151e-07 4.94085 15.2678 -2.65669e-07 5533.73 15.2678 -2.65669e-07 5533.73 
41.9 13.3457 -2.87112e-07 5529.87 0 0 0 33.2672 0 0 2.47406e-07 -3.5868e-18 2.23526e-06 2.61177e-08 -0.109387 -1.36109e-07 4.94088 15.2635 -2.90106e-07 5533.89 15.2635 -2.90107e-07 5533.89 
42 13.3315 -3.2098e-07 5529.77 0 0 0 33.2672 0 0 2.47426e-07 -4.3451e-18 2.23484e-06 2.77087e-08 -0.083153 -1.09979e-07 4.94088 15.2491 -3.23495e-07 5533.79 15.2491 -3.23496e-07 5533.79 
42.1 13.3159 -3.41991e-07 5529.84 0 0 0 33.2672 0 0 2.47424e-07 -4.09098e-18 2.2348e-06 2.82734e-08 -0.110007 -8.39733e-08 4.94089 15.233 -3.44079e-07 5533.86 15.233 -3.44079e-07 5533.86 
42.2 13.3005 -3.59128e-07 5529.76 0 0 0 33.2672 0 0 2.47424e-07 -4.10242e-18 2.23468e-06 2.84545e-08 -0.00861192 -5.69126e-08 4.9409 15.2181 -3.60907e-07 5533.77 15.2181 -3.60907e-07 5533.77 
42.3 13.2832 -3.74692e-07 5529.77 0 0 0 33.2672 0 0 2.47419e-07 -4.25801e-18 2.23471e-06 2.8454e-08 -0.0233871 -2.95737e-08 4.94091 15.1995 -3.76127e-07 5533.8 15.1995 -3.76127e-07 5533.8 
42.4 13.264 -3.87857e-07 5529.75 0 0 0 33.2672 0 0 2.47412e-07 -4.22509e-18 2.23478e-06 2.83017e-08 -0.0186505 -1.97783e-09 4.94092 15.1788 -3.89038e-07 5533.78 15.1788 -3.89038e-07 5533.78 
42.5 13.244 -3.98568e-07 5529.72 0 0 0 33.2672 0 0 2.47405e-07 -4.352e-18 2.23482e-06 2.79065e-08 0.0158026 2.62235e-08 4.94093 15.1583 -3.99532e-07 5533.76 15.1583 -3.99532e-07 5533.76 
42.6 13.2209 -4.06744e-07 5529.71 0 0 0 33.2672 0 0 2.47392e-07 -4.28808e-18 2.23503e-06 2.7272e-08 0.0196592 5.47913e-08 4.94092 15.1352 -4.07547e-07 5533.74 15.1352 -4.07547e-07 5533.74 
42.7 13.1992 -4.11564e-07 5529.69 0 0 0 33.2672 0 0 2.47397e-07 -4.07579e-18 2.23462e-06 2.6325e-08 0.0229077 8.36071e-08 4.94094 15.1115 -4.12282e-07 5533.73 15.1115 -4.12282e-07 5533.73 
42.8 13.1763 -4.1345e-07 5529.67 0 0 0 33.2672 0 0 2.47382e-07 -3.71768e-18 2.23489e-06 2.50568e-08 0.0420184 1.13177e-07 4.94094 15.0887 -4.1409e-07 5533.7 15.0887 -4.14089e-07 5533.7 
42.9 13.142 -4.20397e-07 5529.61 0 0 0 33.2672 0 0 2.4737e-07 3.83764e-17 2.23475e-06 2.6191e-08 0.188215 1.2121e-07 4.94095 15.0529 -4.08532e-07 5533.65 15.0529 -4.08531e-07 5533.65 
43 13.1317 -4.27652e-07 5529.62 0 0 0 33.2672 0 0 2.4737e-07 3.83764e-17 2.23475e-06 2.57494e-08 0.0730279 1.47829e-07 4.94095 15.0432 -4.14779e-07 5533.66 15.0432 -4.14779e-07 5533.66 
43.1 13.1 -4.25405e-07 5529.67 0 0 0 33.2672 0 0 2.47354e-07 -1.09324e-17 2.23476e-06 4.91769e-08 0.192652 -3.20345e-08 4.94096 15.0093 -4.60679e-07 5533.71 15.0093 -4.60679e-07 5533.71 
43.2 13.0699 -4.16597e-07 5529.55 0 0 0 33.2672 0 0 2.47336e-07 1.13501e-16 2.23487e-06 4.39716e-08 0.393353 -9.50052e-08 4.94094 14.9806 -4.6002e-07 5533.58 14.9806 -4.6002e-07 5533.58 
43.3 13.0606 -3.5575e-07 5529.62 0 0 0 33.2672 0 0 2.47336e-07 1.13501e-16 2.23487e-06 -1.29779e-08 0.250674 3.68536e-07 4.94094 14.9708 -2.99855e-07 5533.65 14.9708 -2.99855e-07 5533.65 
43.4 13.0357 -5.23766e-08 5529.47 0 0 0 33.2672 0 0 2.47327e-07 -1.56596e-16 2.23478e-06 -9.87133e-08 0.243325 1.13481e-06 4.94095 14.9429 2.17642e-08 5533.52 14.9429 2.17643e-08 5533.52 
43.5 13.0282 -1.82307e-09 5529.55 0 0 0 33.2672 0 0 2.47327e-07 -1.56596e-16 2.23478e-06 -1.38177e-07 0.173518 1.37741e-06 4.94095 14.9369 1.1397e-07 5533.58 14.9369 1.13969e-07 5533.58 
43.6 13.0102 -5.46487e-08 5529.48 0 0 0 33.2672 0 0 2.47315e-07 -2.78113e-16 2.23477e-06 -1.0911e-07 0.309906 1.05502e-06 4.94096 14.9177 1.64148e-08 5533.51 14.9177 1.64149e-08 5533.51 
43.7 13.0044 -1.07001e-07 5529.57 0 0 0 33.2672 0 0 2.47315e-07 -2.78113e-16 2.23477e-06 -5.1395e-08 0.186049 6.29186e-07 4.94096 14.9099 -1.47972e-07 5533.62 14.9099 -1.47972e-07 5533.62 
43.8 12.9914 -2.61516e-07 5529.44 0 0 0 33.2672 0 0 2.47304e-07 1.45406e-16 2.23467e-06 1.49013e-08 0.364589 1.37956e-07 4.94091 14.9013 -2.49837e-07 5533.45 14.9013 -2.49837e-07 5533.45 
43.9 12.9864 -2.99334e-07 5529.54 0 0 0 33.2672 0 0 2.47304e-07 1.45406e-16 2.23467e-06 4.28914e-08 0.272293 3.75122e-09 4.94091 14.8964 -2.99227e-07 5533.55 14.8964 -2.99227e-07 5533.55 
44 12.981 -4.44017e-08 5529.51 0 0 0 33.2672 0 0 2.473e-07 -1.34003e-16 2.2348e-06 1.35559e-09 0.147217 2.98069e-07 4.94093 14.8884 -1.18691e-07 5533.53 14.8884 -1.18691e-07 5533.53 
44.1 12.9758 -8.72754e-08 5529.57 0 0 0 33.2672 0 0 2.47296e-07 1.45235e-17 2.23499e-06 -4.88488e-09 0.128601 2.82379e-07 4.94092 14.8882 -1.12709e-07 5533.54 14.8882 -1.12709e-07 5533.54 
44.2 12.9738 -3.71744e-08 5529.61 0 0 0 33.2672 0 0 2.47293e-07 1.13657e-17 2.23501e-06 -2.63724e-08 0.0246787 4.10825e-07 4.94091 14.8828 -4.00037e-08 5533.61 14.8828 -4.00034e-08 5533.61 
44.3 12.9743 4.10095e-08 5529.61 0 0 0 33.2672 0 0 2.47291e-07 4.33386e-18 2.23504e-06 -3.86274e-08 0.0422599 4.76339e-07 4.9409 14.8834 3.71376e-08 5533.6 14.8834 3.71381e-08 5533.6 
44.4 12.9783 1.20585e-07 5529.53 0 0 0 33.2672 0 0 2.47286e-07 -1.87485e-18 2.2351e-06 -4.60282e-08 0.041725 4.63168e-07 4.94088 14.8874 1.15204e-07 5533.52 14.8874 1.15204e-07 5533.52 
44.5 12.9826 1.6941e-07 5529.5 0 0 0 33.2672 0 0 2.47284e-07 -2.23752e-18 2.23512e-06 -5.10803e-08 0.0613304 4.59165e-07 4.94087 14.8918 1.62745e-07 5533.5 14.8918 1.62745e-07 5533.5 
44.6 12.9879 2.15514e-07 5529.52 0 0 0 33.2672 0 0 2.47281e-07 -3.74784e-18 2.23516e-06 -5.59414e-08 0.0599219 4.44453e-07 4.94087 14.8975 2.085e-07 5533.51 14.8975 2.08499e-07 5533.51 
44.7 13.0007 3.20268e-07 5529.5 0 0 0 33.2672 0 0 2.47286e-07 -2.33195e-17 2.23513e-06 -7.89345e-08 -0.00409044 5.28158e-07 4.94086 14.9105 3.09816e-07 5533.49 14.9105 3.09815e-07 5533.49 
44.8 13.0044 3.77195e-07 5529.56 0 0 0 33.2672 0 0 2.47286e-07 -2.33195e-17 2.23513e-06 -9.84413e-08 0.0387104 6.40958e-07 4.94086 14.9145 3.74307e-07 5533.54 14.9145 3.74308e-07 5533.54 
44.9 13.02 5.38908e-07 5529.47 0 0 0 33.2672 0 0 2.47294e-07 -1.09789e-16 2.23502e-06 -3.51833e-08 0.0369502 7.06744e-07 4.94086 14.9304 5.08846e-07 5533.46 14.9304 5.08846e-07 5533.46 
45 13.0246 5.23066e-07 5529.51 0 0 0 33.2672 0 0 2.47294e-07 -1.09789e-16 2.23502e-06 -2.22165e-08 0.0954051 5.67822e-07 4.94086 14.9353 4.88428e-07 5533.49 14.9353 4.88429e-07 5533.49 
45.1 13.0404 9.62714e-07 5529.57 0 0 0 33.2672 0 0 2.47295e-07 -1.99859e-16 2.23521e-06 -2.83464e-07 -0.0237687 1.84774e-06 4.94085 14.9514 1.04413e-06 5533.55 14.9514 1.04413e-06 5533.55 
45.2 13.0562 1.23627e-06 5529.54 0 0 0 33.2672 0 0 2.47305e-07 -6.03466e-16 2.23481e-06 -2.10527e-07 -0.0691833 2.75188e-06 4.94084 14.9675 1.34903e-06 5533.52 14.9675 1.34903e-06 5533.52 
45.3 13.0619 1.06844e-06 5529.55 0 0 0 33.2672 0 0 2.47305e-07 -6.03466e-16 2.23481e-06 -8.32192e-08 0.00799022 1.64215e-06 4.94084 14.9735 9.81581e-07 5533.53 14.9735 9.81581e-07 5533.53 
45.4 13.0791 6.89037e-07 5529.58 0 0 0 33.2672 0 0 2.47309e-07 -7.33332e-17 2.23499e-06 -2.80027e-07 -0.0659465 4.43021e-07 4.94084 14.9908 6.73014e-07 5533.55 14.9908 6.73014e-07 5533.55 
45.5 13.1044 7.94991e-07 5529.69 0 0 0 33.2672 0 0 2.47333e-07 -1.76478e-16 2.23463e-06 -1.92642e-07 -0.262066 6.97053e-07 4.94084 15.0165 7.53575e-07 5533.67 15.0165 7.53575e-07 5533.67 
45.6 13.1102 8.47669e-07 5529.66 0 0 0 33.2672 0 0 2.47333e-07 -1.76478e-16 2.23463e-06 -1.87466e-07 -0.180529 7.12503e-07 4.94084 15.0224 7.8875e-07 5533.64 15.0224 7.8875e-07 5533.64 
45.7 13.1161 9.00343e-07 5529.63 0 0 0 33.2672 0 0 2.47333e-07 -1.76478e-16 2.23463e-06 -1.82289e-07 -0.0989926 7.27954e-07 4.94084 15.0283 8.23924e-07 5533.61 15.0283 8.23924e-07 5533.61 
45.8 13.1365 2.52545e-07 5529.72 0 0 0 33.2672 0 0 2.47323e-07 1.40113e-16 2.23526e-06 8.921e-09 -0.226208 -1.06216e-06 4.94084 15.0488 2.38194e-07 5533.7 15.0488 2.38194e-07 5533.7 
45.9 13.1415 -3.729e-08 5529.67 0 0 0 33.2672 0 0 2.47323e-07 1.40113e-16 2.23526e-06 1.23087e-07 -0.152933 -2.03218e-06 4.94084 15.0539 -1.52345e-07 5533.65 15.0539 -1.52345e-07 5533.65 
46 13.1464 -3.27154e-07 5529.62 0 0 0 33.2672 0 0 2.47323e-07 1.40113e-16 2.23526e-06 2.37255e-07 -0.0796575 -3.00225e-06 4.94084 15.059 -5.42905e-07 5533.61 15.059 -5.42904e-07 5533.61 
46.1 13.1592 4.8273e-07 5529.71 0 0 0 33.2672 0 0 2.47346e-07 4.63401e-16 2.23498e-06 -3.97528e-07 -0.294708 -1.35979e-06 4.94083 15.0718 3.10375e-07 5533.69 15.0718 3.10375e-07 5533.69 
46.2 13.1631 5.72233e-07 5529.65 0 0 0 33.2672 0 0 2.47346e-07 4.63401e-16 2.23498e-06 -3.76464e-07 -0.235431 -1.50137e-06 4.94083 15.0757 3.61996e-07 5533.64 15.0757 3.61995e-07 5533.64 
46.3 13.167 6.61743e-07 5529.59 0 0 0 33.2672 0 0 2.47346e-07 4.63401e-16 2.23498e-06 -3.554e-07 -0.176154 -1.64293e-06 4.94083 15.0796 4.13623e-07 5533.58 15.0796 4.13623e-07 5533.58 
46.4 13.1712 -8.62009e-07 5529.84 0 0 0 33.2672 0 0 2.47353e-07 1.75486e-16 2.23494e-06 6.49009e-07 -0.152692 -2.79143e-06 4.94085 15.0839 -1.24664e-06 5533.83 15.0839 -1.24664e-06 5533.83 
46.5 13.1725 -7.22307e-07 5529.79 0 0 0 33.2672 0 0 2.47353e-07 1.75486e-16 2.23494e-06 5.72776e-07 -0.129471 -2.17549e-06 4.94085 15.0852 -1.1228e-06 5533.78 15.0852 -1.1228e-06 5533.78 
46.6 13.1738 -5.82597e-07 5529.73 0 0 0 33.2672 0 0 2.47353e-07 1.75486e-16 2.23494e-06 4.96545e-07 -0.10625 -1.55954e-06 4.94085 15.0864 -9.98979e-07 5533.73 15.0864 -9.98979e-07 5533.73 
46.7 13.1751 -4.42891e-07 5529.68 0 0 0 33.2672 0 0 2.47353e-07 1.75486e-16 2.23494e-06 4.20315e-07 -0.083029 -9.43597e-07 4.94085 15.0876 -8.75156e-07 5533.67 15.0876 -8.75155e-07 5533.67 
46.8 13.1764 -3.03183e-07 5529.63 0 0 0 33.2672 0 0 2.47353e-07 1.75486e-16 2.23494e-06 3.44084e-07 -0.0598079 -3.27653e-07 4.94085 15.0888 -7.51341e-07 5533.62 15.0888 -7.51341e-07 5533.62 
46.9 13.1667 1.28645e-06 5529.83 0 0 0 33.2672 0 0 2.47368e-07 -2.15047e-16 2.23473e-06 1.78067e-07 -0.28697 2.02528e-06 4.94087 15.0793 8.37092e-07 5533.83 15.0793 8.37092e-07 5533.83 
47 13.1659 1.17165e-06 5529.8 0 0 0 33.2672 0 0 2.47368e-07 -2.15047e-16 2.23473e-06 1.54586e-07 -0.292264 2.11368e-06 4.94087 15.0785 9.37139e-07 5533.8 15.0785 9.37139e-07 5533.8 
47.1 13.165 1.05686e-06 5529.76 0 0 0 33.2672 0 0 2.47368e-07 -2.15047e-16 2.23473e-06 1.31103e-07 -0.297559 2.2021e-06 4.94087 15.0778 1.03719e-06 5533.76 15.0778 1.03719e-06 5533.76 
47.2 13.1642 9.4209e-07 5529.73 0 0 0 33.2672 0 0 2.47368e-07 -2.15047e-16 2.23473e-06 1.07616e-07 -0.302853 2.29054e-06 4.94087 15.077 1.13726e-06 5533.72 15.077 1.13726e-06 5533.72 
47.3 13.1634 8.27338e-07 5529.69 0 0 0 33.2672 0 0 2.47368e-07 -2.15047e-16 2.23473e-06 8.41278e-08 -0.308147 2.379e-06 4.94087 15.0762 1.23733e-06 5533.69 15.0762 1.23733e-06 5533.69 
