0 0.221264 0 -0.025 -0 -0.006 0 0 0 0 0 0 0 
0.1 0.221264 -1.73795e-37 -0.0234104 -9.46266e-41 -0.00512391 -5.56918e-39 0 0 0.0299806 -1.10585e-39 -0.0150004 -7.77112e-43 
0.2 0.221264 -1.73795e-37 -0.0195319 -2.15579e-40 -0.00317071 -5.56328e-39 0 0 0.0444747 -1.43372e-39 -0.0250247 -3.80305e-42 
0.3 0.221264 -8.12978e-37 -0.0152296 -1.01953e-40 -0.000560812 3.22186e-37 0 0 0.0394838 4.79006e-39 -0.0254358 4.2773e-41 
0.4 0.221264 -8.12978e-37 -0.0120786 -2.54441e-40 0.0016375 3.21833e-37 0 0 0.0215558 -9.32018e-39 -0.0179763 -4.06048e-41 
0.5 0.221264 -8.12978e-37 -0.0111766 -2.66109e-39 0.00287771 3.21662e-37 0 0 -0.00157533 -3.32774e-38 -0.00530035 -2.56719e-40 
0.6 0.221264 -8.12978e-37 -0.0122284 -7.56805e-39 0.00255788 3.21773e-37 0 0 -0.0181212 -6.00233e-38 0.00885379 -4.82255e-40 
0.7 0.221264 -8.12978e-37 -0.014443 -1.44952e-38 0.00107798 3.22081e-37 0 0 -0.0246274 -8.10448e-38 0.0199728 -5.53333e-40 
0.8 0.221264 -8.12978e-37 -0.0168154 -2.33776e-38 -0.00129735 3.22517e-37 0 0 -0.0217202 -9.14814e-38 0.0254874 -4.31768e-40 
0.9 0.221264 -8.12978e-37 -0.0185631 -3.32336e-38 -0.00403932 3.22969e-37 0 0 -0.0128736 -9.04263e-38 0.0249314 -2.14212e-40 
1 0.221264 -8.12978e-37 -0.019329 -4.13332e-38 -0.00613003 3.2328e-37 0 0 -0.00258853 -7.99536e-38 0.0194139 -2.49918e-41 
1.1 0.221264 -8.12978e-37 -0.0191741 -4.7785e-38 -0.00747728 3.23462e-37 0 0 0.00512066 -6.38529e-38 0.01094 6.42359e-41 
1.2 0.221264 -8.12978e-37 -0.0184367 -5.3437e-38 -0.00806886 3.23531e-37 0 0 0.00851717 -4.49992e-38 0.0010231 5.91709e-41 
1.3 0.221264 -8.12978e-37 -0.0176703 -5.69264e-38 -0.00770825 3.23476e-37 0 0 0.00593514 -2.88485e-38 -0.00747159 1.82751e-41 
1.4 0.221264 -8.12978e-37 -0.0174179 -5.92295e-38 -0.00659321 3.23326e-37 0 0 -0.00129827 -1.77338e-38 -0.0133198 -1.3105e-41 
1.5 0.221264 -8.12978e-37 -0.0179502 -6.06623e-38 -0.00515699 3.23139e-37 0 0 -0.00924498 -1.32318e-38 -0.0156902 -2.6494e-41 
1.6 0.221264 -8.12978e-37 -0.019182 -6.20156e-38 -0.00360389 3.22941e-37 0 0 -0.0147073 -1.46048e-38 -0.0149663 -4.06612e-41 
1.7 0.221264 -8.12978e-37 -0.0207381 -6.38744e-38 -0.00217538 3.22764e-37 0 0 -0.0157467 -2.01987e-38 -0.0120153 -7.29672e-41 
1.8 0.221264 -8.12978e-37 -0.0221919 -6.64567e-38 -0.00117838 3.22653e-37 0 0 -0.0128127 -2.81597e-38 -0.00781254 -1.24585e-40 
1.9 0.221264 -8.12978e-37 -0.0232436 -6.96153e-38 -0.000732567 3.22619e-37 0 0 -0.00811691 -3.8179e-38 -0.00252094 -1.88603e-40 
2 0.221264 -8.12978e-37 -0.0238208 -7.37806e-38 -0.000778879 3.22657e-37 0 0 -0.00360264 -4.89687e-38 0.0031782 -2.4371e-40 
2.1 0.221264 -8.12978e-37 -0.0239687 -7.94112e-38 -0.00138325 3.22772e-37 0 0 0.000467847 -5.74208e-38 0.00764161 -2.58663e-40 
2.2 0.221264 -8.12978e-37 -0.0237223 -8.51837e-38 -0.00221941 3.22908e-37 0 0 0.0043366 -5.98278e-38 0.00891215 -2.24217e-40 
2.3 0.221264 -8.12978e-37 -0.0231479 -9.1244e-38 -0.00307247 3.23038e-37 0 0 0.00668341 -5.69925e-38 0.00741651 -1.71399e-40 
2.4 0.221264 -8.12978e-37 -0.022459 -9.63797e-38 -0.00362682 3.23122e-37 0 0 0.0068282 -5.07439e-38 0.00412197 -1.26491e-40 
2.5 0.221264 -8.12978e-37 -0.0218352 -1.01212e-37 -0.0038016 3.23159e-37 0 0 0.00531176 -4.18467e-38 -0.000567723 -9.88814e-41 
2.6 0.221264 -8.12978e-37 -0.0214677 -1.0483e-37 -0.00350895 3.2314e-37 0 0 0.00184821 -3.35749e-38 -0.00492786 -8.83841e-41 
2.7 0.221264 -8.12978e-37 -0.0214935 -1.0816e-37 -0.00274557 3.23072e-37 0 0 -0.00232643 -2.77029e-38 -0.00802394 -8.80145e-41 
2.8 0.221264 -8.12978e-37 -0.0219127 -1.10483e-37 -0.00194092 3.22999e-37 0 0 -0.00585508 -2.511e-38 -0.00939169 -9.66012e-41 
2.9 0.221264 -8.12978e-37 -0.0226053 -1.13225e-37 -0.000933826 3.22911e-37 0 0 -0.00771074 -2.57444e-38 -0.00905667 -1.17455e-40 
3 0.221264 -8.12978e-37 -0.0233798 -1.15627e-37 -0.000210071 3.22854e-37 0 0 -0.00750587 -2.88114e-38 -0.00743666 -1.51509e-40 
3.1 0.221264 -8.12978e-37 -0.0240252 -1.18882e-37 0.000430114 3.22817e-37 0 0 -0.00537109 -3.34465e-38 -0.00498727 -1.95232e-40 
3.2 0.221264 -8.12978e-37 -0.0244106 -1.22986e-37 0.00081616 3.22817e-37 0 0 -0.00229854 -3.81817e-38 -0.00248423 -2.37388e-40 
3.3 0.221264 -8.12978e-37 -0.0244723 -1.2645e-37 0.000917962 3.22841e-37 0 0 0.00102134 -4.21235e-38 -0.000400284 -2.691e-40 
3.4 0.221264 -8.12978e-37 -0.0242325 -1.31163e-37 0.000870539 3.22892e-37 0 0 0.00363125 -4.48289e-38 0.00102995 -2.86398e-40 
3.5 0.221264 -8.12978e-37 -0.0237927 -1.35999e-37 0.000711866 3.22954e-37 0 0 0.0049627 -4.6109e-38 0.00170662 -2.89534e-40 
3.6 0.221264 -8.12978e-37 -0.0232904 -1.41008e-37 0.000529418 3.23019e-37 0 0 0.00491539 -4.59594e-38 0.00162751 -2.81726e-40 
3.7 0.221264 -8.12978e-37 -0.0228477 -1.44445e-37 0.000437956 3.23059e-37 0 0 0.00384544 -4.4531e-38 0.000872689 -2.67416e-40 
3.8 0.221264 -8.12978e-37 -0.0225394 -1.49383e-37 0.000417879 3.23106e-37 0 0 0.00229166 -4.21984e-38 -0.000359807 -2.51394e-40 
3.9 0.221264 -8.12978e-37 -0.0223927 -1.53044e-37 0.000524132 3.23131e-37 0 0 0.000661889 -3.96283e-38 -0.00171781 -2.38385e-40 
4 0.221264 -8.12978e-37 -0.0223975 -1.567e-37 0.000746271 3.23147e-37 0 0 -0.000685759 -3.74997e-38 -0.00284265 -2.31734e-40 
4.1 0.221264 -8.12978e-37 -0.0225054 -1.60464e-37 0.00107075 3.23157e-37 0 0 -0.00138002 -3.62394e-38 -0.00350872 -2.32746e-40 
4.2 0.221264 -8.12978e-37 -0.0226491 -1.64583e-37 0.00149404 3.23166e-37 0 0 -0.00139034 -3.57703e-38 -0.00375662 -2.4029e-40 
4.3 0.221264 -8.12978e-37 -0.0227649 -1.67739e-37 0.00181355 3.23175e-37 0 0 -0.000864596 -3.62401e-38 -0.00350813 -2.54794e-40 
4.4 0.221264 -8.12978e-37 -0.0228077 -1.71264e-37 0.00211631 3.23191e-37 0 0 9.00622e-06 -3.75089e-38 -0.00283701 -2.74668e-40 
4.5 0.221264 -8.12978e-37 -0.0227539 -1.7549e-37 0.00237327 3.23221e-37 0 0 0.00103334 -3.92352e-38 -0.00192381 -2.96524e-40 
4.6 0.221264 -8.12978e-37 -0.0225984 -1.79157e-37 0.00249468 3.23256e-37 0 0 0.00197246 -4.10281e-38 -0.000975209 -3.16408e-40 
4.7 0.221264 -8.12978e-37 -0.022362 -1.84367e-37 0.00254955 3.23315e-37 0 0 0.00272344 -4.2601e-38 -0.000143072 -3.31745e-40 
4.8 0.221264 -8.12978e-37 -0.0220635 -1.8768e-37 0.00252987 3.23357e-37 0 0 0.00320827 -4.37387e-38 0.000458872 -3.40808e-40 
4.9 0.221264 -8.12978e-37 -0.0217339 -1.92343e-37 0.00246234 3.23417e-37 0 0 0.00333474 -4.42997e-38 0.000755622 -3.43211e-40 
5 0.221264 -8.12978e-37 -0.0214124 -1.97441e-37 0.00237447 3.23484e-37 0 0 0.00305179 -4.43004e-38 0.000756003 -3.40287e-40 
5.1 0.221264 -8.12978e-37 -0.0211353 -2.00876e-37 0.00232609 3.23528e-37 0 0 0.00247303 -4.38646e-38 0.000525488 -3.3418e-40 
5.2 0.221264 -8.12978e-37 -0.0209186 -2.05508e-37 0.00228462 3.23585e-37 0 0 0.00185679 -4.3241e-38 0.0001957 -3.27495e-40 
5.3 0.221264 -8.12978e-37 -0.0207608 -2.10153e-37 0.00229235 3.23639e-37 0 0 0.00131275 -4.2413e-38 -0.000242178 -3.20725e-40 
5.4 0.221264 -8.12978e-37 -0.0206532 -2.13919e-37 0.00233302 3.23681e-37 0 0 0.000857771 -4.17816e-38 -0.000576069 -3.16988e-40 
5.5 0.221264 -8.12978e-37 -0.0205834 -2.18095e-37 0.00240165 3.23726e-37 0 0 0.000573168 -4.14473e-38 -0.000752808 -3.16582e-40 
5.6 0.221264 -8.12978e-37 -0.0205292 -2.22337e-37 0.00248169 3.23773e-37 0 0 0.000544145 -4.13922e-38 -0.000781935 -3.1886e-40 
5.7 0.221264 -8.12978e-37 -0.0204692 -2.26644e-37 0.00255529 3.23821e-37 0 0 0.000668541 -4.16661e-38 -0.000637075 -3.23749e-40 
5.8 0.221264 -8.12978e-37 -0.0203934 -2.31439e-37 0.00260452 3.23877e-37 0 0 0.000851877 -4.22498e-38 -0.000328378 -3.30509e-40 
5.9 0.221264 -8.12978e-37 -0.0202981 -2.35647e-37 0.00260938 3.23928e-37 0 0 0.00105338 -4.29638e-38 4.91926e-05 -3.37164e-40 
6 0.221264 -8.12978e-37 -0.0201844 -2.39541e-37 0.00258214 3.23977e-37 0 0 0.00121148 -4.36645e-38 0.000419712 -3.42311e-40 
6.1 0.221264 -8.12978e-37 -0.0200584 -2.43772e-37 0.00252329 3.2403e-37 0 0 0.00128612 -4.42181e-38 0.000712373 -3.44857e-40 
6.2 0.221264 -8.12978e-37 -0.0199307 -2.47931e-37 0.00244574 3.24083e-37 0 0 0.00125345 -4.45692e-38 0.000897981 -3.44728e-40 
6.3 0.221264 -8.12978e-37 -0.0198116 -2.52354e-37 0.00235281 3.24139e-37 0 0 0.00110852 -4.46935e-38 0.00096369 -3.42175e-40 
6.4 0.221264 -8.12978e-37 -0.0197138 -2.57041e-37 0.00225309 3.24198e-37 0 0 0.000857373 -4.46384e-38 0.000934576 -3.38056e-40 
6.5 0.221264 -8.12978e-37 -0.0196429 -2.61732e-37 0.00216004 3.24256e-37 0 0 0.000558436 -4.44697e-38 0.000845373 -3.33247e-40 
6.6 0.221264 -8.12978e-37 -0.0196036 -2.6574e-37 0.00209082 3.24304e-37 0 0 0.000266522 -4.42206e-38 0.000713762 -3.28275e-40 
6.7 0.221264 -8.12978e-37 -0.0195914 -2.70333e-37 0.00202528 3.24358e-37 0 0 2.19906e-05 -4.39647e-38 0.000578517 -3.23808e-40 
6.8 0.221264 -8.12978e-37 -0.0195989 -2.74445e-37 0.00197695 3.24406e-37 0 0 -0.000163958 -4.37527e-38 0.000466509 -3.20155e-40 
6.9 0.221264 -8.12978e-37 -0.0196215 -2.79248e-37 0.0019306 3.24462e-37 0 0 -0.000275229 -4.36135e-38 0.00039301 -3.1746e-40 
7 0.221264 -8.12978e-37 -0.019653 -2.83858e-37 0.00189046 3.24514e-37 0 0 -0.000336099 -4.35891e-38 0.000380099 -3.15842e-40 
7.1 0.221264 -8.12978e-37 -0.0196884 -2.87566e-37 0.0018563 3.24556e-37 0 0 -0.000359046 -4.36481e-38 0.000411255 -3.14818e-40 
7.2 0.221264 -8.12978e-37 -0.0197253 -2.92146e-37 0.00180957 3.24608e-37 0 0 -0.000373385 -4.37639e-38 0.00047241 -3.14055e-40 
7.3 0.221264 -8.12978e-37 -0.0197632 -2.96575e-37 0.00175751 3.24658e-37 0 0 -0.000384977 -4.38985e-38 0.000543467 -3.13187e-40 
7.4 0.221264 -8.12978e-37 -0.0198026 -3.00921e-37 0.00170026 3.24706e-37 0 0 -0.000404667 -4.40205e-38 0.000607869 -3.11956e-40 
7.5 0.221264 -8.12978e-37 -0.0198449 -3.05199e-37 0.00163852 3.24754e-37 0 0 -0.00044299 -4.41042e-38 0.000652046 -3.10204e-40 
7.6 0.221264 -8.12978e-37 -0.0198924 -3.097e-37 0.00157093 3.24803e-37 0 0 -0.000500602 -4.41273e-38 0.000664255 -3.07871e-40 
7.7 0.221264 -8.12978e-37 -0.0199466 -3.14596e-37 0.00149836 3.24856e-37 0 0 -0.000569327 -4.40847e-38 0.000641761 -3.05073e-40 
7.8 0.221264 -8.12978e-37 -0.020008 -3.19129e-37 0.00143664 3.24904e-37 0 0 -0.000639498 -4.3981e-38 0.000586991 -3.0199e-40 
7.9 0.221264 -8.12978e-37 -0.0200759 -3.23759e-37 0.00138139 3.24953e-37 0 0 -0.000705715 -4.38424e-38 0.000513844 -2.98912e-40 
8 0.221264 -8.12978e-37 -0.0201498 -3.27326e-37 0.00134497 3.2499e-37 0 0 -0.000758635 -4.36751e-38 0.000425567 -2.95958e-40 
8.1 0.221264 -8.12978e-37 -0.020228 -3.32399e-37 0.00130271 3.25043e-37 0 0 -0.000793006 -4.35098e-38 0.00033834 -2.93361e-40 
8.2 0.221264 -8.12978e-37 -0.0203083 -3.36219e-37 0.00127823 3.25083e-37 0 0 -0.000806578 -4.33615e-38 0.000260069 -2.91216e-40 
8.3 0.221264 -8.12978e-37 -0.0203886 -3.40313e-37 0.00125854 3.25125e-37 0 0 -0.000799569 -4.32389e-38 0.000195399 -2.89522e-40 
8.4 0.221264 -8.12978e-37 -0.0204675 -3.45851e-37 0.00123875 3.25182e-37 0 0 -0.00077797 -4.31415e-38 0.000144003 -2.88196e-40 
8.5 0.221264 -8.12978e-37 -0.0205434 -3.54139e-37 0.00121936 3.25267e-37 0 0 -0.000740522 -4.30693e-38 0.000105912 -2.87212e-40 
8.6 0.221264 -8.12978e-37 -0.0206147 -3.54139e-37 0.00121936 3.25267e-37 0 0 -0.000692692 -4.30151e-38 7.73389e-05 -2.86471e-40 
8.7 0.221264 -8.12978e-37 -0.0206809 -3.58813e-37 0.00121256 3.25315e-37 0 0 -0.000637986 -4.29737e-38 5.54806e-05 -2.85917e-40 
8.8 0.221264 -8.12978e-37 -0.0207417 -3.61702e-37 0.00120962 3.25345e-37 0 0 -0.000579508 -4.29402e-38 3.78508e-05 -2.85502e-40 
8.9 0.221264 -8.12978e-37 -0.0207959 -3.67068e-37 0.00120663 3.254e-37 0 0 -0.000518297 -4.29009e-38 1.71011e-05 -2.85126e-40 
9 0.221264 -8.12978e-37 -0.0208435 -3.72833e-37 0.00120786 3.25459e-37 0 0 -0.000464879 -4.28514e-38 -9.01586e-06 -2.84782e-40 
9.1 0.221264 -8.12978e-37 -0.0208861 -3.75794e-37 0.00121222 3.2549e-37 0 0 -0.000414807 -4.27944e-38 -3.90593e-05 -2.84488e-40 
9.2 0.221264 -8.12978e-37 -0.0209245 -3.79077e-37 0.00121729 3.25523e-37 0 0 -0.000365643 -4.27269e-38 -7.46542e-05 -2.84222e-40 
9.3 0.221264 -8.12978e-37 -0.0209582 -3.84509e-37 0.00123098 3.2558e-37 0 0 -0.000319454 -4.26553e-38 -0.000112387 -2.84064e-40 
9.4 0.221264 -8.12978e-37 -0.0209869 -3.88453e-37 0.00124412 3.25621e-37 0 0 -0.000275717 -4.25873e-38 -0.000148248 -2.84077e-40 
9.5 0.221264 -8.12978e-37 -0.0210118 -3.92016e-37 0.00125928 3.25658e-37 0 0 -0.000232322 -4.25241e-38 -0.000181585 -2.84231e-40 
9.6 0.221264 -8.12978e-37 -0.0210321 -3.96749e-37 0.0012823 3.25708e-37 0 0 -0.000186664 -4.24695e-38 -0.000210394 -2.8456e-40 
9.7 0.221264 -8.12978e-37 -0.0210478 -4.00198e-37 0.00130085 3.25745e-37 0 0 -0.000140227 -4.2426e-38 -0.000233323 -2.85059e-40 
9.8 0.221264 -8.12978e-37 -0.021059 -4.04546e-37 0.00132597 3.25791e-37 0 0 -9.15323e-05 -4.23933e-38 -0.000250521 -2.85703e-40 
9.9 0.221264 -8.12978e-37 -0.0210647 -4.10075e-37 0.00135976 3.2585e-37 0 0 -4.46018e-05 -4.23741e-38 -0.00026064 -2.86496e-40 
10 0.221264 -8.12978e-37 -0.0210658 -4.13759e-37 0.00138292 3.2589e-37 0 0 1.45097e-06 -4.2365e-38 -0.000265451 -2.87383e-40 
10.1 0.221264 -8.12978e-37 -0.0210628 -4.17003e-37 0.00140336 3.25925e-37 0 0 4.42106e-05 -4.23635e-38 -0.000266252 -2.88333e-40 
10.2 0.221264 -8.12978e-37 -0.0210558 -4.21512e-37 0.00143158 3.25974e-37 0 0 8.56557e-05 -4.2366e-38 -0.000264898 -2.8931e-40 
10.3 0.221264 -8.12978e-37 -0.021045 -4.25962e-37 0.0014592 3.26022e-37 0 0 0.000122107 -4.23722e-38 -0.000261642 -2.90305e-40 
10.4 0.221264 -8.12978e-37 -0.0210305 -4.29939e-37 0.0014833 3.26066e-37 0 0 0.000153972 -4.23823e-38 -0.0002563 -2.91313e-40 
10.5 0.221264 -8.12978e-37 -0.0210134 -4.35686e-37 0.00151735 3.26129e-37 0 0 0.000182849 -4.23933e-38 -0.000250543 -2.92309e-40 
10.6 0.221264 -8.12978e-37 -0.0209934 -4.3848e-37 0.00153344 3.2616e-37 0 0 0.000207803 -4.24058e-38 -0.00024391 -2.93293e-40 
10.7 0.221264 -8.12978e-37 -0.0209712 -4.42588e-37 0.00155659 3.26205e-37 0 0 0.000230893 -4.24177e-38 -0.000237666 -2.94249e-40 
10.8 0.221264 -8.12978e-37 -0.0209468 -4.47871e-37 0.00158529 3.26264e-37 0 0 0.000251347 -4.24368e-38 -0.000227597 -2.9523e-40 
10.9 0.221264 -8.12978e-37 -0.0209205 -4.51241e-37 0.00160268 3.26301e-37 0 0 0.000271064 -4.24557e-38 -0.000217589 -2.96177e-40 
11 0.221264 -8.12978e-37 -0.0208921 -4.55385e-37 0.00162307 3.26348e-37 0 0 0.000289675 -4.24776e-38 -0.000206034 -2.97105e-40 
11.1 0.221264 -8.12978e-37 -0.0208622 -4.60308e-37 0.0016458 3.26402e-37 0 0 0.000305641 -4.25031e-38 -0.000192596 -2.98018e-40 
11.2 0.221264 -8.12978e-37 -0.0208302 -4.64898e-37 0.00166486 3.26454e-37 0 0 0.000323593 -4.25319e-38 -0.000177444 -2.98893e-40 
11.3 0.221264 -8.12978e-37 -0.0207966 -4.68961e-37 0.00168019 3.26499e-37 0 0 0.0003398 -4.25625e-38 -0.000161291 -2.99727e-40 
11.4 0.221264 -8.12978e-37 -0.0207617 -4.72699e-37 0.0016931 3.26541e-37 0 0 0.00035421 -4.25949e-38 -0.000144223 -3.00522e-40 
11.5 0.221264 -8.12978e-37 -0.0207255 -4.76891e-37 0.00170602 3.26588e-37 0 0 0.000366249 -4.26288e-38 -0.000126339 -3.01269e-40 
11.6 0.221264 -8.12978e-37 -0.0206881 -4.81423e-37 0.00171759 3.26638e-37 0 0 0.000375721 -4.26643e-38 -0.00010762 -3.01948e-40 
11.7 0.221264 -8.12978e-37 -0.02065 -4.86196e-37 0.00172747 3.26692e-37 0 0 0.000382582 -4.26998e-38 -8.89095e-05 -3.0256e-40 
11.8 0.221264 -8.12978e-37 -0.0206114 -4.89699e-37 0.0017335 3.2673e-37 0 0 0.000387433 -4.27351e-38 -7.0278e-05 -3.03114e-40 
11.9 0.221264 -8.12978e-37 -0.0205725 -4.93568e-37 0.00173868 3.26773e-37 0 0 0.000389324 -4.27702e-38 -5.17966e-05 -3.03598e-40 
12 0.221264 -8.12978e-37 -0.0205335 -4.98259e-37 0.00174302 3.26825e-37 0 0 0.000390149 -4.28065e-38 -3.26616e-05 -3.04028e-40 
12.1 0.221264 -8.12978e-37 -0.0204949 -5.03765e-37 0.00174527 3.26886e-37 0 0 0.000384625 -4.28378e-38 -1.61809e-05 -3.04352e-40 
12.2 0.221264 -8.12978e-37 -0.0204569 -5.06508e-37 0.00174538 3.26916e-37 0 0 0.000377987 -4.28695e-38 5.0797e-07 -3.04614e-40 
12.3 0.221264 -8.12978e-37 -0.0204197 -5.11903e-37 0.00174386 3.26976e-37 0 0 0.000368564 -4.29004e-38 1.68121e-05 -3.04816e-40 
12.4 0.221264 -8.12978e-37 -0.0203836 -5.15898e-37 0.00174096 3.27019e-37 0 0 0.000355827 -4.29302e-38 3.25245e-05 -3.04946e-40 
12.5 0.221264 -8.12978e-37 -0.0203492 -5.19896e-37 0.00173646 3.27063e-37 0 0 0.000339981 -4.29587e-38 4.75336e-05 -3.05006e-40 
12.6 0.221264 -8.12978e-37 -0.0203161 -5.24089e-37 0.00173085 3.27108e-37 0 0 0.000322953 -4.29857e-38 6.17851e-05 -3.05009e-40 
12.7 0.221264 -8.12978e-37 -0.0202852 -5.29354e-37 0.00172202 3.27165e-37 0 0 0.000301551 -4.30093e-38 7.42202e-05 -3.04934e-40 
12.8 0.221264 -8.12978e-37 -0.0202563 -5.32301e-37 0.00171605 3.27197e-37 0 0 0.000279654 -4.30342e-38 8.72881e-05 -3.04821e-40 
12.9 0.221264 -8.12978e-37 -0.02023 -5.36605e-37 0.00170665 3.27243e-37 0 0 0.000253844 -4.30557e-38 9.86243e-05 -3.04639e-40 
13 0.221264 -8.12978e-37 -0.0202065 -5.4091e-37 0.00169604 3.27289e-37 0 0 0.000226774 -4.3075e-38 0.000108797 -3.04398e-40 
13.1 0.221264 -8.12978e-37 -0.0201857 -5.45073e-37 0.00168488 3.27333e-37 0 0 0.000196452 -4.30923e-38 0.000117924 -3.04109e-40 
13.2 0.221264 -8.12978e-37 -0.0201679 -5.50414e-37 0.00166952 3.2739e-37 0 0 0.000166344 -4.31067e-38 0.000125518 -3.03767e-40 
13.3 0.221264 -8.12978e-37 -0.0201534 -5.53816e-37 0.00165926 3.27426e-37 0 0 0.000133061 -4.31191e-38 0.000132017 -3.03383e-40 
13.4 0.221264 -8.12978e-37 -0.0201421 -5.58086e-37 0.00164587 3.27471e-37 0 0 9.99247e-05 -4.31286e-38 0.000137042 -3.02958e-40 
13.5 0.221264 -8.12978e-37 -0.0201345 -5.62953e-37 0.00163004 3.27522e-37 0 0 6.62222e-05 -4.31355e-38 0.000140678 -3.02496e-40 
13.6 0.221264 -8.12978e-37 -0.0201299 -5.66793e-37 0.00161743 3.27562e-37 0 0 3.24895e-05 -4.31394e-38 0.000142712 -3.02001e-40 
13.7 0.221264 -8.12978e-37 -0.0201286 -5.7154e-37 0.0016016 3.27611e-37 0 0 -1.91367e-06 -4.31419e-38 0.000144046 -3.0149e-40 
13.8 0.221264 -8.12978e-37 -0.0201309 -5.75562e-37 0.00158821 3.27653e-37 0 0 -3.5918e-05 -4.31408e-38 0.000143419 -3.0095e-40 
13.9 0.221264 -8.12978e-37 -0.0201367 -5.79583e-37 0.00157494 3.27695e-37 0 0 -6.90696e-05 -4.31373e-38 0.000141605 -3.00399e-40 
14 0.221264 -8.12978e-37 -0.020146 -5.84943e-37 0.00155769 3.2775e-37 0 0 -0.000101588 -4.31315e-38 0.000138513 -2.9984e-40 
14.1 0.221264 -8.12978e-37 -0.0201581 -5.88749e-37 0.00154573 3.2779e-37 0 0 -0.00013262 -4.31237e-38 0.000134437 -2.99279e-40 
14.2 0.221264 -8.12978e-37 -0.0201733 -5.9373e-37 0.00153072 3.27841e-37 0 0 -0.000162473 -4.31139e-38 0.000129286 -2.98722e-40 
14.3 0.221264 -8.12978e-37 -0.0201912 -5.97222e-37 0.0015206 3.27877e-37 0 0 -0.000190834 -4.31031e-38 0.000123575 -2.98176e-40 
14.4 0.221264 -8.12978e-37 -0.020212 -6.02586e-37 0.00150591 3.27932e-37 0 0 -0.000217551 -4.30895e-38 0.000116418 -2.97635e-40 
14.5 0.221264 -8.12978e-37 -0.0202353 -6.0565e-37 0.0014981 3.27964e-37 0 0 -0.00024097 -4.30747e-38 0.000108638 -2.97114e-40 
14.6 0.221264 -8.12978e-37 -0.0202613 -6.10244e-37 0.0014874 3.28011e-37 0 0 -0.000264196 -4.30589e-38 0.000100332 -2.96621e-40 
14.7 0.221264 -8.12978e-37 -0.0202892 -6.16367e-37 0.00147423 3.28075e-37 0 0 -0.000281696 -4.30409e-38 9.08459e-05 -2.96145e-40 
14.8 0.221264 -8.12978e-37 -0.0203188 -6.19427e-37 0.00146862 3.28106e-37 0 0 -0.000297211 -4.30221e-38 8.09113e-05 -2.95699e-40 
14.9 0.221264 -8.12978e-37 -0.0203493 -6.22684e-37 0.00146356 3.2814e-37 0 0 -0.000311463 -4.30022e-38 7.04833e-05 -2.95276e-40 
15 0.221264 -8.12978e-37 -0.0203812 -6.2817e-37 0.00145552 3.28197e-37 0 0 -0.000321979 -4.2982e-38 5.98265e-05 -2.9489e-40 
15.1 0.221264 -8.12978e-37 -0.0204139 -6.314e-37 0.00145178 3.28231e-37 0 0 -0.000328511 -4.29608e-38 4.86727e-05 -2.94538e-40 
15.2 0.221264 -8.12978e-37 -0.0204473 -6.35718e-37 0.0014475 3.28276e-37 0 0 -0.000335446 -4.29402e-38 3.78197e-05 -2.94231e-40 
15.3 0.221264 -8.12978e-37 -0.020481 -6.40033e-37 0.0014445 3.28321e-37 0 0 -0.000337612 -4.29191e-38 2.67578e-05 -2.93963e-40 
15.4 0.221264 -8.12978e-37 -0.0205147 -6.44729e-37 0.00144262 3.28371e-37 0 0 -0.000336781 -4.28985e-38 1.59103e-05 -2.93739e-40 
15.5 0.221264 -8.12978e-37 -0.0205482 -6.49391e-37 0.00144187 3.2842e-37 0 0 -0.000333953 -4.28781e-38 5.19108e-06 -2.93555e-40 
15.6 0.221264 -8.12978e-37 -0.0205809 -6.53028e-37 0.0014424 3.28459e-37 0 0 -0.000325105 -4.28578e-38 -5.52184e-06 -2.93419e-40 
15.7 0.221264 -8.12978e-37 -0.0206123 -6.60298e-37 0.00144493 3.28536e-37 0 0 -0.000313801 -4.28385e-38 -1.5648e-05 -2.9333e-40 
15.8 0.221264 -8.12978e-37 -0.0206424 -6.6393e-37 0.00144758 3.28575e-37 0 0 -0.000300106 -4.28202e-38 -2.52675e-05 -2.93285e-40 
15.9 0.221264 -8.12978e-37 -0.0206709 -6.67562e-37 0.00145089 3.28614e-37 0 0 -0.000283997 -4.28032e-38 -3.42051e-05 -2.93281e-40 
16 0.221264 -8.12978e-37 -0.0206981 -6.70338e-37 0.00145419 3.28644e-37 0 0 -0.000266328 -4.27877e-38 -4.24071e-05 -2.93311e-40 
